0	0.0000	0.0000	0.0000	0.0000	0.0000	0.0000	0.0000	0.0000	0.0000
0	0.0000	0.0000	0.0000	0.0000	0.0000	0.0000	0.0000	0.0000	0.0000
0	0.0000	0.0000	0.0000	0.0000	0.0000	0.0000	0.0000	0.0000	0.0000
0	-0.0108	0.1503	0.1551	0.0699	0.0482	-0.0322	-0.2839	0.6627	-1.4361
1	0.1678	-0.0223	0.1118	0.0459	-0.0267	0.0517	0.9211	1.5584	-0.1299
2	-0.0207	-0.2067	-0.0328	0.0756	-0.0368	0.0443	-0.1134	0.5985	1.6505
0	-0.0099	0.1530	0.1549	0.0619	0.0810	0.0124	-0.2628	0.4594	-1.6437
1	0.1714	-0.0247	0.1134	0.0289	-0.0459	0.1124	1.0962	1.5195	-0.1723
2	-0.0209	-0.2089	-0.0332	0.0484	-0.0538	-0.0110	0.1144	0.6541	1.4912
0	-0.0094	0.1575	0.1551	0.0375	0.0148	-0.0753	-0.0777	-0.1004	-1.9628
1	0.1736	-0.0232	0.1131	0.0672	0.0632	-0.0935	1.1763	1.5722	-0.1939
2	-0.0227	-0.2132	-0.0334	0.0410	-0.0937	0.0166	0.0470	0.3610	1.6388
0	-0.0114	0.1557	0.1573	-0.0453	0.0476	-0.0042	-0.7054	1.0496	-1.1213
1	0.1719	-0.0224	0.1170	-0.1690	0.0744	0.1141	1.0366	1.5969	-0.4929
2	-0.0204	-0.2126	-0.0315	-0.0330	0.0436	0.0666	0.0733	0.4949	1.8190
0	-0.0078	0.1640	0.1666	-0.1871	0.3287	0.0632	-0.1929	-0.1156	-1.3643
1	0.1817	-0.0292	0.1340	-0.1435	0.1143	0.3072	1.1852	1.0564	-0.2407
2	-0.0227	-0.2170	-0.0246	-0.2054	-0.2496	-0.0877	0.5983	0.5970	1.1506
0	-0.0089	0.1780	0.1738	0.0032	0.3200	-0.1904	0.2899	-0.9861	-2.6802
1	0.1958	-0.0239	0.1357	0.2700	0.1393	0.3359	2.0042	1.2481	0.2914
2	-0.0266	-0.2300	-0.0140	-0.1224	-0.3224	0.0459	-0.1254	-0.1986	1.6042
0	-0.0197	0.1961	0.1696	0.1866	0.4314	-0.2476	-0.3346	0.5218	-2.3234
1	0.2142	-0.0108	0.1224	0.2976	0.0405	0.4361	1.7691	1.8753	-0.0597
2	-0.0196	-0.2467	-0.0131	0.1671	-0.4061	0.2415	-0.6499	-0.4206	2.6597
0	-0.0296	0.2153	0.1624	0.2076	0.3503	-0.2876	-0.2508	0.1748	-2.4731
1	0.2323	0.0023	0.1072	0.3485	0.0604	0.3310	1.5131	2.0111	-0.2312
2	-0.0115	-0.2669	-0.0188	0.2133	-0.3927	0.2096	0.0036	0.4939	2.4304
0	-0.0395	0.2285	0.1558	0.1667	0.2598	-0.2467	-0.4051	0.5714	-2.3676
1	0.2475	0.0147	0.0935	0.2295	0.0429	0.2998	1.4620	2.1385	-0.3038
2	-0.0022	-0.2827	-0.0259	0.2035	-0.3017	0.2261	0.0659	0.6481	2.3858
0	-0.0455	0.2419	0.1517	0.1238	0.3414	-0.1219	-0.4942	0.5752	-2.4958
1	0.2631	0.0196	0.0880	0.1652	0.0053	0.3823	1.8286	2.2175	-0.4044
2	0.0045	-0.2947	-0.0306	0.1321	-0.3080	0.1099	0.2532	0.8407	2.3344
0	-0.0488	0.2592	0.1476	0.1605	0.4159	-0.0801	-0.5483	0.5453	-2.8574
1	0.2817	0.0216	0.0840	0.1475	-0.0663	0.4243	1.9521	2.2797	-0.4006
2	0.0075	-0.3122	-0.0345	0.1415	-0.4017	0.0638	0.2251	0.5578	2.6678
0	-0.0492	0.2784	0.1429	0.1262	0.3935	-0.0360	-0.6656	0.2108	-2.6644
1	0.2993	0.0205	0.0828	0.0815	-0.0312	0.3306	1.8852	2.2324	-0.5876
2	0.0072	-0.3316	-0.0390	0.1330	-0.4198	-0.0108	0.2655	0.5901	2.8025
0	-0.0497	0.2944	0.1417	0.0464	0.3023	-0.0021	-0.7911	0.5850	-2.9235
1	0.3128	0.0193	0.0848	-0.0174	-0.0402	0.3066	1.9898	2.4019	-0.6498
2	0.0066	-0.3465	-0.0407	0.0506	-0.3027	0.0201	0.4747	0.5793	2.7596
0	-0.0478	0.3070	0.1433	0.0179	0.2556	-0.0096	-0.4622	-0.1314	-3.1204
1	0.3252	0.0165	0.0897	0.0209	0.0162	0.2194	2.2065	2.3195	-0.5466
2	0.0044	-0.3606	-0.0399	0.0072	-0.2932	-0.0600	0.4528	0.6586	2.9493
0	-0.0485	0.3174	0.1448	0.0291	0.2430	-0.0547	-0.5087	0.0431	-3.2408
1	0.3344	0.0170	0.0916	0.0390	0.0183	0.2576	2.4042	2.3179	-0.4537
2	0.0033	-0.3715	-0.0380	0.0048	-0.2319	0.0249	0.2172	0.2796	3.1017
0	-0.0497	0.3307	0.1454	0.0410	0.3552	-0.0569	-0.6482	0.0787	-3.3247
1	0.3500	0.0174	0.0935	0.0352	0.0337	0.3422	2.6221	2.5132	-0.6134
2	0.0036	-0.3828	-0.0369	0.0309	-0.3229	0.0174	0.2075	0.2527	3.2569
0	-0.0512	0.3457	0.1468	0.0135	0.2922	-0.0506	-0.6182	0.0998	-3.9540
1	0.3633	0.0183	0.0960	0.0475	0.0347	0.2390	2.6974	2.8712	-0.5847
2	0.0037	-0.3983	-0.0358	-0.0052	-0.3357	0.0174	0.3888	0.3703	3.4778
0	-0.0533	0.3567	0.1473	0.0519	0.2300	-0.0893	-0.5669	0.0168	-3.7634
1	0.3736	0.0206	0.0956	0.0954	0.0336	0.2566	2.8622	2.7494	-0.5070
2	0.0045	-0.4108	-0.0346	0.0289	-0.2170	0.0562	0.2297	0.5025	3.8925
0	-0.0567	0.3699	0.1458	0.0850	0.3478	-0.1286	-0.6822	0.0784	-3.9823
1	0.3878	0.0245	0.0937	0.1363	0.0585	0.3403	3.0445	2.8697	-0.5877
2	0.0068	-0.4237	-0.0352	0.0571	-0.3293	0.0881	0.2078	0.2084	3.8279
0	-0.0605	0.3883	0.1421	0.1423	0.3657	-0.0973	-0.7357	0.3404	-4.1670
1	0.4032	0.0274	0.0907	0.1167	-0.0574	0.3449	2.9428	3.0619	-0.5184
2	0.0100	-0.4405	-0.0371	0.0923	-0.3719	0.0891	0.2532	0.4061	4.0602
0	-0.0589	0.4050	0.1388	0.1152	0.3608	0.0190	-0.5906	-0.1648	-4.0748
1	0.4197	0.0237	0.0919	0.0483	-0.0640	0.3020	3.0542	2.9000	-0.5667
2	0.0100	-0.4575	-0.0405	0.1014	-0.3772	-0.0562	0.3232	0.6983	4.0561
0	-0.0571	0.4182	0.1373	0.0955	0.2156	-0.0345	-0.4668	-0.3879	-4.3164
1	0.4302	0.0222	0.0924	0.0769	0.0018	0.1748	3.2245	2.8773	-0.5202
2	0.0068	-0.4728	-0.0423	0.0754	-0.2431	-0.0211	0.1713	0.3042	4.1991
0	-0.0590	0.4278	0.1362	0.0516	0.2338	-0.0997	-0.7480	-0.0260	-4.3871
1	0.4397	0.0246	0.0914	0.0879	0.0308	0.2092	3.3225	3.0140	-0.7059
2	0.0065	-0.4819	-0.0438	0.0505	-0.2234	0.0600	0.2205	0.0737	4.2055
0	-0.0615	0.4376	0.1354	0.0475	0.1938	-0.0858	-0.7756	-0.1918	-4.4253
1	0.4484	0.0272	0.0906	0.0744	0.0635	0.1830	3.4068	3.0581	-0.8181
2	0.0087	-0.4931	-0.0447	0.0473	-0.2101	0.0566	0.4035	0.3524	4.4145
0	-0.0653	0.4473	0.1357	0.0222	0.2484	-0.0780	-0.9428	0.0143	-4.6884
1	0.4585	0.0301	0.0910	0.0475	0.0297	0.2507	3.6066	3.1415	-0.8218
2	0.0112	-0.5016	-0.0450	0.0120	-0.2096	0.0794	0.5061	0.1524	4.4851
0	-0.0675	0.4581	0.1364	0.0264	0.2066	-0.0824	-0.6366	-0.4589	-4.9399
1	0.4692	0.0324	0.0917	0.0981	0.0558	0.1789	3.6828	3.2014	-0.7150
2	0.0129	-0.5125	-0.0445	0.0064	-0.2351	0.0353	0.4830	0.2653	4.7023
0	-0.0715	0.4682	0.1348	0.0778	0.2706	-0.1234	-0.7837	-0.0819	-4.6249
1	0.4805	0.0363	0.0897	0.0747	0.0356	0.3380	3.8974	3.1135	-0.6338
2	0.0155	-0.5222	-0.0449	0.0618	-0.2186	0.1167	0.2048	0.0222	4.9098
0	-0.0739	0.4867	0.1346	0.0351	0.4182	-0.1116	-0.6816	-0.6596	-5.0177
1	0.4974	0.0387	0.0911	0.1177	0.0910	0.3361	3.8904	3.1187	-0.7301
2	0.0177	-0.5380	-0.0458	-0.0052	-0.4367	0.0292	0.4175	-0.0870	4.6625
0	-0.0797	0.5028	0.1300	0.1557	0.2826	-0.2400	-0.8566	-0.5892	-5.0797
1	0.5109	0.0471	0.0841	0.2051	0.0930	0.2698	3.8948	3.1614	-0.7772
2	0.0213	-0.5559	-0.0463	0.0982	-0.3191	0.1922	0.1945	-0.0417	5.0334
0	-0.0865	0.5190	0.1244	0.0851	0.3577	-0.1612	-1.0269	-0.6430	-5.4834
1	0.5280	0.0533	0.0802	0.1928	0.0701	0.3624	4.4626	3.2966	-0.9856
2	0.0285	-0.5720	-0.0521	0.0690	-0.3622	0.1422	0.5256	-0.0632	5.1122
0	-0.0925	0.5359	0.1186	0.1477	0.3166	-0.1943	-1.0765	-0.5401	-5.6664
1	0.5435	0.0588	0.0741	0.2058	0.0274	0.3034	4.5022	3.4819	-0.9833
2	0.0336	-0.5896	-0.0562	0.1240	-0.3256	0.1630	0.5302	-0.2620	5.6630
0	-0.0963	0.5505	0.1131	0.0946	0.2990	-0.1255	-1.0665	-0.4129	-5.3141
1	0.5575	0.0621	0.0710	0.1343	0.0413	0.2773	4.2776	3.4988	-1.1325
2	0.0377	-0.6055	-0.0623	0.1101	-0.3224	0.0954	0.7003	0.0599	5.4998
0	-0.1002	0.5624	0.1111	0.0284	0.2109	-0.1273	-1.0241	-0.3812	-5.6118
1	0.5678	0.0660	0.0698	0.0926	0.0551	0.1889	4.2708	3.6808	-1.0574
2	0.0406	-0.6187	-0.0653	0.0346	-0.2367	0.0970	0.7600	0.1355	5.4378
0	-0.1030	0.5714	0.1096	0.0753	0.1338	-0.0767	-0.9733	-0.3967	-5.7962
1	0.5753	0.0680	0.0687	0.1051	0.0157	0.0905	4.3308	3.8836	-0.9555
2	0.0434	-0.6279	-0.0667	0.0613	-0.1845	0.0544	0.5625	0.3384	5.7536
0	-0.1047	0.5762	0.1078	0.0747	0.1023	-0.0656	-1.2329	-0.2124	-5.7815
1	0.5798	0.0693	0.0672	0.0879	-0.0062	0.0759	4.4282	3.8689	-1.1631
2	0.0449	-0.6342	-0.0692	0.0652	-0.0932	0.0520	0.6006	0.3525	5.8412
0	-0.1053	0.5800	0.1068	0.0544	0.0778	0.0059	-1.3456	-0.0368	-5.6126
1	0.5835	0.0683	0.0675	0.0359	-0.0562	0.0942	4.3904	3.8287	-1.2566
2	0.0456	-0.6382	-0.0714	0.0642	-0.0658	0.0172	0.7937	0.2840	5.8465
0	-0.1035	0.5838	0.1073	0.0554	0.1021	0.0213	-1.1486	-0.8840	-5.5649
1	0.5880	0.0657	0.0693	0.0290	-0.0206	0.0542	4.6708	3.3635	-1.1881
2	0.0438	-0.6417	-0.0724	0.0596	-0.0853	-0.0417	0.8557	0.1876	5.7364
0	-0.1036	0.5873	0.1080	0.0191	0.1053	-0.0377	-1.1686	-0.7231	-5.4983
1	0.5920	0.0660	0.0705	0.0249	-0.0117	0.1815	4.9201	3.3337	-1.1786
2	0.0423	-0.6453	-0.0726	0.0271	-0.0525	0.0247	0.7198	-0.4393	5.6829
0	-0.1034	0.5959	0.1092	0.0493	0.2643	0.0156	-1.1411	-0.7652	-5.9213
1	0.6026	0.0643	0.0734	0.0312	-0.0137	0.2224	5.0149	3.5520	-1.0978
2	0.0421	-0.6516	-0.0724	0.0306	-0.2304	-0.0348	0.7377	-0.3993	5.8387
0	-0.1037	0.6054	0.1096	0.0318	0.1424	-0.0552	-1.0528	-0.8038	-5.9362
1	0.6103	0.0650	0.0743	0.0375	0.0135	0.1447	4.8900	3.6149	-1.0808
2	0.0409	-0.6615	-0.0723	0.0379	-0.1844	0.0247	0.5997	-0.3582	6.0655
0	-0.1046	0.6130	0.1115	-0.0041	0.2086	0.0040	-1.0735	-0.8852	-6.0692
1	0.6190	0.0648	0.0781	0.0208	0.0231	0.1925	5.1855	3.5876	-1.0550
2	0.0415	-0.6687	-0.0723	-0.0035	-0.1775	-0.0093	0.6556	-0.2325	6.0005
0	-0.1069	0.6229	0.1115	0.0862	0.2149	-0.1348	-1.0581	-1.0463	-6.3851
1	0.6283	0.0672	0.0773	0.1596	0.0109	0.2434	5.3715	3.6499	-0.9659
2	0.0416	-0.6780	-0.0711	0.0259	-0.1855	0.0593	0.4900	-0.6070	6.3133
0	-0.1082	0.6359	0.1074	0.1082	0.3408	-0.0437	-1.2025	-0.8118	-5.9464
1	0.6438	0.0672	0.0760	0.0940	0.0102	0.2947	5.1925	3.6530	-1.1735
2	0.0432	-0.6893	-0.0749	0.1207	-0.3068	0.0391	0.5157	-0.3983	6.3475
0	-0.1106	0.6486	0.1056	0.0254	0.1778	-0.1348	-1.0334	-1.2621	-6.4674
1	0.6532	0.0710	0.0752	0.1042	0.0915	0.1201	5.3229	3.7140	-1.1669
2	0.0435	-0.7043	-0.0776	0.0288	-0.2238	0.0796	0.7609	-0.3900	6.1929
0	-0.1154	0.6561	0.1036	0.0444	0.1956	-0.1309	-1.1982	-1.2065	-6.4752
1	0.6611	0.0754	0.0738	0.1200	0.0634	0.2303	5.7313	3.6676	-1.1656
2	0.0477	-0.7120	-0.0796	0.0333	-0.1576	0.1121	0.6095	-0.5167	6.5593
0	-0.1197	0.6673	0.1002	0.0962	0.2124	-0.1675	-1.1278	-1.3041	-6.8531
1	0.6723	0.0800	0.0700	0.1951	0.0612	0.1766	5.7566	3.8263	-1.1482
2	0.0512	-0.7218	-0.0822	0.0699	-0.2414	0.1163	0.6440	-0.7131	6.7075
0	-0.1240	0.6769	0.0942	0.1286	0.1721	-0.1474	-1.3992	-0.7656	-6.7018
1	0.6844	0.0805	0.0682	0.0993	-0.0395	0.2467	5.5926	3.9546	-1.2367
2	0.0553	-0.7322	-0.0876	0.1217	-0.1850	0.1456	0.5916	-0.6106	6.8982
0	-0.1262	0.6845	0.0894	0.0997	0.1595	-0.0928	-1.4307	-0.4595	-6.3842
1	0.6937	0.0803	0.0676	0.0387	-0.0367	0.2058	5.3689	4.0931	-1.3510
2	0.0578	-0.7408	-0.0934	0.1149	-0.1600	0.0988	0.8571	-0.2045	6.7140
0	-0.1255	0.6922	0.0904	0.0024	0.1986	0.0354	-1.1358	-1.3519	-6.7007
1	0.7045	0.0772	0.0737	-0.0103	-0.0112	0.2351	5.8352	3.8402	-1.2074
2	0.0581	-0.7486	-0.0957	0.0158	-0.1892	-0.0424	0.9833	-0.0016	6.4768
0	-0.1267	0.7009	0.0904	0.0747	0.1413	-0.0952	-1.2193	-1.2714	-7.0373
1	0.7122	0.0783	0.0735	0.1004	-0.0054	0.1308	6.0731	3.8652	-1.1180
2	0.0573	-0.7567	-0.0945	0.0438	-0.1817	0.0659	0.6269	-0.8379	6.9022
0	-0.1277	0.7075	0.0879	0.0584	0.1240	-0.0119	-1.5794	-0.4524	-6.4448
1	0.7177	0.0783	0.0733	0.0163	-0.0400	0.0919	5.5380	4.1130	-1.3901
2	0.0587	-0.7644	-0.0978	0.0836	-0.1335	0.0614	0.6337	-0.6592	7.0523
0	-0.1270	0.7096	0.0886	0.0532	0.0060	-0.0250	-1.3182	-1.3260	-6.6887
1	0.7189	0.0775	0.0742	0.0701	-0.0105	0.0066	5.6471	3.9008	-1.3719
2	0.0579	-0.7687	-0.0988	0.0408	-0.0258	-0.0065	1.0365	-0.0492	6.6688
0	-0.1280	0.7115	0.0869	0.0698	0.0897	-0.0498	-1.5860	-0.8182	-6.4085
1	0.7219	0.0783	0.0732	0.0371	-0.0022	0.0791	5.7473	3.8479	-1.4632
2	0.0583	-0.7694	-0.1006	0.0771	-0.0380	0.0622	0.8459	-0.7210	6.7910
0	-0.1292	0.7140	0.0870	0.0299	0.0223	-0.0795	-1.4444	-1.4168	-6.8824
1	0.7235	0.0800	0.0732	0.0851	0.0433	0.0240	5.8395	3.9607	-1.4960
2	0.0589	-0.7727	-0.1022	0.0218	-0.0459	0.0245	1.0743	-0.4667	6.6591
0	-0.1311	0.7169	0.0856	0.0755	0.1064	-0.0308	-1.7318	-0.6883	-6.8141
1	0.7271	0.0809	0.0725	0.0360	-0.0464	0.1062	5.9409	4.0762	-1.4572
2	0.0612	-0.7743	-0.1039	0.0592	-0.0725	0.0655	0.9819	-0.5718	6.9940
0	-0.1307	0.7203	0.0863	0.0086	0.0330	-0.0148	-1.3503	-1.5789	-6.7376
1	0.7296	0.0805	0.0745	-0.0001	0.0027	0.0301	6.0488	3.8155	-1.4038
2	0.0606	-0.7787	-0.1053	0.0348	-0.0682	-0.0148	1.0624	-0.4296	6.9383
0	-0.1300	0.7227	0.0884	0.0362	0.1352	0.0675	-1.4155	-1.2471	-6.7977
1	0.7341	0.0778	0.0787	-0.0720	-0.0714	0.1785	6.2776	3.7854	-1.2644
2	0.0605	-0.7803	-0.1045	0.0195	-0.0757	-0.0440	0.8744	-0.7326	6.9988
0	-0.1269	0.7308	0.0938	-0.0404	0.2897	0.1347	-1.2749	-1.6047	-6.9963
1	0.7449	0.0731	0.0882	-0.0916	-0.0933	0.3632	6.6334	3.6814	-1.2180
2	0.0569	-0.7868	-0.1016	-0.0500	-0.2220	-0.1370	0.9057	-0.9276	6.9282
0	-0.1218	0.7486	0.0976	0.1185	0.5153	0.1127	-1.2282	-1.4438	-7.2030
1	0.7656	0.0665	0.0950	-0.0065	-0.1502	0.5473	6.6927	3.8308	-1.0701
2	0.0518	-0.7995	-0.0966	0.0500	-0.4279	-0.1509	0.6070	-1.2333	7.3096
0	-0.1155	0.7737	0.0985	0.0870	0.4661	0.0605	-1.2004	-1.8233	-7.3207
1	0.7867	0.0613	0.1003	-0.0060	-0.0599	0.3568	6.4498	3.9947	-1.3331
2	0.0436	-0.8235	-0.0960	0.0905	-0.5292	-0.1389	0.6321	-1.1199	7.3656
0	-0.1145	0.7862	0.0996	0.0345	0.0546	-0.0445	-1.2182	-1.8728	-8.0099
1	0.7931	0.0613	0.1025	0.0515	0.0057	0.0306	6.5989	4.3136	-1.2804
2	0.0393	-0.8421	-0.0953	0.0194	-0.1533	-0.0077	0.7593	-0.7161	7.6090
0	-0.1151	0.7880	0.0991	0.0590	0.0448	-0.0225	-1.3726	-1.5992	-7.6573
1	0.7952	0.0612	0.1028	0.0438	-0.0254	0.0500	6.9578	4.1482	-1.2780
2	0.0398	-0.8449	-0.0967	0.0531	-0.0272	0.0211	0.6888	-0.7978	7.9808
0	-0.1155	0.7905	0.0984	0.0483	0.0390	-0.0764	-0.9767	-2.1327	-7.5029
1	0.7975	0.0621	0.1024	0.0911	0.0383	0.0274	6.9587	3.8622	-1.1153
2	0.0395	-0.8474	-0.0984	0.0505	-0.0480	0.0318	0.6944	-1.1170	7.7052
0	-0.1173	0.7941	0.0953	0.1327	0.1446	-0.0609	-1.4232	-1.1287	-7.4588
1	0.8038	0.0626	0.0999	0.1027	-0.0603	0.1977	6.8458	4.0369	-1.1104
2	0.0413	-0.8500	-0.1016	0.0938	-0.0783	0.0888	0.4758	-1.3289	7.7243
0	-0.1163	0.8027	0.0930	0.0471	0.1675	-0.0328	-1.1808	-1.9158	-7.1372
1	0.8115	0.0622	0.1007	0.0290	0.0185	0.1048	6.5834	3.8699	-1.3350
2	0.0401	-0.8585	-0.1062	0.0748	-0.1970	-0.0027	0.7564	-0.9277	7.4555
0	-0.1180	0.8067	0.0942	-0.0069	0.0920	0.0087	-1.4361	-1.2795	-7.5316
1	0.8150	0.0627	0.1040	-0.0735	-0.0689	0.1045	6.8192	4.1309	-1.2349
2	0.0407	-0.8640	-0.1069	-0.0039	-0.0628	0.0272	0.7992	-1.0119	7.4600
0	-0.1134	0.8106	0.1003	0.0257	0.1363	0.3151	-1.5647	-0.9902	-7.7485
1	0.8189	0.0550	0.1124	-0.2166	-0.2610	0.1657	6.9396	4.3331	-1.1994
2	0.0394	-0.8676	-0.1045	-0.0065	-0.1060	-0.1853	0.8270	-0.6302	7.8395
0	-0.1038	0.8168	0.1099	0.0101	0.2011	0.1647	-0.8177	-2.6308	-7.4715
1	0.8275	0.0464	0.1228	-0.0546	-0.0673	0.2774	7.3499	3.7025	-1.1553
2	0.0283	-0.8727	-0.0964	-0.0047	-0.1649	-0.2802	0.8102	-0.8932	7.8948
0	-0.1009	0.8301	0.1128	0.0910	0.3876	0.0100	-0.9560	-2.1473	-7.7224
1	0.8433	0.0441	0.1263	0.0799	-0.0375	0.3897	7.3375	3.7684	-0.9378
2	0.0228	-0.8822	-0.0922	0.0249	-0.3022	-0.0857	0.3841	-1.9464	7.7936
0	-0.1004	0.8465	0.1103	0.0883	0.3296	-0.0693	-1.1246	-1.5729	-7.7638
1	0.8582	0.0443	0.1267	0.0500	-0.0109	0.3028	6.8852	4.2649	-1.0658
2	0.0200	-0.9005	-0.0940	0.0839	-0.3501	0.0312	0.3201	-1.5045	7.8367
0	-0.1000	0.8580	0.1105	0.0192	0.1783	0.0145	-1.1811	-1.8646	-8.1717
1	0.8670	0.0440	0.1298	-0.0091	-0.0022	0.0871	7.0772	4.4805	-1.2050
2	0.0193	-0.9138	-0.0960	0.0289	-0.2418	-0.0379	0.6496	-0.6327	7.9472
0	-0.1010	0.8603	0.1119	0.0220	-0.0351	-0.0356	-1.0102	-2.1801	-8.5261
1	0.8668	0.0449	0.1306	0.0661	0.0109	-0.0675	7.6256	4.3726	-1.0151
2	0.0192	-0.9185	-0.0953	0.0049	-0.0119	0.0125	0.5843	-0.9180	8.4040
0	-0.1019	0.8587	0.1109	0.0718	-0.0127	-0.0401	-1.1306	-1.7691	-8.1191
1	0.8662	0.0451	0.1294	0.0342	-0.0519	0.0347	7.6353	4.1859	-0.9795
2	0.0202	-0.9172	-0.0969	0.0609	0.0501	0.0591	0.3168	-1.3834	8.5891
0	-0.1010	0.8597	0.1113	0.0460	0.0182	-0.0142	-1.0452	-2.3500	-7.8350
1	0.8674	0.0444	0.1300	0.0395	-0.0067	0.0006	7.4427	3.8798	-1.1282
2	0.0194	-0.9177	-0.0993	0.0548	-0.0322	-0.0191	0.5102	-1.3529	8.1079
0	-0.1012	0.8602	0.1119	0.0240	0.0369	0.0103	-1.1795	-1.8943	-7.7839
1	0.8686	0.0442	0.1315	-0.0046	-0.0306	0.0591	7.4690	3.9382	-1.1263
2	0.0191	-0.9186	-0.1006	0.0287	-0.0159	0.0071	0.5617	-1.5435	8.0227
0	-0.1008	0.8641	0.1143	0.0189	0.1238	0.0130	-1.1486	-2.2875	-8.0755
1	0.8735	0.0435	0.1348	-0.0078	-0.0242	0.1432	7.6847	3.9533	-1.1397
2	0.0183	-0.9210	-0.1004	0.0118	-0.1048	-0.0349	0.5900	-1.5042	8.0532
0	-0.1005	0.8703	0.1154	0.0567	0.1384	-0.0204	-1.0677	-2.2442	-8.2304
1	0.8799	0.0433	0.1365	0.0411	-0.0023	0.0772	7.6278	4.1253	-1.0632
2	0.0175	-0.9267	-0.0999	0.0346	-0.1436	-0.0150	0.4832	-1.6031	8.3113
0	-0.1017	0.8727	0.1152	0.0254	-0.0000	-0.0374	-1.2162	-1.7978	-8.2196
1	0.8807	0.0443	0.1370	0.0151	-0.0131	0.0064	7.5320	4.2622	-1.1040
2	0.0175	-0.9318	-0.1015	0.0266	-0.0030	0.0494	0.4819	-1.3836	8.3600
0	-0.1014	0.8724	0.1164	0.0478	-0.0488	0.0078	-1.0571	-2.1243	-8.3848
1	0.8794	0.0433	0.1378	0.0357	-0.0305	-0.0987	7.5054	4.3661	-1.0490
2	0.0180	-0.9320	-0.1025	0.0378	0.0065	-0.0202	0.5243	-1.1197	8.3696
0	-0.1008	0.8678	0.1168	0.0599	-0.1253	-0.0065	-1.0979	-2.0386	-8.2542
1	0.8736	0.0426	0.1371	0.0631	-0.0365	-0.1341	7.5752	4.2587	-1.0537
2	0.0172	-0.9290	-0.1037	0.0481	0.1235	0.0107	0.4630	-1.2288	8.4582
0	-0.1002	0.8629	0.1164	0.0625	-0.0928	-0.0125	-1.1284	-1.9976	-7.8842
1	0.8689	0.0421	0.1362	0.0338	-0.0344	-0.1138	7.4595	4.0690	-1.0957
2	0.0167	-0.9238	-0.1061	0.0683	0.1118	0.0198	0.4603	-1.3666	8.3201
0	-0.0991	0.8574	0.1169	0.0811	-0.1381	0.0229	-1.1509	-1.8328	-8.1464
1	0.8629	0.0401	0.1357	0.0418	-0.1153	-0.1554	7.3565	4.1723	-1.0225
2	0.0162	-0.9191	-0.1079	0.0516	0.1294	-0.0029	0.5437	-1.2972	8.0785
0	-0.0932	0.8512	0.1177	0.1613	-0.1737	0.1595	-1.0877	-2.0038	-8.3583
1	0.8547	0.0325	0.1356	0.0173	-0.1653	-0.2852	7.5051	4.3513	-0.9973
2	0.0130	-0.9130	-0.1095	0.1419	0.1558	-0.1311	0.4412	-0.9718	8.3498
0	-0.0879	0.8384	0.1199	0.0356	-0.3223	0.0487	-0.8246	-2.2829	-7.7181
1	0.8408	0.0294	0.1356	0.0493	-0.0392	-0.2682	7.4526	3.8933	-1.0440
2	0.0062	-0.9023	-0.1105	0.0449	0.3566	-0.0560	0.4905	-1.2625	8.2925
0	-0.0876	0.8285	0.1201	0.0501	-0.0717	-0.0296	-0.9763	-1.8666	-7.4310
1	0.8349	0.0294	0.1344	0.0387	-0.0301	-0.0351	7.3463	3.6851	-0.9458
2	0.0056	-0.8904	-0.1117	0.0589	0.1848	0.0388	0.3221	-1.8102	7.7938
0	-0.0867	0.8279	0.1208	0.0622	0.0269	0.0381	-1.0440	-1.7370	-7.8732
1	0.8353	0.0274	0.1354	0.0244	-0.0584	-0.0031	7.1953	4.0552	-0.9730
2	0.0055	-0.8876	-0.1133	0.0447	-0.0009	-0.0282	0.4505	-1.4601	7.6852
0	-0.0860	0.8278	0.1211	0.0351	-0.0172	-0.0464	-0.9215	-2.0043	-7.5570
1	0.8349	0.0277	0.1353	0.0425	-0.0014	0.0202	7.1491	3.9249	-1.0205
2	0.0036	-0.8880	-0.1140	0.0529	0.0213	0.0088	0.4172	-1.3082	7.9101
0	-0.0866	0.8293	0.1216	0.0335	0.0378	0.0001	-1.1553	-1.6973	-7.8862
1	0.8364	0.0276	0.1362	-0.0009	-0.0214	-0.0089	7.0882	4.2468	-1.0861
2	0.0043	-0.8885	-0.1156	0.0343	-0.0536	0.0039	0.4719	-1.2547	7.8470
0	-0.0869	0.8277	0.1234	0.0192	-0.1041	-0.0135	-0.9753	-1.9659	-8.0894
1	0.8329	0.0279	0.1375	0.0345	-0.0062	-0.1155	7.1415	4.2766	-0.9919
2	0.0042	-0.8888	-0.1155	0.0036	0.0656	-0.0019	0.5465	-0.9279	8.0683
0	-0.0870	0.8246	0.1240	0.0530	-0.0105	-0.0004	-1.0202	-1.6893	-7.6729
1	0.8309	0.0273	0.1377	0.0191	-0.0493	0.0016	7.2481	4.0357	-0.9104
2	0.0047	-0.8847	-0.1164	0.0457	0.0556	0.0098	0.3499	-1.1912	8.0615
0	-0.0865	0.8242	0.1257	0.0044	-0.0375	-0.0025	-0.8345	-2.2443	-7.8569
1	0.8300	0.0270	0.1391	0.0271	-0.0078	-0.0564	7.3212	3.9559	-0.9120
2	0.0037	-0.8842	-0.1170	0.0177	0.0193	-0.0172	0.4203	-1.2962	7.8584
0	-0.0867	0.8231	0.1258	0.1001	0.0040	-0.0451	-0.8637	-2.1902	-8.0898
1	0.8299	0.0265	0.1378	0.1176	-0.0392	0.0112	7.6025	3.9633	-0.7950
2	0.0037	-0.8826	-0.1174	0.0585	0.0390	0.0188	0.2290	-1.5067	8.1402
0	-0.0864	0.8237	0.1226	0.0895	-0.0211	-0.0603	-0.9716	-1.6342	-7.5326
1	0.8301	0.0260	0.1346	0.0692	-0.0403	-0.0410	7.0366	4.0559	-0.9374
2	0.0029	-0.8835	-0.1216	0.1158	0.0054	0.0527	0.2164	-1.5116	8.1480
0	-0.0863	0.8218	0.1214	0.0550	-0.0398	-0.0297	-1.0105	-1.6468	-7.4926
1	0.8282	0.0257	0.1336	0.0376	-0.0452	-0.0172	6.9129	4.1166	-0.9728
2	0.0025	-0.8824	-0.1253	0.0734	0.0496	0.0229	0.4392	-1.0277	7.7162
0	-0.0851	0.8218	0.1217	0.0835	0.0311	0.0083	-1.0811	-1.6240	-7.8561
1	0.8286	0.0239	0.1335	0.0570	-0.0371	-0.0304	6.9905	4.2934	-1.0172
2	0.0020	-0.8812	-0.1270	0.0667	-0.0191	-0.0254	0.4729	-0.9271	7.8422
0	-0.0842	0.8203	0.1210	0.0649	-0.1001	-0.0330	-0.9872	-1.3138	-7.6244
1	0.8244	0.0237	0.1324	0.0315	-0.0424	-0.1224	6.6484	4.3418	-0.9562
2	0.0006	-0.8814	-0.1289	0.0646	0.0661	0.0337	0.4256	-0.9112	7.9069
0	-0.0830	0.8144	0.1226	0.0153	-0.1975	0.0684	-0.9380	-1.4732	-7.6893
1	0.8152	0.0221	0.1344	-0.0259	-0.0195	-0.4290	6.4433	4.3572	-0.8484
2	0.0005	-0.8771	-0.1303	0.0126	0.1279	-0.0418	0.4708	-0.5174	7.6387
0	-0.0825	0.7931	0.1256	-0.0304	-0.6851	-0.0033	-0.5386	-1.6747	-7.8292
1	0.7889	0.0239	0.1344	-0.0376	0.0028	-0.6806	6.8631	4.3305	-0.5432
2	0.0003	-0.8634	-0.1291	-0.0179	0.5739	0.0711	0.1667	-0.6461	7.8327
0	-0.0806	0.7695	0.1265	0.1402	-0.4257	-0.0388	-0.8116	-1.7758	-7.4644
1	0.7661	0.0230	0.1297	0.1811	-0.0302	-0.4258	6.8673	4.1011	-0.7816
2	0.0020	-0.8377	-0.1297	0.0985	0.4717	0.0216	0.0152	-0.9276	8.0007
0	-0.0808	0.7535	0.1207	0.1518	-0.3064	-0.0992	-1.0560	-0.8471	-7.0637
1	0.7520	0.0238	0.1216	0.1681	-0.0613	-0.3071	6.3961	4.0937	-0.9449
2	0.0025	-0.8202	-0.1360	0.1694	0.3652	0.1451	0.2312	-1.1408	7.6378
0	-0.0803	0.7416	0.1167	0.1040	-0.2846	-0.0668	-0.8149	-1.5001	-6.8964
1	0.7397	0.0238	0.1165	0.0880	-0.0425	-0.2513	6.1418	3.9127	-0.9043
2	0.0035	-0.8076	-0.1428	0.1173	0.2683	0.0653	0.4368	-0.6662	7.1416
0	-0.0794	0.7317	0.1167	0.0286	-0.1377	0.0579	-1.1715	-0.9855	-6.9721
1	0.7311	0.0218	0.1168	-0.0162	-0.0457	-0.2128	6.1318	4.1181	-1.1436
2	0.0041	-0.7958	-0.1466	0.0525	0.1763	-0.0235	0.5761	-0.6701	6.9560
0	-0.0785	0.7217	0.1193	0.0200	-0.3024	-0.0093	-0.9892	-1.2509	-7.1754
1	0.7173	0.0217	0.1171	0.0123	-0.0178	-0.3293	6.0089	4.1294	-0.9805
2	0.0029	-0.7879	-0.1455	0.0048	0.2602	0.0037	0.6353	-0.5360	7.2227
0	-0.0785	0.7082	0.1209	0.0228	-0.2610	0.0096	-1.0353	-0.8035	-6.7747
1	0.7048	0.0212	0.1174	-0.0359	-0.0739	-0.1986	5.9273	4.0661	-0.9061
2	0.0039	-0.7746	-0.1453	0.0215	0.3014	0.0298	0.4211	-0.5749	7.1543
0	-0.0745	0.6995	0.1255	0.0293	-0.1111	0.1331	-0.9708	-1.0065	-6.8115
1	0.6981	0.0153	0.1221	-0.0806	-0.1371	-0.1138	5.8624	4.0191	-0.8470
2	0.0024	-0.7636	-0.1444	0.0177	0.1465	-0.1202	0.5059	-0.3544	6.8714
0	-0.0687	0.6943	0.1298	0.0657	-0.1118	0.1293	-0.8103	-1.3268	-6.9914
1	0.6928	0.0086	0.1262	-0.0423	-0.1356	-0.1411	5.9629	3.9472	-0.7863
2	-0.0035	-0.7574	-0.1415	0.0385	0.1328	-0.1454	0.3649	-0.4679	6.9654
0	-0.0633	0.6879	0.1333	0.0345	-0.1582	0.1076	-0.7856	-1.4991	-6.7471
1	0.6861	0.0033	0.1299	-0.0476	-0.1031	-0.1502	6.0101	3.7134	-0.8180
2	-0.0088	-0.7520	-0.1403	0.0386	0.1598	-0.1100	0.3125	-0.6874	6.9730
0	-0.0596	0.6820	0.1362	0.0581	-0.1023	0.0449	-0.6422	-1.7843	-6.7957
1	0.6813	-0.0001	0.1319	0.0261	-0.0687	-0.0901	6.2180	3.4736	-0.6914
2	-0.0135	-0.7444	-0.1385	0.0382	0.1268	-0.0663	0.2759	-1.0694	6.8780
0	-0.0572	0.6793	0.1372	0.0480	-0.0195	0.0416	-0.7504	-1.3152	-6.3889
1	0.6796	-0.0025	0.1330	0.0113	-0.0463	-0.0454	5.9229	3.5445	-0.7486
2	-0.0159	-0.7408	-0.1390	0.0575	0.0501	-0.0378	0.2276	-1.1018	6.7453
0	-0.0565	0.6773	0.1379	0.0774	-0.0810	-0.0286	-0.6750	-1.1394	-6.8189
1	0.6765	-0.0028	0.1318	0.0776	-0.0499	-0.0745	5.7592	3.8006	-0.6485
2	-0.0174	-0.7390	-0.1392	0.0559	0.0794	0.0210	0.2304	-0.8638	6.7017
0	-0.0552	0.6745	0.1374	0.0543	-0.0574	0.0208	-0.7591	-0.9564	-6.4279
1	0.6739	-0.0046	0.1318	0.0101	-0.0464	-0.0881	5.5416	3.9157	-0.7087
2	-0.0180	-0.7362	-0.1415	0.0725	0.0634	-0.0178	0.1921	-0.4649	6.7283
0	-0.0541	0.6695	0.1381	0.0661	-0.1268	-0.0075	-0.7418	-0.7326	-6.6638
1	0.6676	-0.0058	0.1315	0.0298	-0.0708	-0.1193	5.4781	4.0162	-0.6124
2	-0.0192	-0.7326	-0.1420	0.0485	0.1264	0.0135	0.2255	-0.3597	6.6298
0	-0.0518	0.6638	0.1387	0.0498	-0.1263	0.0375	-0.6518	-0.8861	-6.3067
1	0.6621	-0.0084	0.1320	0.0021	-0.0531	-0.1177	5.4236	3.8953	-0.6634
2	-0.0205	-0.7269	-0.1435	0.0660	0.1172	-0.0252	0.2163	-0.2285	6.6002
0	-0.0490	0.6596	0.1404	0.0888	-0.0648	0.0634	-0.6165	-0.8409	-6.7279
1	0.6585	-0.0114	0.1329	0.0430	-0.1023	-0.1094	5.5087	3.9385	-0.5138
2	-0.0225	-0.7216	-0.1436	0.0558	0.0704	-0.0501	0.2325	-0.3235	6.5065
0	-0.0448	0.6556	0.1401	0.0758	-0.0927	0.0615	-0.5639	-0.6868	-6.1231
1	0.6539	-0.0151	0.1329	0.0016	-0.0611	-0.1645	5.2606	3.8522	-0.5606
2	-0.0255	-0.7185	-0.1450	0.1016	0.1044	-0.0411	0.0685	-0.3537	6.5897
0	-0.0428	0.6446	0.1424	0.0330	-0.3348	0.0215	-0.5114	-0.7381	-6.7940
1	0.6419	-0.0168	0.1328	0.0536	-0.0628	-0.3043	5.2485	4.1217	-0.4502
2	-0.0279	-0.7113	-0.1453	0.0208	0.2784	0.0047	0.1325	-0.1766	6.4413
0	-0.0418	0.6285	0.1438	0.0300	-0.3368	0.0225	-0.5919	-0.4576	-6.3237
1	0.6293	-0.0189	0.1328	-0.0265	-0.1021	-0.2757	5.3186	4.0397	-0.4554
2	-0.0278	-0.6967	-0.1457	0.0351	0.3687	0.0260	0.0287	-0.1087	6.5987
0	-0.0372	0.6140	0.1467	0.0896	-0.2715	0.1027	-0.5815	-0.6780	-6.2872
1	0.6189	-0.0257	0.1350	0.0060	-0.1639	-0.2502	5.2302	3.8940	-0.4393
2	-0.0295	-0.6813	-0.1451	0.0380	0.3045	-0.0979	0.1107	-0.0039	6.4164
0	-0.0330	0.6025	0.1471	0.0751	-0.3091	0.0267	-0.3962	-0.9525	-5.7497
1	0.6065	-0.0296	0.1347	0.0565	-0.0738	-0.3159	4.9565	3.6171	-0.4985
2	-0.0340	-0.6689	-0.1454	0.0812	0.2901	-0.0394	0.0825	-0.2370	6.1428
0	-0.0317	0.5879	0.1467	0.0881	-0.2855	-0.0231	-0.4934	-0.8658	-5.7767
1	0.5942	-0.0306	0.1325	0.0875	-0.0484	-0.2549	4.9891	3.4705	-0.4334
2	-0.0351	-0.6556	-0.1470	0.0810	0.3105	0.0206	0.0509	-0.3793	5.8440
0	-0.0311	0.5776	0.1453	0.0925	-0.1716	-0.0292	-0.5863	-0.4779	-5.4051
1	0.5862	-0.0314	0.1300	0.0534	-0.0619	-0.1096	4.7930	3.4801	-0.4940
2	-0.0350	-0.6439	-0.1499	0.1000	0.2257	0.0245	0.0817	-0.3434	5.7745
0	-0.0294	0.5725	0.1461	0.0358	-0.0842	0.0533	-0.5435	-0.5839	-5.6224
1	0.5818	-0.0341	0.1315	-0.0128	-0.0557	-0.1204	4.7551	3.5348	-0.4714
2	-0.0359	-0.6367	-0.1523	0.0537	0.1023	-0.0313	0.2249	-0.1649	5.5240
0	-0.0275	0.5668	0.1478	0.0565	-0.1384	-0.0040	-0.3110	-0.6658	-5.8444
1	0.5760	-0.0356	0.1321	0.0521	-0.0430	-0.1380	4.8625	3.6289	-0.2772
2	-0.0380	-0.6315	-0.1516	0.0416	0.1529	-0.0108	0.0539	-0.1626	5.7869
0	-0.0266	0.5627	0.1468	0.1002	-0.0714	-0.0253	-0.3663	-0.5792	-5.8996
1	0.5727	-0.0365	0.1297	0.0865	-0.0655	-0.0788	4.9430	3.6865	-0.2418
2	-0.0386	-0.6261	-0.1528	0.0922	0.0842	0.0214	-0.1505	-0.2782	5.8867
0	-0.0251	0.5593	0.1452	0.1216	-0.1048	0.0014	-0.2510	-0.4893	-5.8893
1	0.5687	-0.0384	0.1271	0.1291	-0.0769	-0.1626	4.7046	3.7622	-0.1645
2	-0.0396	-0.6229	-0.1558	0.1092	0.0991	-0.0036	-0.0851	-0.0571	5.9007
0	-0.0238	0.5523	0.1410	0.1587	-0.2286	-0.0367	-0.3732	-0.2860	-5.6504
1	0.5602	-0.0391	0.1220	0.1265	-0.0884	-0.2289	4.5387	3.7226	-0.2291
2	-0.0408	-0.6176	-0.1600	0.1577	0.1922	0.0560	-0.2264	-0.0067	5.8931
0	-0.0216	0.5436	0.1376	0.1303	-0.1523	0.0132	-0.4559	-0.3228	-5.3844
1	0.5526	-0.0415	0.1188	0.0574	-0.1065	-0.1256	4.5218	3.6044	-0.3575
2	-0.0414	-0.6084	-0.1654	0.1415	0.1867	0.0092	0.0445	0.1358	5.5417
0	-0.0165	0.5390	0.1367	0.1458	-0.0458	0.1142	-0.4483	-0.4523	-5.6685
1	0.5500	-0.0476	0.1198	0.0156	-0.1608	-0.0660	4.6200	3.5636	-0.2196
2	-0.0440	-0.6025	-0.1688	0.1057	0.0990	-0.0914	0.0674	0.0896	5.4313
0	-0.0092	0.5367	0.1353	0.1452	-0.0708	0.1113	-0.2722	-0.6706	-5.3794
1	0.5464	-0.0545	0.1207	0.0792	-0.1320	-0.0926	4.4096	3.4441	-0.3117
2	-0.0506	-0.5999	-0.1717	0.1470	0.0653	-0.1258	-0.0452	0.0422	5.4734
0	-0.0056	0.5320	0.1327	0.1265	-0.1623	-0.0184	-0.3205	-0.5252	-5.2739
1	0.5402	-0.0562	0.1176	0.1128	-0.0634	-0.2134	4.2782	3.4064	-0.3702
2	-0.0554	-0.5963	-0.1753	0.1462	0.1347	-0.0036	-0.0120	-0.1634	5.4178
0	-0.0056	0.5223	0.1297	0.1044	-0.2699	-0.0855	-0.2919	-0.4222	-5.0877
1	0.5302	-0.0549	0.1133	0.1203	-0.0171	-0.2629	4.2023	3.4248	-0.2881
2	-0.0557	-0.5884	-0.1794	0.1244	0.2587	0.0714	-0.0068	-0.0381	5.3232
0	-0.0070	0.5118	0.1276	0.0795	-0.2049	-0.0659	-0.2295	-0.2305	-5.0269
1	0.5198	-0.0531	0.1091	0.1139	-0.0171	-0.2022	4.1525	3.3860	-0.1885
2	-0.0535	-0.5770	-0.1831	0.0995	0.2313	0.0762	-0.0230	0.0862	5.1342
0	-0.0081	0.5031	0.1258	0.0959	-0.2015	-0.0505	-0.3206	-0.0406	-5.0257
1	0.5112	-0.0520	0.1052	0.1097	-0.0352	-0.2043	3.9945	3.4440	-0.1607
2	-0.0515	-0.5679	-0.1861	0.0989	0.2049	0.0715	-0.0943	0.1018	5.0835
0	-0.0080	0.4949	0.1245	0.0694	-0.1312	-0.0014	-0.3492	0.1007	-4.6685
1	0.5045	-0.0526	0.1035	0.0389	-0.0528	-0.1208	3.8438	3.3352	-0.2026
2	-0.0504	-0.5593	-0.1889	0.0878	0.1927	0.0433	-0.0706	0.2473	4.9602
0	-0.0062	0.4894	0.1259	0.0220	-0.1206	0.0542	-0.2501	0.1223	-4.9219
1	0.4990	-0.0553	0.1053	-0.0223	-0.0741	-0.1313	3.8042	3.5555	-0.1341
2	-0.0512	-0.5524	-0.1897	0.0351	0.1257	-0.0246	0.0055	0.3152	4.7095
0	-0.0024	0.4832	0.1286	0.0566	-0.1382	0.0710	-0.1109	-0.0930	-5.1056
1	0.4926	-0.0601	0.1080	0.0177	-0.1060	-0.1517	3.9004	3.5274	0.0279
2	-0.0540	-0.5464	-0.1882	0.0314	0.1454	-0.0653	-0.1585	0.4803	4.9827
0	0.0017	0.4771	0.1294	0.0664	-0.1280	0.0712	-0.0733	-0.2059	-4.6808
1	0.4871	-0.0645	0.1093	0.0139	-0.0872	-0.1291	3.9088	3.2439	-0.0331
2	-0.0579	-0.5393	-0.1881	0.0777	0.1475	-0.0626	-0.2916	0.2489	4.9953
0	0.0045	0.4703	0.1300	0.0900	-0.1839	-0.0155	-0.0853	-0.3707	-4.9692
1	0.4791	-0.0665	0.1082	0.0821	-0.0762	-0.2001	3.8366	3.2431	-0.0024
2	-0.0610	-0.5332	-0.1885	0.0660	0.1667	-0.0121	-0.2648	0.0373	4.7664
0	0.0061	0.4614	0.1293	0.0556	-0.1737	0.0075	-0.1284	-0.3206	-4.4654
1	0.4711	-0.0684	0.1074	0.0518	-0.0438	-0.1506	3.8131	3.0733	-0.1027
2	-0.0620	-0.5242	-0.1905	0.0799	0.2050	-0.0095	-0.2196	0.2288	4.7630
0	0.0072	0.4557	0.1298	0.0657	-0.1094	0.0146	-0.1176	-0.0255	-4.6276
1	0.4663	-0.0698	0.1068	0.0311	-0.0731	-0.1022	3.8040	3.0960	0.0285
2	-0.0629	-0.5167	-0.1913	0.0700	0.1286	0.0075	-0.1884	-0.0421	4.5630
0	0.0092	0.4514	0.1308	0.0201	-0.0578	0.0155	0.0924	-0.3227	-4.3251
1	0.4621	-0.0716	0.1084	0.0002	-0.0060	-0.0931	3.7611	2.9443	0.0473
2	-0.0645	-0.5120	-0.1919	0.0458	0.0922	-0.0121	-0.2511	0.0471	4.5141
0	0.0096	0.4472	0.1334	0.0215	-0.1663	-0.0306	-0.0186	-0.0097	-4.9887
1	0.4564	-0.0711	0.1088	0.0516	0.0067	-0.2033	3.6351	3.3486	0.1144
2	-0.0653	-0.5086	-0.1905	0.0118	0.1225	0.0278	-0.3456	0.0327	4.4668
0	0.0092	0.4393	0.1346	0.0432	-0.1648	-0.0186	-0.2049	0.0859	-4.7949
1	0.4485	-0.0700	0.1080	0.1024	0.0142	-0.2325	3.6726	3.5036	-0.0006
2	-0.0643	-0.5012	-0.1902	0.0448	0.2018	0.0326	-0.3343	0.5108	4.8172
0	0.0054	0.4260	0.1336	0.0203	-0.6668	-0.2255	0.1643	-0.4462	-5.0073
1	0.4227	-0.0598	0.1001	0.2036	0.1865	-0.9003	2.8741	3.6477	-0.0592
2	-0.0626	-0.4929	-0.1915	0.0879	0.3465	0.1672	-0.2920	0.4264	4.8340
0	-0.0020	0.3877	0.1341	0.0222	-0.8422	-0.0935	-0.1920	0.5282	-3.8207
1	0.3858	-0.0523	0.0940	0.1514	0.0200	-0.6220	3.0340	3.1531	0.1091
2	-0.0523	-0.4623	-0.1937	0.0480	0.9456	0.2246	-0.2921	1.1737	4.5999
0	-0.0054	0.3629	0.1317	0.1793	-0.3449	-0.1345	-0.2831	-0.2239	-3.9452
1	0.3680	-0.0475	0.0846	0.2584	-0.0641	-0.2862	3.6361	2.3964	-0.0199
2	-0.0463	-0.4295	-0.1958	0.1427	0.4784	0.1411	-0.2701	0.1111	3.9730
0	-0.0081	0.3514	0.1246	0.1358	-0.2314	-0.0605	-0.3357	0.4584	-3.2917
1	0.3569	-0.0444	0.0757	0.1083	-0.0535	-0.2392	2.6487	2.7218	-0.2779
2	-0.0417	-0.4146	-0.2034	0.1922	0.2198	0.0995	-0.0657	-0.1467	3.7576
0	-0.0080	0.3421	0.1222	0.1450	-0.1627	-0.0437	-0.2983	0.0607	-3.5366
1	0.3495	-0.0434	0.0707	0.1594	-0.0673	-0.1047	2.8486	2.6015	-0.2001
2	-0.0400	-0.4036	-0.2075	0.1260	0.2243	0.0421	0.1266	0.5645	3.4488
0	-0.0086	0.3382	0.1180	0.1333	-0.0731	-0.0543	-0.2447	0.3347	-3.3935
1	0.3463	-0.0419	0.0651	0.1262	-0.0480	-0.1045	2.5812	2.6923	-0.2291
2	-0.0387	-0.3983	-0.2121	0.1495	0.0761	0.0553	0.0102	0.1924	3.4553
0	-0.0099	0.3330	0.1152	0.1166	-0.1342	-0.0806	-0.2457	0.2485	-3.5121
1	0.3409	-0.0393	0.0597	0.1525	-0.0290	-0.1526	2.4868	2.7575	-0.1770
2	-0.0374	-0.3944	-0.2154	0.1149	0.1325	0.0708	0.0172	0.5581	3.4456
0	-0.0111	0.3263	0.1123	0.1138	-0.2049	-0.0615	-0.2235	0.2300	-3.4605
1	0.3329	-0.0365	0.0542	0.1396	-0.0368	-0.2151	2.3420	2.7225	-0.1426
2	-0.0352	-0.3886	-0.2186	0.1250	0.1597	0.0638	-0.0380	0.6233	3.4380
0	-0.0118	0.3186	0.1097	0.1179	-0.1473	-0.0469	-0.3410	0.4284	-3.2247
1	0.3250	-0.0347	0.0488	0.1248	-0.0567	-0.1834	2.3267	2.6932	-0.2577
2	-0.0335	-0.3807	-0.2216	0.1319	0.1740	0.0537	0.0140	0.6455	3.3223
0	-0.0120	0.3090	0.1072	0.0971	-0.2650	-0.0237	-0.3094	0.4923	-3.2597
1	0.3149	-0.0338	0.0444	0.0668	-0.0714	-0.2277	2.1813	2.7319	-0.2462
2	-0.0323	-0.3725	-0.2247	0.1137	0.2214	0.0462	0.0969	0.7215	3.2796
0	-0.0097	0.3006	0.1077	0.0424	-0.1492	0.0395	-0.0732	-0.2552	-3.2337
1	0.3079	-0.0358	0.0446	0.0842	-0.0213	-0.1634	2.8249	2.3028	-0.1223
2	-0.0326	-0.3616	-0.2266	0.0556	0.1980	-0.0511	0.1103	0.6458	3.0994
0	-0.0105	0.2930	0.1064	0.1159	-0.2005	-0.0726	-0.2333	0.3395	-3.5061
1	0.2998	-0.0323	0.0390	0.1205	-0.0466	-0.1919	2.5993	2.6505	-0.0907
2	-0.0331	-0.3545	-0.2270	0.1127	0.1972	0.0847	-0.2478	-0.0826	3.5502
0	-0.0098	0.2852	0.1033	0.1399	-0.1977	-0.0088	-0.3957	0.2293	-2.9693
1	0.2910	-0.0316	0.0351	0.0939	-0.0407	-0.2610	2.0941	2.5526	-0.3002
2	-0.0317	-0.3465	-0.2305	0.1524	0.1905	0.0084	-0.0889	0.6211	3.4030
0	-0.0093	0.2720	0.1024	0.0531	-0.3944	-0.0179	-0.2991	0.3290	-2.8798
1	0.2757	-0.0300	0.0326	0.0673	-0.0232	-0.3536	1.8697	2.3539	-0.3177
2	-0.0316	-0.3364	-0.2335	0.0858	0.3482	0.0432	0.2004	0.7530	2.8552
0	-0.0075	0.2570	0.1023	0.0875	-0.3050	0.0323	-0.3365	0.2943	-2.6671
1	0.2612	-0.0301	0.0311	0.0849	-0.0253	-0.4265	1.8401	2.2550	-0.2838
2	-0.0308	-0.3198	-0.2345	0.0906	0.3191	-0.0038	0.1260	0.5929	2.7302
0	-0.0052	0.2401	0.1019	0.0676	-0.4134	0.0371	-0.3429	0.4256	-2.4811
1	0.2428	-0.0293	0.0290	0.0604	-0.0343	-0.3376	1.7877	2.1448	-0.2901
2	-0.0316	-0.3044	-0.2359	0.0873	0.4379	0.0084	0.0723	0.6345	2.6037
0	-0.0032	0.2271	0.1010	0.1116	-0.2218	0.0103	-0.2661	0.3384	-2.2838
1	0.2322	-0.0294	0.0264	0.0630	-0.0620	-0.2078	1.7322	1.9208	-0.3218
2	-0.0323	-0.2879	-0.2371	0.1069	0.2671	-0.0023	0.0851	0.4113	2.4878
0	-0.0014	0.2163	0.1005	0.0534	-0.2329	-0.0052	-0.3219	0.2501	-2.2710
1	0.2227	-0.0302	0.0263	0.0454	-0.0364	-0.2541	1.5015	1.9202	-0.3804
2	-0.0330	-0.2771	-0.2390	0.0616	0.2229	-0.0007	0.1588	0.4233	2.1694
0	-0.0004	0.2050	0.1004	0.0721	-0.2724	-0.0082	-0.2354	0.2834	-2.2245
1	0.2096	-0.0309	0.0256	0.0587	-0.0508	-0.2801	1.4687	1.9325	-0.3051
2	-0.0330	-0.2663	-0.2387	0.0594	0.2772	0.0095	0.1466	0.6405	2.1953
0	0.0005	0.1937	0.1002	0.0389	-0.2462	0.0322	-0.2587	0.5604	-2.0107
1	0.1989	-0.0325	0.0264	-0.0061	-0.0425	-0.2837	1.3602	1.8567	-0.2918
2	-0.0327	-0.2545	-0.2389	0.0662	0.2549	0.0169	0.0927	0.5383	2.1467
0	0.0023	0.1804	0.1019	0.0362	-0.3387	-0.0095	-0.1681	0.2299	-2.1751
1	0.1839	-0.0337	0.0278	0.0172	-0.0342	-0.3647	1.3572	1.8139	-0.2116
2	-0.0338	-0.2428	-0.2379	0.0220	0.3225	0.0116	0.0912	0.5610	2.0001
0	0.0039	0.1645	0.1030	0.0375	-0.2940	0.0376	-0.2147	0.5656	-1.8256
1	0.1704	-0.0364	0.0295	0.0000	-0.0835	-0.2333	1.3541	1.7300	-0.1736
2	-0.0335	-0.2268	-0.2365	0.0422	0.3534	0.0088	0.0216	0.5444	1.9958
0	0.0076	0.1545	0.1035	0.0455	-0.2132	0.0541	-0.0510	0.1159	-1.6013
1	0.1619	-0.0413	0.0324	-0.0110	-0.0688	-0.2098	1.2423	1.5363	-0.1709
2	-0.0357	-0.2145	-0.2361	0.0659	0.2100	-0.0602	0.0243	0.4615	1.7742
0	0.0119	0.1464	0.1051	0.0225	-0.1402	0.0833	-0.0563	0.1302	-1.7223
1	0.1551	-0.0468	0.0369	0.0214	-0.0773	-0.1183	1.4044	1.3931	-0.0820
2	-0.0388	-0.2046	-0.2356	0.0241	0.2060	-0.0756	-0.0046	0.3404	1.6004
0	0.0155	0.1413	0.1050	0.0780	-0.1366	0.0941	-0.0074	0.6616	-1.7921
1	0.1494	-0.0524	0.0398	-0.0302	-0.1220	-0.1571	1.1587	1.5960	0.0327
2	-0.0421	-0.1982	-0.2353	0.0886	0.1516	-0.0459	-0.1684	0.1838	1.7791
0	0.0213	0.1335	0.1041	0.0550	-0.2154	0.0987	0.0656	0.4600	-1.2565
1	0.1415	-0.0615	0.0484	-0.1223	-0.0267	-0.1688	1.0230	1.3567	-0.0276
2	-0.0462	-0.1916	-0.2367	0.0745	0.1835	-0.0672	-0.1825	0.4576	1.6470
0	0.0238	0.1263	0.1049	0.0742	-0.1662	-0.0239	0.2105	0.1394	-1.5196
1	0.1341	-0.0633	0.0496	0.0426	-0.0650	-0.1704	1.0147	1.2133	0.0916
2	-0.0492	-0.1833	-0.2361	0.0555	0.1703	0.0212	-0.1370	0.1579	1.2480
0	0.0260	0.1202	0.1040	0.0986	-0.1318	0.0227	0.1976	0.1460	-1.5945
1	0.1283	-0.0665	0.0500	0.0755	-0.0750	-0.1516	1.0338	1.3708	0.1632
2	-0.0499	-0.1764	-0.2360	0.0827	0.1329	-0.0381	-0.3031	0.3789	1.4147
0	0.0267	0.1135	0.1026	0.0767	-0.1828	-0.0142	0.1707	0.3217	-1.2811
1	0.1200	-0.0670	0.0488	0.0617	-0.0325	-0.2103	0.8033	1.2992	0.0926
2	-0.0509	-0.1703	-0.2373	0.0837	0.1648	0.0188	-0.2981	0.3457	1.4026
0	0.0269	0.1042	0.1020	0.0769	-0.1954	-0.0262	0.0624	0.4439	-1.2019
1	0.1111	-0.0670	0.0480	0.0399	-0.0549	-0.1879	0.7654	1.3057	0.0768
2	-0.0504	-0.1622	-0.2375	0.0754	0.2182	0.0382	-0.2300	0.4671	1.2240
0	0.0283	0.0968	0.1016	0.0830	-0.1666	0.0034	0.0876	0.3031	-1.1559
1	0.1041	-0.0694	0.0485	0.0431	-0.0564	-0.1996	0.6141	1.2444	0.0306
2	-0.0503	-0.1539	-0.2375	0.0737	0.1596	-0.0172	-0.1722	0.5638	1.1420
0	0.0296	0.0865	0.1013	0.0512	-0.2421	0.0037	0.0668	0.4055	-0.9139
1	0.0929	-0.0719	0.0501	0.0133	-0.0500	-0.2129	0.5070	1.1724	0.0248
2	-0.0510	-0.1442	-0.2376	0.0475	0.2448	0.0094	-0.1113	0.5595	0.9888
0	0.0319	0.0762	0.1015	0.0610	-0.2186	0.0239	0.1037	0.4609	-0.8920
1	0.0830	-0.0759	0.0524	0.0169	-0.0819	-0.2315	0.4706	1.1608	0.0981
2	-0.0518	-0.1342	-0.2366	0.0665	0.2166	-0.0156	-0.1625	0.5623	0.9510
0	0.0348	0.0667	0.1012	0.0726	-0.2026	0.0478	0.0877	0.3248	-0.8720
1	0.0746	-0.0810	0.0552	0.0198	-0.0908	-0.1968	0.5056	1.0116	0.1104
2	-0.0535	-0.1235	-0.2367	0.0637	0.2096	-0.0453	-0.1612	0.5383	0.8504
0	0.0371	0.0560	0.1006	0.0536	-0.2722	-0.0055	0.2067	0.1723	-0.7905
1	0.0639	-0.0839	0.0567	0.0260	-0.0446	-0.2932	0.4194	0.9400	0.1025
2	-0.0555	-0.1143	-0.2370	0.0721	0.2370	-0.0107	-0.2251	0.3615	0.7753
0	0.0387	0.0441	0.1007	0.0784	-0.3176	0.0385	0.1299	0.4019	-0.8711
1	0.0506	-0.0880	0.0589	0.0311	-0.1104	-0.3139	0.4256	0.9459	0.2537
2	-0.0557	-0.1020	-0.2364	0.0609	0.3086	-0.0065	-0.2127	0.4448	0.7460
0	0.0414	0.0298	0.0983	0.1035	-0.3113	-0.0027	0.3508	-0.2621	-0.5096
1	0.0381	-0.0907	0.0588	0.0722	-0.0265	-0.3378	0.4989	0.5585	0.1927
2	-0.0570	-0.0887	-0.2375	0.1129	0.2898	-0.0200	-0.3306	0.2869	0.7408
0	0.0399	0.0140	0.0983	0.0591	-0.3882	-0.1065	0.2507	-0.0344	-0.6474
1	0.0207	-0.0865	0.0559	0.1254	-0.0110	-0.3239	0.4923	0.5626	0.2515
2	-0.0557	-0.0744	-0.2378	0.0541	0.3805	0.1063	-0.2997	-0.0831	0.4428
0	0.0382	0.0019	0.0956	0.1951	-0.1862	0.0143	0.0002	0.7306	-0.6804
1	0.0124	-0.0852	0.0495	0.1460	-0.2008	-0.1118	0.4750	0.7411	0.3298
2	-0.0515	-0.0589	-0.2370	0.1579	0.2649	0.0515	-0.3700	0.1121	0.6317
0	0.0408	-0.0043	0.0872	0.2098	-0.2125	0.0349	0.3766	-0.3416	-0.0481
1	0.0038	-0.0875	0.0438	0.1258	-0.1041	-0.3185	-0.0668	0.2749	0.1284
2	-0.0516	-0.0515	-0.2435	0.2312	0.1233	-0.0766	-0.2801	0.3530	0.5081
0	0.0399	-0.0210	0.0828	0.0990	-0.4611	-0.0897	0.2129	-0.0355	0.0842
1	-0.0145	-0.0832	0.0380	0.1221	0.0050	-0.4718	-0.1873	0.2522	0.0605
2	-0.0505	-0.0393	-0.2486	0.1373	0.4027	0.0851	-0.1995	0.1108	-0.0491
0	0.0371	-0.0398	0.0834	0.0242	-0.4108	-0.0748	0.1434	0.3569	0.4747
1	-0.0331	-0.0787	0.0351	0.0731	-0.0152	-0.3568	-0.1119	0.1134	0.1307
2	-0.0458	-0.0195	-0.2481	0.0612	0.4538	0.1198	-0.0745	0.1350	-0.2153
0	0.0362	-0.0556	0.0834	0.0670	-0.4055	-0.0611	0.1984	-0.2607	0.4112
1	-0.0503	-0.0759	0.0331	0.0597	0.1122	-0.6320	-0.4717	-0.0665	-0.0209
2	-0.0429	-0.0022	-0.2463	0.0854	0.3479	0.0559	-0.1500	0.0507	-0.3170
0	0.0319	-0.0879	0.0920	-0.2717	-0.9712	-0.1989	0.1797	0.0937	0.8635
1	-0.0880	-0.0692	0.0392	-0.1243	0.1994	-0.7623	-0.6861	-0.1617	-0.0706
2	-0.0382	0.0223	-0.2405	-0.1386	0.8338	0.2682	0.1585	0.1410	-0.7008
0	0.0343	-0.1187	0.1048	-0.0979	-0.2700	0.1063	0.2227	0.4609	0.6555
1	-0.1048	-0.0817	0.0566	-0.0407	-0.1478	-0.0499	0.4108	-0.5065	0.7302
2	-0.0359	0.0587	-0.2252	-0.1836	0.5113	0.0001	0.0233	0.0719	-0.7787
0	0.0408	-0.1175	0.0993	0.2888	0.0891	0.1254	0.5168	-0.3703	0.3832
1	-0.1017	-0.0915	0.0566	0.1780	-0.2330	-0.0569	-0.1407	-0.4711	0.7222
2	-0.0418	0.0656	-0.2226	0.1272	-0.0375	-0.1531	-0.7376	-0.6969	-0.3964
0	0.0404	-0.1233	0.0907	0.1786	-0.2609	-0.0333	0.0519	0.2482	1.2578
1	-0.1109	-0.0865	0.0455	0.1575	-0.0809	-0.2375	-0.9707	-0.3566	-0.0911
2	-0.0442	0.0647	-0.2320	0.2443	0.2150	0.0261	-0.4102	-0.1375	-0.7089
0	0.0375	-0.1345	0.0861	0.1861	-0.2022	-0.0346	-0.1211	0.3517	1.4034
1	-0.1196	-0.0804	0.0360	0.1319	-0.1224	-0.1715	-0.9401	-0.5583	-0.0563
2	-0.0401	0.0760	-0.2357	0.1703	0.2186	0.0651	0.1770	0.0734	-1.2421
0	0.0390	-0.1386	0.0801	0.1602	0.0174	0.0953	-0.0416	0.2492	1.8137
1	-0.1215	-0.0858	0.0349	0.0165	-0.1531	0.0818	-0.9120	-0.8119	-0.0708
2	-0.0381	0.0833	-0.2394	0.1639	0.0834	-0.0742	0.2245	0.1470	-1.4826
0	0.0434	-0.1368	0.0775	0.0338	-0.0375	0.0571	0.1915	-0.1283	1.1466
1	-0.1210	-0.0944	0.0414	0.0036	-0.0613	-0.0879	-0.8658	-0.5869	0.0842
2	-0.0414	0.0822	-0.2428	0.0481	-0.0246	-0.0826	0.2433	-0.1907	-1.6438
0	0.0459	-0.1401	0.0771	0.0867	-0.0813	0.0396	0.2261	0.0820	1.0038
1	-0.1243	-0.0994	0.0446	0.0249	-0.0961	-0.0970	-0.6591	-0.5219	0.3446
2	-0.0442	0.0846	-0.2420	0.0636	0.0927	-0.0191	-0.1224	-0.0998	-1.0749
0	0.0484	-0.1450	0.0755	0.0425	-0.1550	0.0274	0.3796	-0.1228	1.2948
1	-0.1302	-0.1043	0.0484	0.0121	-0.0444	-0.2209	-0.7911	-0.6341	0.2925
2	-0.0459	0.0884	-0.2423	0.0691	0.1282	-0.0272	-0.2554	-0.0915	-1.0459
0	0.0503	-0.1541	0.0756	0.0727	-0.2246	0.0035	0.4439	-0.1260	1.1884
1	-0.1393	-0.1079	0.0512	0.0514	-0.0699	-0.1709	-0.6916	-0.7214	0.4389
2	-0.0473	0.0962	-0.2410	0.0476	0.2330	0.0037	-0.2343	-0.1054	-1.1847
0	0.0513	-0.1628	0.0745	0.0860	-0.2256	-0.0179	0.4521	-0.3055	1.1772
1	-0.1482	-0.1095	0.0516	0.0749	-0.0486	-0.2430	-0.7385	-0.7663	0.4351
2	-0.0477	0.1050	-0.2404	0.0744	0.1914	0.0011	-0.3604	-0.2517	-1.2092
0	0.0519	-0.1721	0.0732	0.0813	-0.2052	0.0174	0.3452	-0.1510	1.5139
1	-0.1573	-0.1121	0.0528	0.0407	-0.0433	-0.2190	-0.8706	-0.9368	0.3448
2	-0.0471	0.1155	-0.2399	0.0898	0.2058	-0.0073	-0.3098	-0.1853	-1.2883
0	0.0528	-0.1828	0.0735	0.0414	-0.2609	-0.0272	0.3597	-0.2150	1.4559
1	-0.1681	-0.1136	0.0548	0.0556	-0.0325	-0.3043	-0.9526	-0.9912	0.3597
2	-0.0474	0.1245	-0.2392	0.0428	0.2470	0.0272	-0.2005	-0.3228	-1.5640
0	0.0531	-0.1952	0.0731	0.0815	-0.3004	-0.0143	0.3066	-0.1909	1.4417
1	-0.1810	-0.1159	0.0565	-0.0081	-0.0912	-0.2669	-0.9932	-0.9135	0.3407
2	-0.0466	0.1363	-0.2372	0.0698	0.2883	0.0332	-0.2815	-0.2951	-1.4707
0	0.0581	-0.2061	0.0714	0.0677	-0.1733	0.1082	0.3917	-0.3611	1.6105
1	-0.1890	-0.1293	0.0665	0.0204	-0.1462	-0.1446	-0.9533	-1.1205	0.4047
2	-0.0478	0.1489	-0.2364	0.0354	0.2210	-0.1182	-0.0802	-0.0355	-1.7094
0	0.0615	-0.2124	0.0670	0.1838	-0.1539	0.0367	0.5917	-0.7048	1.6984
1	-0.1944	-0.1317	0.0641	0.1220	-0.1201	-0.1733	-0.8412	-1.3431	0.5436
2	-0.0515	0.1565	-0.2384	0.1541	0.1430	-0.0672	-0.3918	-0.5235	-1.5968
0	0.0619	-0.2198	0.0628	0.1064	-0.1281	0.0489	0.2848	0.0228	2.2050
1	-0.2015	-0.1333	0.0622	0.0273	-0.1154	-0.1347	-1.0722	-1.4818	0.3455
2	-0.0508	0.1636	-0.2419	0.1438	0.1801	0.0092	-0.3685	-0.7522	-1.8370
0	0.0639	-0.2268	0.0608	0.0748	-0.2049	0.0061	0.5163	-0.5410	1.9529
1	-0.2092	-0.1375	0.0649	0.0442	-0.0635	-0.2148	-1.1137	-1.4467	0.4237
2	-0.0519	0.1704	-0.2429	0.0737	0.1720	-0.0131	-0.1881	-0.5927	-2.0553
0	0.0658	-0.2353	0.0596	0.0589	-0.1821	0.0496	0.3909	-0.2721	2.2411
1	-0.2182	-0.1456	0.0717	-0.0160	-0.0629	-0.2834	-1.1891	-1.4833	0.3965
2	-0.0524	0.1795	-0.2424	0.0668	0.1973	-0.0276	-0.2812	-0.5396	-1.9413
0	0.0684	-0.2479	0.0599	0.0123	-0.3270	-0.0124	0.5310	-0.5908	2.0101
1	-0.2315	-0.1530	0.0799	0.0303	-0.0325	-0.2823	-1.0935	-1.5438	0.4578
2	-0.0544	0.1900	-0.2408	0.0118	0.3277	0.0150	-0.2182	-0.5418	-2.0818
0	0.0698	-0.2610	0.0599	0.0758	-0.3175	0.0640	0.3516	-0.3055	2.3537
1	-0.2454	-0.1628	0.0886	-0.0649	-0.0910	-0.3565	-1.3262	-1.7632	0.5294
2	-0.0547	0.2035	-0.2379	0.0659	0.2686	0.0114	-0.4036	-0.7422	-1.9306
0	0.0767	-0.2752	0.0601	-0.0222	-0.1714	0.1074	0.6392	-0.5758	2.5802
1	-0.2555	-0.1875	0.1128	-0.0725	-0.0850	-0.0950	-1.1417	-2.1121	0.6385
2	-0.0583	0.2183	-0.2362	-0.0357	0.2854	-0.0880	-0.2562	-0.7231	-2.6289
0	0.0826	-0.2787	0.0598	0.0709	-0.0236	0.0696	0.8373	-0.9669	2.0708
1	-0.2560	-0.2022	0.1253	0.0257	-0.1009	-0.0217	-0.8992	-1.9579	0.8511
2	-0.0646	0.2255	-0.2341	0.0229	0.0483	-0.0948	-0.5503	-1.1374	-2.4000
0	0.0841	-0.2817	0.0568	0.1351	-0.1313	0.0172	0.6565	-0.6257	2.1955
1	-0.2606	-0.2040	0.1240	0.1035	-0.1173	-0.1881	-1.2049	-1.7779	0.7387
2	-0.0674	0.2273	-0.2347	0.1211	0.0946	-0.0192	-0.7692	-1.0879	-2.0165
0	0.0832	-0.2914	0.0521	0.1752	-0.2506	-0.0413	0.6966	-0.8635	2.3731
1	-0.2699	-0.2008	0.1173	0.1680	-0.1002	-0.2006	-1.2793	-1.9280	0.6229
2	-0.0666	0.2346	-0.2371	0.1601	0.2316	0.0029	-0.5204	-0.6483	-2.1737
0	0.0806	-0.2964	0.0457	0.2213	-0.0319	0.0152	0.5066	-0.6150	2.8505
1	-0.2732	-0.1933	0.1045	0.1197	-0.1063	-0.1176	-1.4238	-2.1197	0.5056
2	-0.0631	0.2431	-0.2400	0.2248	0.0578	-0.0128	-0.4390	-1.0134	-2.4845
0	0.0802	-0.3046	0.0438	0.0227	-0.2766	-0.0397	0.5622	-0.6755	2.8693
1	-0.2840	-0.1936	0.1052	0.0534	0.0208	-0.3577	-1.8236	-2.0610	0.3485
2	-0.0609	0.2471	-0.2432	0.0817	0.2223	0.0327	-0.1336	-0.6880	-2.9144
0	0.0799	-0.3202	0.0455	0.0573	-0.2732	-0.0083	0.5080	-0.3794	2.8353
1	-0.2978	-0.1985	0.1115	0.0457	-0.0656	-0.1817	-1.3172	-2.2078	0.6895
2	-0.0592	0.2617	-0.2392	0.0368	0.3421	0.0642	-0.2616	-0.6890	-2.7634
0	0.0813	-0.3242	0.0429	0.1444	0.0921	0.0643	0.5580	-0.5870	2.8945
1	-0.2965	-0.2028	0.1117	0.0863	-0.1711	0.1186	-1.1737	-2.3998	0.7311
2	-0.0593	0.2712	-0.2380	0.1074	0.0175	-0.0634	-0.4646	-1.1141	-2.7651
0	0.0821	-0.3181	0.0357	0.2183	0.1533	0.0768	0.6083	-0.5391	2.6957
1	-0.2899	-0.2012	0.1029	0.0910	-0.1896	0.1138	-1.4185	-2.2060	0.6869
2	-0.0604	0.2669	-0.2422	0.1944	-0.1368	-0.0814	-0.5368	-1.2123	-2.6919
0	0.0827	-0.3160	0.0290	0.1537	-0.0773	-0.0001	0.6726	-1.1211	2.6580
1	-0.2904	-0.1997	0.0973	0.1091	-0.0735	-0.1618	-1.6106	-2.2196	0.5258
2	-0.0610	0.2616	-0.2481	0.1623	-0.0123	-0.0499	-0.4230	-0.9096	-2.7083
0	0.0813	-0.3245	0.0262	0.1140	-0.2404	-0.0272	0.5815	-0.5983	3.0218
1	-0.3008	-0.1975	0.0943	0.0760	-0.0553	-0.1953	-1.6214	-2.3147	0.5562
2	-0.0594	0.2658	-0.2494	0.1213	0.2256	0.0457	-0.3849	-0.8773	-2.7184
0	0.0814	-0.3320	0.0245	0.0855	-0.0689	0.0337	0.4622	-0.6343	3.1246
1	-0.3052	-0.2026	0.0981	0.0106	-0.0802	-0.1213	-1.4783	-2.5075	0.5571
2	-0.0575	0.2755	-0.2487	0.0853	0.1255	-0.0098	-0.3097	-1.0440	-3.0139
0	0.0841	-0.3382	0.0232	0.0342	-0.2353	0.0194	0.7479	-1.0783	2.7269
1	-0.3136	-0.2143	0.1104	0.0247	-0.0388	-0.2709	-1.5625	-2.4274	0.6694
2	-0.0591	0.2803	-0.2481	0.0169	0.1708	-0.0145	-0.2835	-1.1281	-3.0608
0	0.0854	-0.3473	0.0224	0.0883	-0.1615	0.0157	0.7417	-1.0123	2.9933
1	-0.3213	-0.2208	0.1164	0.0709	-0.0488	-0.1329	-1.2932	-2.5941	0.7417
2	-0.0600	0.2902	-0.2458	0.0704	0.2117	-0.0049	-0.5516	-1.0935	-2.7520
0	0.0855	-0.3534	0.0212	0.0715	-0.1013	-0.0028	0.5638	-0.7604	3.2122
1	-0.3265	-0.2224	0.1183	0.0615	-0.0357	-0.1388	-1.5012	-2.6499	0.5893
2	-0.0596	0.2973	-0.2450	0.0751	0.1293	0.0230	-0.4404	-1.3959	-2.9902
0	0.0848	-0.3588	0.0207	0.0927	-0.1354	-0.0677	0.6542	-1.0075	2.9896
1	-0.3320	-0.2173	0.1143	0.1336	-0.0419	-0.1147	-1.5135	-2.6315	0.6524
2	-0.0589	0.3025	-0.2431	0.0866	0.1362	0.0598	-0.3816	-1.2498	-3.0364
0	0.0819	-0.3614	0.0167	0.2366	0.0341	-0.0031	0.6126	-0.9153	3.0511
1	-0.3330	-0.2040	0.0975	0.1630	-0.1573	0.0826	-1.2610	-2.6964	0.7863
2	-0.0559	0.3069	-0.2424	0.1722	0.0612	0.0401	-0.5141	-1.2710	-2.8934
0	0.0807	-0.3590	0.0083	0.1850	-0.0748	0.0309	0.5412	-1.2379	3.1326
1	-0.3341	-0.1967	0.0856	0.0746	-0.0513	-0.2846	-1.8635	-2.6253	0.4166
2	-0.0521	0.3036	-0.2474	0.2149	-0.0772	-0.0448	-0.4539	-1.3192	-2.9788
0	0.0797	-0.3741	0.0066	0.0436	-0.5269	-0.1521	0.7588	-1.5618	3.1793
1	-0.3536	-0.1934	0.0864	0.1342	0.1031	-0.5761	-1.9353	-2.7324	0.4104
2	-0.0498	0.3113	-0.2481	0.0615	0.3884	0.1086	-0.1418	-0.9382	-3.1873
0	0.0761	-0.3991	0.0094	0.0480	-0.5815	-0.0635	0.4811	-0.7920	3.5684
1	-0.3799	-0.1928	0.0911	0.0453	0.0330	-0.5745	-1.7807	-2.9055	0.6179
2	-0.0438	0.3343	-0.2413	0.0504	0.5741	0.1802	-0.3234	-1.2115	-3.1726
0	0.0762	-0.4208	0.0099	0.0508	-0.4064	-0.0332	0.6035	-1.0342	3.7744
1	-0.4004	-0.2031	0.1044	0.0735	-0.0009	-0.3627	-1.6779	-3.1774	0.5690
2	-0.0405	0.3578	-0.2357	0.0393	0.4746	0.0817	-0.2579	-1.2301	-3.4342
0	0.0758	-0.4326	0.0106	0.0622	-0.1500	0.0016	0.4294	-0.7065	3.7717
1	-0.4091	-0.2085	0.1105	0.0218	-0.1258	-0.0892	-1.7481	-3.1714	0.6257
2	-0.0389	0.3738	-0.2318	0.0568	0.2736	0.0595	-0.2908	-1.6343	-3.5901
0	0.0780	-0.4375	0.0073	0.0943	-0.1278	0.0430	0.6866	-1.5214	3.8358
1	-0.4134	-0.2216	0.1208	0.0406	-0.0729	-0.1445	-1.8807	-3.3577	0.5081
2	-0.0398	0.3807	-0.2319	0.1016	0.1218	-0.0819	-0.2591	-1.3148	-3.5759
0	0.0793	-0.4451	0.0057	0.0704	-0.1827	-0.0046	0.6699	-1.5506	3.7299
1	-0.4201	-0.2302	0.1292	0.0648	-0.0450	-0.1860	-1.8565	-3.4617	0.5593
2	-0.0408	0.3870	-0.2320	0.0652	0.1664	-0.0100	-0.2493	-1.6201	-3.7135
0	0.0794	-0.4532	0.0051	0.0767	-0.1784	0.0116	0.5427	-1.1660	3.8827
1	-0.4281	-0.2387	0.1370	0.0413	-0.0913	-0.2263	-1.8754	-3.4745	0.6157
2	-0.0405	0.3952	-0.2304	0.0725	0.2005	0.0152	-0.3088	-1.6829	-3.7193
0	0.0807	-0.4622	0.0025	0.0855	-0.2226	0.0086	0.6985	-1.6917	3.9786
1	-0.4377	-0.2503	0.1485	0.0791	-0.0284	-0.2401	-1.8303	-3.6548	0.5729
2	-0.0408	0.4045	-0.2297	0.0749	0.2218	-0.0108	-0.2714	-1.6259	-3.7715
0	0.0795	-0.4728	0.0025	0.0649	-0.1869	-0.0602	0.5278	-1.3757	4.1963
1	-0.4466	-0.2476	0.1473	0.0647	-0.0325	-0.2183	-1.8085	-3.7954	0.5656
2	-0.0396	0.4146	-0.2277	0.0795	0.2265	0.0751	-0.3292	-1.9893	-3.8315
0	0.0792	-0.4816	0.0024	0.0665	-0.2127	-0.0212	0.5966	-1.7305	4.0854
1	-0.4553	-0.2567	0.1581	0.0571	-0.0053	-0.2805	-1.9808	-3.8647	0.5629
2	-0.0381	0.4236	-0.2248	0.0458	0.1739	0.0417	-0.2149	-1.9139	-4.0374
0	0.0784	-0.4934	0.0029	0.0593	-0.2866	-0.0822	0.6324	-1.6843	4.2030
1	-0.4673	-0.2628	0.1668	0.0870	-0.0014	-0.2496	-1.9402	-3.9106	0.5831
2	-0.0371	0.4334	-0.2211	0.0493	0.2872	0.0796	-0.3183	-1.8709	-3.9900
0	0.0775	-0.5041	0.0040	0.0512	-0.2093	-0.0237	0.5369	-1.6816	4.3825
1	-0.4762	-0.2726	0.1784	0.0539	-0.0368	-0.1815	-1.9367	-4.0525	0.5424
2	-0.0353	0.4450	-0.2171	0.0465	0.2281	0.0489	-0.2532	-1.9871	-4.1069
0	0.0779	-0.5115	0.0032	0.0790	-0.1377	-0.0046	0.5687	-1.8664	4.4089
1	-0.4829	-0.2846	0.1910	0.0502	-0.0441	-0.1389	-1.8978	-4.1855	0.5334
2	-0.0348	0.4536	-0.2144	0.0649	0.1725	0.0078	-0.1950	-2.0363	-4.1977
0	0.0785	-0.5178	0.0027	0.0467	-0.1461	-0.0221	0.5971	-2.0566	4.3897
1	-0.4888	-0.2985	0.2063	0.0608	-0.0056	-0.1687	-1.8447	-4.2709	0.4806
2	-0.0346	0.4605	-0.2127	0.0450	0.1552	0.0124	-0.1899	-2.2122	-4.2591
0	0.0783	-0.5258	0.0040	0.0250	-0.2118	-0.0429	0.6081	-1.7961	4.5164
1	-0.4970	-0.3132	0.2238	0.0565	0.0025	-0.2261	-1.9551	-4.2343	0.5309
2	-0.0343	0.4680	-0.2094	0.0310	0.2031	0.0610	-0.2005	-2.3116	-4.2277
0	0.0781	-0.5349	0.0049	0.0583	-0.1855	-0.0393	0.5662	-1.9847	4.5694
1	-0.5051	-0.3267	0.2400	0.0682	0.0256	-0.1787	-1.9000	-4.3851	0.5244
2	-0.0337	0.4770	-0.2055	0.0468	0.2116	0.0585	-0.2354	-2.2217	-4.2676
0	0.0770	-0.5435	0.0063	0.0684	-0.1758	-0.0615	0.5421	-1.8016	4.4988
1	-0.5131	-0.3320	0.2484	0.0859	-0.0200	-0.1465	-1.9396	-4.3662	0.5734
2	-0.0325	0.4853	-0.2012	0.0434	0.1956	0.0874	-0.2266	-2.3922	-4.3830
0	0.0764	-0.5491	0.0058	0.0696	-0.0976	0.0049	0.5383	-1.9079	4.7383
1	-0.5174	-0.3443	0.2616	0.0505	-0.0661	-0.0685	-1.9577	-4.4659	0.5401
2	-0.0308	0.4927	-0.1977	0.0688	0.1224	0.0241	-0.2019	-2.2433	-4.4243
0	0.0769	-0.5524	0.0039	0.0892	-0.0980	0.0130	0.6615	-2.1917	4.8254
1	-0.5203	-0.3570	0.2743	0.0433	-0.0323	-0.1214	-2.1068	-4.6411	0.5593
2	-0.0308	0.4960	-0.1968	0.0862	0.0658	-0.0119	-0.2107	-2.3651	-4.4715
0	0.0775	-0.5584	0.0046	0.0163	-0.1386	-0.0475	0.5735	-2.1422	4.8477
1	-0.5256	-0.3847	0.3052	0.0074	0.0162	-0.1302	-2.0730	-4.7226	0.5113
2	-0.0307	0.5005	-0.1953	0.0232	0.1456	0.0479	-0.2036	-2.5296	-4.7526
0	0.0798	-0.5639	0.0063	0.0154	-0.1063	0.0068	0.6634	-2.0733	4.5616
1	-0.5289	-0.4338	0.3570	0.0266	-0.0156	-0.1146	-1.9413	-4.5042	0.6764
2	-0.0318	0.5071	-0.1907	-0.0147	0.1073	0.0038	-0.1355	-2.4093	-4.6948
0	0.0803	-0.5688	0.0065	0.0676	-0.1429	-0.0380	0.5943	-2.0839	4.7058
1	-0.5343	-0.4580	0.3832	0.0642	0.0027	-0.1796	-2.0234	-4.5156	0.6064
2	-0.0331	0.5117	-0.1877	0.0574	0.1200	0.0380	-0.4145	-2.4321	-4.3216
0	0.0802	-0.5772	0.0073	0.0526	-0.2293	-0.0013	0.4873	-1.9758	4.7640
1	-0.5423	-0.5197	0.4469	0.0317	-0.0493	-0.2030	-2.1320	-4.6940	0.5640
2	-0.0323	0.5189	-0.1843	0.0333	0.2014	0.0557	-0.2453	-2.3920	-4.5341
0	0.0800	-0.5849	0.0060	0.1077	-0.0829	-0.0307	0.5963	-2.2622	5.0224
1	-0.5470	-0.5422	0.4697	0.0816	-0.0594	-0.0278	-1.8743	-4.9691	0.5795
2	-0.0324	0.5281	-0.1819	0.0842	0.1407	0.0271	-0.2342	-2.5735	-4.6610
0	0.0794	-0.5865	0.0049	0.0585	-0.0403	-0.0155	0.5333	-2.2729	5.1427
1	-0.5480	-0.5436	0.4722	0.0328	-0.0186	-0.0667	-2.1420	-4.9791	0.4434
2	-0.0310	0.5312	-0.1810	0.0761	0.0246	0.0165	-0.1408	-2.8056	-4.8849
0	0.0801	-0.5891	0.0051	0.0499	-0.0547	-0.0178	0.5579	-2.1681	4.8564
1	-0.5498	-0.5738	0.5044	0.0464	-0.0283	-0.0431	-2.0763	-4.8029	0.5142
2	-0.0312	0.5334	-0.1787	0.0318	0.0710	0.0205	-0.0711	-2.5958	-4.9073
0	0.0806	-0.5916	0.0049	0.0403	-0.0870	-0.0289	0.6551	-2.3581	5.0401
1	-0.5522	-0.6107	0.5435	0.0328	-0.0053	-0.0973	-2.1266	-4.8546	0.5594
2	-0.0315	0.5358	-0.1762	0.0359	0.0742	0.0292	-0.1984	-2.5687	-4.7318
0	0.0816	-0.5946	0.0049	0.0539	-0.0254	0.0369	0.5493	-1.9836	5.0238
1	-0.5529	-0.6564	0.5901	0.0114	-0.0483	-0.0555	-2.0597	-4.8322	0.6039
2	-0.0320	0.5394	-0.1732	0.0378	0.0698	-0.0001	-0.2057	-2.5457	-4.7654
0	0.0831	-0.5974	0.0040	0.0655	-0.0930	-0.0105	0.6698	-2.2356	4.7867
1	-0.5550	-0.7007	0.6354	0.0635	-0.0614	-0.0895	-2.0266	-4.8728	0.6531
2	-0.0334	0.5415	-0.1721	0.0414	0.0880	0.0151	-0.2349	-2.6294	-4.7643
0	0.0833	-0.6007	0.0023	0.0760	-0.0575	0.0182	0.5972	-2.3002	5.3114
1	-0.5567	-0.7431	0.6777	0.0050	-0.0363	-0.0900	-2.1060	-5.0896	0.5494
2	-0.0332	0.5452	-0.1709	0.0843	0.0823	-0.0045	-0.3349	-2.6947	-4.7345
0	0.0851	-0.6067	0.0027	0.0088	-0.1769	-0.0399	0.6575	-2.5180	5.0846
1	-0.5607	-0.8774	0.8153	0.0221	0.0150	-0.1682	-2.1211	-5.1361	0.5328
2	-0.0344	0.5490	-0.1693	0.0001	0.1460	0.0340	-0.1243	-2.8180	-5.0462
0	0.0858	-0.6137	0.0040	0.0531	-0.1529	-0.0241	0.5557	-2.2479	5.0247
1	-0.5645	-1.0115	0.9520	0.0368	-0.0120	-0.1426	-2.0509	-5.0157	0.6298
2	-0.0352	0.5570	-0.1644	0.0265	0.1598	0.0550	-0.3099	-2.8009	-4.8154
0	0.0865	-0.6207	0.0048	0.0094	-0.1830	-0.0534	0.6894	-2.6359	5.1018
1	-0.5675	-1.1827	1.1267	0.0608	0.0457	-0.2160	-2.1197	-5.1487	0.5134
2	-0.0354	0.5632	-0.1613	0.0142	0.1502	0.0412	-0.2020	-2.7603	-4.9072
0	0.0854	-0.6309	0.0075	0.0603	-0.2597	-0.0899	0.7314	-2.5337	5.0781
1	-0.5723	-1.4729	1.4214	0.1017	0.0171	-0.2500	-2.0559	-5.1583	0.6756
2	-0.0352	0.5715	-0.1562	0.0369	0.2354	0.1089	-0.2607	-2.8819	-4.8778
0	0.0847	-0.6401	0.0084	0.0296	-0.1335	-0.0121	0.5801	-2.4635	5.4974
1	-0.5726	4.5473	1.6872	0.0288	-0.0178	-0.1287	-2.0660	-5.3876	0.5612
2	-0.0329	0.5818	-0.1515	0.0426	0.1922	0.0499	-0.2401	-2.8781	-5.0027
0	0.0855	-0.6451	0.0083	0.0718	-0.1034	-0.0170	0.7660	-2.8252	5.2629
1	-0.5716	4.3947	1.8416	0.0681	-0.0181	-0.0929	-1.9017	-5.5318	0.7185
2	-0.0335	0.5884	-0.1487	0.0462	0.1204	0.0224	-0.2242	-3.0552	-5.1334
0	0.0849	-0.6491	0.0080	0.0755	-0.0853	-0.0355	0.8507	-3.0253	5.2983
1	-0.5715	4.2858	1.9524	0.0878	-0.0115	-0.1148	-1.8095	-5.6803	0.7601
2	-0.0328	0.5926	-0.1463	0.0620	0.0810	0.0390	-0.3905	-3.3743	-5.0793
0	0.0837	-0.6544	0.0082	0.0493	-0.1736	-0.0644	0.7280	-3.1875	5.5623
1	-0.5689	4.0704	2.1721	0.0548	0.0768	-0.2110	-2.0406	-5.8287	0.5327
2	-0.0317	0.5963	-0.1439	0.0459	0.1172	0.0753	-0.3725	-3.4597	-5.1231
0	0.0828	-0.6633	0.0124	0.0279	-0.1393	-0.1121	0.6119	-2.8449	5.3265
1	-0.5657	3.8977	2.3509	0.0889	0.0468	-0.0935	-1.8348	-5.7493	0.6397
2	-0.0308	0.6045	-0.1372	-0.0076	0.1823	0.1346	-0.1589	-3.4303	-5.3251
0	0.0814	-0.6652	0.0144	0.0609	0.0447	-0.0496	0.6038	-2.8043	5.5402
1	-0.5672	3.9037	2.3483	0.0880	0.0050	-0.0251	-1.8492	-5.6891	0.6106
2	-0.0294	0.6094	-0.1312	0.0456	0.0012	0.0751	-0.2722	-3.4645	-5.1416
0	0.0789	-0.6679	0.0149	0.0906	-0.2068	-0.1212	0.6536	-3.0728	5.3458
1	-0.5644	3.7163	2.5405	0.1426	0.0643	-0.2073	-2.2268	-5.5541	0.4595
2	-0.0281	0.6087	-0.1279	0.0694	0.0942	0.0937	-0.1885	-3.2164	-5.0914
0	0.0755	-0.6741	0.0177	0.0599	0.0201	-0.0691	0.3404	-2.0143	5.7434
1	-0.5652	3.6520	2.6083	0.0404	-0.0515	0.1609	-1.9586	-5.5237	0.4895
2	-0.0242	0.6164	-0.1220	0.0690	0.1512	0.1415	-0.0986	-3.1407	-5.2272
0	0.0767	-0.6682	0.0172	0.0470	0.0785	0.0246	0.6550	-3.2381	5.4133
1	-0.5690	3.7937	2.4678	0.0601	0.0482	-0.0418	-2.2581	-5.6235	0.4625
2	-0.0237	0.6138	-0.1204	0.0452	-0.1616	-0.0581	0.0599	-3.0243	-5.4101
0	0.0760	-0.6716	0.0196	0.0361	-0.1600	-0.1419	0.5180	-2.8288	5.3787
1	-0.5658	3.6693	2.5984	0.1163	0.0471	-0.1296	-2.1906	-5.6240	0.5241
2	-0.0244	0.6122	-0.1177	0.0190	0.0932	0.1187	-0.1083	-3.1901	-5.3223
0	0.0751	-0.6726	0.0207	0.0717	0.0902	0.0234	0.4525	-2.3967	5.5136
1	-0.5677	3.7086	2.5605	0.0303	-0.0610	0.0801	-1.9631	-5.5677	0.6017
2	-0.0226	0.6172	-0.1116	0.0513	-0.0073	0.0198	-0.1370	-3.0476	-5.2000
0	0.0756	-0.6706	0.0196	0.0421	-0.0248	-0.0648	0.6462	-3.1986	5.6398
1	-0.5680	3.7014	2.5711	0.0723	0.0387	-0.0204	-2.1018	-5.8383	0.4525
2	-0.0233	0.6139	-0.1115	0.0416	0.0006	0.0412	-0.1478	-3.3151	-5.2844
0	0.0747	-0.6704	0.0215	0.0590	0.0589	-0.0438	0.4678	-2.7880	5.5431
1	-0.5703	3.7356	2.5398	0.0665	0.0010	0.0928	-1.9067	-5.7741	0.4924
2	-0.0227	0.6145	-0.1074	0.0388	-0.0345	0.0605	-0.0976	-3.4621	-5.3311
0	0.0737	-0.6673	0.0225	0.0750	0.0503	-0.0718	0.5985	-3.0940	5.4215
1	-0.5740	3.7684	2.5098	0.0989	0.0124	0.0488	-1.9444	-5.7594	0.5188
2	-0.0222	0.6116	-0.1048	0.0565	-0.0731	0.0531	-0.1304	-3.4178	-5.2078
0	0.0716	-0.6653	0.0240	0.0475	0.0474	-0.1092	0.5542	-3.1234	5.5665
1	-0.5771	3.7753	2.5079	0.0958	0.0678	0.0566	-1.9733	-5.8412	0.4412
2	-0.0205	0.6089	-0.1014	0.0476	-0.0489	0.0884	-0.1375	-3.4667	-5.2566
0	0.0704	-0.6606	0.0264	0.0497	0.1630	-0.0224	0.3802	-2.2706	5.2830
1	-0.5821	3.9961	2.2902	0.0290	-0.0454	0.2084	-1.9758	-5.3937	0.5157
2	-0.0189	0.6063	-0.0965	0.0328	-0.1142	0.0737	-0.0200	-3.2980	-5.2648
0	0.0709	-0.6525	0.0254	0.0813	0.1123	-0.0215	0.5446	-3.2758	5.3028
1	-0.5850	4.4020	1.8859	0.0610	0.0662	0.0595	-2.0803	-5.5292	0.3850
2	-0.0194	0.5986	-0.0949	0.0593	-0.2104	-0.0277	-0.0838	-3.0339	-5.0325
0	0.0700	-0.6505	0.0282	0.0191	0.0014	-0.1037	0.6066	-2.6281	5.1908
1	-0.5862	4.4634	1.8306	0.0851	0.0635	0.0136	-2.0741	-5.3829	0.5509
2	-0.0193	0.5930	-0.0913	-0.0012	-0.0255	0.1148	-0.0516	-3.2517	-5.1499
0	0.0678	-0.6474	0.0304	0.0977	0.1222	-0.0657	0.5919	-2.3810	5.3380
1	-0.5884	-1.4379	1.4513	0.1105	-0.0207	0.1633	-2.0179	-5.3193	0.6758
2	-0.0182	0.5918	-0.0860	0.0630	-0.0698	0.0799	-0.2921	-2.9690	-4.9409
0	0.0657	-0.6413	0.0307	0.0517	0.1435	-0.0752	0.4888	-2.4915	5.6670
1	-0.5869	-0.9507	0.9668	0.0684	0.0316	0.0958	-2.2523	-5.4010	0.4078
2	-0.0163	0.5857	-0.0842	0.0827	-0.1367	0.0485	-0.2161	-2.9773	-5.1362
0	0.0647	-0.6376	0.0325	0.0263	0.0388	-0.0640	0.3572	-2.2666	5.3167
1	-0.5851	-0.8342	0.8543	0.0136	0.0237	0.0591	-2.2836	-5.1362	0.3162
2	-0.0155	0.5805	-0.0806	0.0128	-0.0436	0.0683	0.0784	-2.7404	-5.2173
0	0.0661	-0.6351	0.0341	0.0080	0.0520	-0.0214	0.5994	-2.8166	5.1069
1	-0.5820	-0.7972	0.8210	0.0439	0.0489	0.0346	-1.8915	-5.2701	0.4858
2	-0.0166	0.5782	-0.0764	-0.0101	-0.0577	0.0194	0.0412	-2.7515	-5.0163
0	0.0658	-0.6323	0.0361	0.0788	0.1093	-0.0635	0.4531	-2.3620	4.9826
1	-0.5793	-0.6179	0.6449	0.0912	-0.0281	0.1065	-1.7561	-5.2107	0.5748
2	-0.0174	0.5757	-0.0723	0.0456	-0.0649	0.0775	-0.2318	-3.1653	-4.7408
0	0.0639	-0.6295	0.0363	0.0438	-0.0024	-0.1298	0.5889	-3.1280	5.4621
1	-0.5789	-0.5055	0.5364	0.1194	0.0838	0.0246	-2.0105	-5.5001	0.3240
2	-0.0159	0.5715	-0.0703	0.0641	-0.0373	0.0718	-0.1373	-3.0287	-4.8101
0	0.0604	-0.6263	0.0401	0.0667	0.1888	-0.1266	0.3714	-2.4868	5.3605
1	-0.5740	-0.2986	0.3344	0.1078	0.0495	0.1894	-1.8279	-5.4790	0.3614
2	-0.0133	0.5704	-0.0648	0.0555	-0.1018	0.1297	0.0018	-3.3003	-5.0839
0	0.0575	-0.6181	0.0428	0.0319	0.1948	-0.1392	0.4237	-2.5929	5.3219
1	-0.5654	-0.1748	0.2163	0.0747	0.0692	0.2411	-2.0530	-5.3253	0.3057
2	-0.0106	0.5623	-0.0602	0.0404	-0.2107	0.1209	0.0710	-3.2006	-5.0935
0	0.0574	-0.6076	0.0461	-0.0053	0.1502	-0.0748	0.5437	-2.8726	5.1840
1	-0.5566	-0.1779	0.2252	0.0550	0.1295	0.1081	-2.2737	-5.1444	0.2924
2	-0.0099	0.5523	-0.0554	-0.0182	-0.2474	0.0226	0.1388	-2.7680	-5.1421
0	0.0561	-0.6018	0.0515	-0.0115	0.1607	-0.1313	0.3609	-1.9325	5.0690
1	-0.5508	-0.1467	0.2011	0.0480	0.0929	0.1980	-2.1249	-4.9086	0.3393
2	-0.0104	0.5455	-0.0492	-0.0189	-0.1234	0.1440	0.0267	-2.7563	-4.9195
0	0.0563	-0.5918	0.0555	-0.0118	0.2712	-0.0432	0.3511	-1.9715	5.0021
1	-0.5394	-0.1559	0.2156	0.0087	0.0503	0.2276	-2.0991	-4.7616	0.4085
2	-0.0104	0.5376	-0.0428	-0.0229	-0.2345	0.0617	0.0306	-2.5458	-4.7994
0	0.0576	-0.5808	0.0583	0.0014	0.2348	-0.0567	0.4543	-2.1290	4.7743
1	-0.5286	-0.1592	0.2229	0.0288	0.0437	0.2561	-2.0658	-4.6904	0.4191
2	-0.0124	0.5264	-0.0387	-0.0175	-0.2315	0.0393	-0.0235	-2.4597	-4.6930
0	0.0587	-0.5700	0.0602	0.0154	0.2123	-0.0086	0.4086	-2.1951	4.7142
1	-0.5163	-0.1662	0.2334	0.0229	0.0177	0.2354	-1.9560	-4.6326	0.4144
2	-0.0139	0.5156	-0.0350	0.0018	-0.2564	0.0236	-0.0682	-2.4914	-4.5468
0	0.0595	-0.5581	0.0616	0.0276	0.2886	-0.0491	0.4399	-2.0811	4.6594
1	-0.5036	-0.1578	0.2274	0.0489	0.0078	0.3593	-1.7449	-4.5492	0.3810
2	-0.0157	0.5043	-0.0322	0.0232	-0.2501	0.0230	-0.0470	-2.5413	-4.4502
0	0.0602	-0.5385	0.0623	0.0470	0.4890	-0.0004	0.4246	-2.0747	4.4682
1	-0.4818	-0.1518	0.2227	0.0356	-0.0156	0.4568	-1.6696	-4.4095	0.4032
2	-0.0168	0.4904	-0.0305	0.0260	-0.4121	-0.0198	-0.0146	-2.5875	-4.3988
0	0.0608	-0.5187	0.0622	0.0213	0.3904	-0.0283	0.4977	-1.9312	4.5172
1	-0.4614	-0.1480	0.2214	0.0261	0.0396	0.3857	-2.0210	-4.2199	0.3326
2	-0.0188	0.4678	-0.0305	0.0352	-0.4209	-0.0083	-0.0280	-2.3908	-4.2591
0	0.0610	-0.5016	0.0645	0.0119	0.3847	-0.0735	0.4127	-1.7618	4.3814
1	-0.4439	-0.1422	0.2194	0.0223	0.0612	0.3977	-1.9277	-4.0826	0.3351
2	-0.0204	0.4487	-0.0278	0.0037	-0.3735	0.0429	-0.0320	-2.1667	-4.2151
0	0.0614	-0.4829	0.0687	-0.0419	0.4447	-0.0718	0.4413	-1.5298	4.2406
1	-0.4245	-0.1401	0.2223	0.0137	0.0778	0.5158	-1.7777	-3.9306	0.3884
2	-0.0215	0.4322	-0.0240	-0.0385	-0.3847	0.0503	-0.0086	-2.1190	-4.2010
0	0.0621	-0.4601	0.0724	-0.0021	0.5169	-0.0567	0.5522	-1.6880	4.0618
1	-0.4012	-0.1375	0.2244	0.0329	0.0789	0.4764	-1.8508	-3.7450	0.4580
2	-0.0237	0.4117	-0.0192	-0.0247	-0.5427	0.0207	-0.0802	-2.0325	-3.9905
0	0.0611	-0.4396	0.0760	0.0058	0.4935	-0.0986	0.4047	-1.0825	3.8832
1	-0.3796	-0.1272	0.2187	0.0339	0.0529	0.5408	-1.8547	-3.3942	0.4488
2	-0.0250	0.3896	-0.0149	-0.0051	-0.4624	0.0771	-0.1995	-1.8468	-3.8445
0	0.0620	-0.4142	0.0782	0.0146	0.5406	-0.0097	0.4117	-1.2712	3.5541
1	-0.3531	-0.1296	0.2242	0.0120	0.0519	0.5147	-1.7527	-3.1025	0.4423
2	-0.0260	0.3666	-0.0112	-0.0191	-0.5417	-0.0183	-0.0795	-1.4224	-3.6916
0	0.0619	-0.3914	0.0804	0.0159	0.5370	-0.0879	0.4640	-1.1700	3.4502
1	-0.3291	-0.1221	0.2212	0.0402	0.1073	0.5674	-1.6498	-3.0053	0.3720
2	-0.0284	0.3434	-0.0086	0.0037	-0.5374	0.0416	-0.1968	-1.5363	-3.3559
0	0.0612	-0.3669	0.0861	-0.1425	0.5987	-0.1308	0.4479	-1.2820	4.0626
1	-0.3033	-0.1181	0.2258	-0.0689	0.2759	0.6963	-1.6614	-3.1195	0.0879
2	-0.0289	0.3193	-0.0040	-0.0618	-0.5773	0.0719	-0.0842	-1.5433	-3.3604
0	0.0617	-0.3380	0.1020	-0.3360	0.6280	-0.2585	0.5966	-1.5460	3.0277
1	-0.2731	-0.1147	0.2424	-0.0646	0.4841	0.5264	-1.5551	-2.7187	0.1586
2	-0.0314	0.2921	0.0073	-0.2929	-0.7113	0.1598	0.2167	-1.6644	-3.6807
0	0.0590	-0.3142	0.1231	-0.2831	0.4826	-0.2243	0.3487	-0.4421	2.0483
1	-0.2514	-0.1090	0.2568	-0.0317	0.2947	0.4194	-1.2706	-1.8702	0.7023
2	-0.0326	0.2640	0.0298	-0.3376	-0.5314	0.2679	-0.0996	-1.2770	-2.8436
0	0.0564	-0.2930	0.1343	0.0079	0.4967	-0.1344	0.4591	-0.3371	1.6588
1	-0.2303	-0.1007	0.2573	0.1045	0.0515	0.5131	-0.8600	-1.5302	0.8755
2	-0.0330	0.2449	0.0438	-0.1180	-0.4692	0.1721	-0.5583	-0.6045	-1.8921
0	0.0535	-0.2666	0.1340	0.1167	0.5650	-0.0470	0.2746	-0.4106	2.1553
1	-0.2040	-0.0938	0.2510	0.0715	-0.0108	0.5488	-1.1000	-1.6148	0.3733
2	-0.0314	0.2186	0.0476	0.0832	-0.5602	0.0334	-0.5436	-0.6521	-1.7243
0	0.0524	-0.2380	0.1333	0.0394	0.6014	-0.0453	0.3700	-0.3171	2.2437
1	-0.1779	-0.0914	0.2501	0.0301	0.0257	0.5997	-1.2353	-1.5178	0.2640
2	-0.0314	0.1908	0.0470	0.0410	-0.6028	0.0108	-0.0634	-0.6148	-2.1561
0	0.0524	-0.2128	0.1341	0.0489	0.5705	-0.0119	0.2587	-0.0161	1.7364
1	-0.1505	-0.0924	0.2521	0.0110	-0.0350	0.5711	-1.0621	-1.1242	0.3603
2	-0.0325	0.1645	0.0482	0.0164	-0.5600	-0.0054	-0.1131	-0.4327	-1.9714
0	0.0532	-0.1878	0.1337	0.0543	0.4780	-0.0363	0.5078	-0.4988	1.4328
1	-0.1270	-0.0931	0.2529	0.0587	0.0482	0.3886	-0.9328	-0.9348	0.3292
2	-0.0353	0.1394	0.0483	0.0401	-0.5434	-0.0442	-0.2103	-0.2531	-1.5228
0	0.0510	-0.1705	0.1359	0.0313	0.2945	-0.0988	0.3003	-0.0957	1.0709
1	-0.1129	-0.0873	0.2507	0.0645	0.0668	0.3136	-0.7796	-0.7191	0.3295
2	-0.0359	0.1181	0.0499	0.0062	-0.3112	0.0858	-0.2561	-0.2808	-1.3126
0	0.0486	-0.1540	0.1379	0.0281	0.4669	-0.1172	0.4998	-0.2893	1.2486
1	-0.0923	-0.0808	0.2479	0.1242	0.1395	0.4948	-0.3302	-0.7352	0.3328
2	-0.0343	0.1040	0.0528	0.0160	-0.3812	0.0600	-0.2242	-0.2431	-1.1111
0	0.0421	-0.1323	0.1412	0.0319	0.4357	-0.2207	0.3268	0.0499	0.9652
1	-0.0735	-0.0657	0.2399	0.1252	0.1732	0.3460	-0.7302	-0.5534	0.3291
2	-0.0315	0.0829	0.0561	0.0146	-0.4969	0.1885	-0.3300	-0.6115	-1.0562
0	0.0352	-0.1168	0.1459	-0.0213	0.2867	-0.1630	0.1722	0.4122	0.9925
1	-0.0601	-0.0550	0.2363	0.0932	0.1194	0.2885	-0.9287	-0.2973	0.2460
2	-0.0256	0.0646	0.0613	-0.0306	-0.3442	0.1837	-0.2086	0.0051	-1.0811
0	0.0311	-0.1021	0.1485	0.0429	0.3867	-0.0586	-0.0575	0.7431	0.9027
1	-0.0444	-0.0512	0.2355	0.0310	0.0053	0.4261	-0.5449	-0.0949	0.1514
2	-0.0216	0.0507	0.0666	0.0130	-0.3261	0.1028	-0.0877	0.3425	-0.8741
0	0.0310	-0.0777	0.1467	0.1989	0.6261	-0.0097	-0.0359	0.1161	0.2934
1	-0.0186	-0.0520	0.2339	0.1379	-0.1153	0.5913	-0.0692	-0.0824	0.1114
2	-0.0218	0.0305	0.0678	0.0734	-0.5652	-0.0191	0.0289	0.0787	-0.5148
0	0.0300	-0.0496	0.1383	0.2792	0.5961	0.0071	-0.0184	0.0272	0.1352
1	0.0061	-0.0523	0.2271	0.1161	-0.1618	0.5296	-0.0487	-0.0062	0.1124
2	-0.0224	0.0026	0.0631	0.2088	-0.6177	-0.0372	-0.0986	-0.0963	-0.1345
0	0.0314	-0.0233	0.1298	0.2007	0.4746	-0.0207	0.4617	-0.4842	0.0288
1	0.0291	-0.0526	0.2221	0.1376	-0.0031	0.3908	0.0682	-0.0089	0.2070
2	-0.0240	-0.0253	0.0551	0.1766	-0.5257	-0.0655	-0.1169	0.0181	-0.0890
0	0.0279	-0.0058	0.1271	0.0791	0.3521	-0.1447	0.2102	-0.0024	-0.0012
1	0.0457	-0.0446	0.2158	0.1401	0.0607	0.3438	0.0607	0.1270	0.0936
2	-0.0230	-0.0461	0.0511	0.0941	-0.4047	0.0990	-0.2277	-0.3217	-0.0934
0	0.0227	0.0087	0.1265	0.0882	0.3103	-0.1551	0.1420	0.2351	-0.1913
1	0.0584	-0.0373	0.2098	0.1369	0.0612	0.3017	0.0463	0.4151	0.1440
2	-0.0186	-0.0619	0.0514	0.0736	-0.3117	0.1149	-0.1131	0.0710	0.0965
0	0.0188	0.0233	0.1278	-0.0067	0.3711	-0.0999	0.0904	0.3916	-0.2961
1	0.0754	-0.0321	0.2089	0.0544	0.0920	0.4102	0.1283	0.6173	0.0526
2	-0.0146	-0.0756	0.0517	0.0185	-0.3275	0.0935	-0.0531	0.3443	0.1375
0	0.0166	0.0411	0.1310	0.0247	0.4147	0.0055	-0.2976	1.3400	-0.8691
1	0.0965	-0.0353	0.2142	-0.0747	-0.1004	0.5156	0.1592	1.2168	0.0883
2	-0.0127	-0.0941	0.0551	-0.0047	-0.4197	0.0493	-0.0241	0.4234	0.3588
0	0.0206	0.0624	0.1310	0.0600	0.3661	-0.0050	0.2590	-0.0086	-1.1757
1	0.1196	-0.0443	0.2217	0.0082	-0.0013	0.3900	0.5366	1.2563	0.0790
2	-0.0169	-0.1130	0.0553	0.0370	-0.4345	-0.1011	-0.0442	0.9118	0.9861
0	0.0185	0.0766	0.1315	0.0573	0.2671	-0.1158	0.0204	0.3885	-1.1865
1	0.1353	-0.0438	0.2224	0.0359	-0.0098	0.3203	0.6632	1.2867	0.0664
2	-0.0176	-0.1299	0.0557	0.0374	-0.2862	0.0844	-0.2059	0.3888	1.1325
0	0.0185	0.0908	0.1313	0.0767	0.3374	0.0097	-0.1581	0.5163	-1.1599
1	0.1513	-0.0481	0.2257	-0.0264	-0.0620	0.3373	0.7182	1.3558	0.0087
2	-0.0167	-0.1427	0.0560	0.0332	-0.2952	-0.0290	0.0031	0.6888	1.1031
0	0.0205	0.1079	0.1314	0.0307	0.3540	-0.0122	0.2568	-0.2277	-1.3293
1	0.1676	-0.0525	0.2311	-0.0024	0.0391	0.2547	1.1187	1.1600	0.1258
2	-0.0199	-0.1591	0.0563	0.0034	-0.3702	-0.0397	0.0133	0.3937	1.1657
0	0.0191	0.1198	0.1330	0.0226	0.2145	-0.1061	0.2724	-0.2843	-1.7455
1	0.1787	-0.0505	0.2320	0.0857	0.0460	0.2931	1.4554	1.1805	0.2521
2	-0.0207	-0.1728	0.0585	-0.0158	-0.2383	0.0672	-0.2518	0.0149	1.5068
0	0.0150	0.1328	0.1332	0.0726	0.3648	-0.1036	-0.0940	0.2130	-1.3345
1	0.1958	-0.0475	0.2302	0.1142	0.0373	0.4921	1.4376	1.2166	0.0877
2	-0.0180	-0.1843	0.0598	0.0610	-0.2886	0.0922	-0.2876	-0.0949	1.6923
0	0.0093	0.1531	0.1307	0.1592	0.5092	-0.1913	-0.0662	0.2702	-1.6181
1	0.2193	-0.0409	0.2238	0.1502	0.0212	0.5498	1.1339	1.5340	0.0597
2	-0.0150	-0.2013	0.0584	0.1184	-0.4655	0.1262	-0.0847	-0.0076	1.5432
0	0.0050	0.1765	0.1275	0.1075	0.4193	-0.0444	-0.3075	0.6902	-1.9291
1	0.2418	-0.0396	0.2218	0.0355	-0.0229	0.3744	0.9844	1.9366	-0.0632
2	-0.0101	-0.2257	0.0549	0.0916	-0.4906	0.0616	0.0858	0.7244	1.5485
0	0.0051	0.1932	0.1274	0.0285	0.3938	-0.0031	-0.1508	0.5460	-1.9527
1	0.2586	-0.0415	0.2246	0.0017	-0.0049	0.4098	1.3119	1.9626	-0.0255
2	-0.0100	-0.2435	0.0538	0.0216	-0.3622	-0.0048	0.1773	0.9582	1.7525
0	0.0047	0.2166	0.1268	0.1191	0.5403	-0.0925	0.0207	-0.0218	-2.3930
1	0.2845	-0.0405	0.2236	0.1349	0.0136	0.5671	1.9759	1.9237	0.0935
2	-0.0118	-0.2623	0.0542	0.0628	-0.4984	0.0032	-0.0861	0.3121	2.2143
0	0.0030	0.2393	0.1245	0.0539	0.5080	0.0071	-0.3562	0.8356	-2.0999
1	0.3067	-0.0405	0.2245	-0.0575	-0.0146	0.4387	1.5404	2.2150	-0.0911
2	-0.0111	-0.2871	0.0515	0.0767	-0.5044	0.0322	-0.1103	0.3702	2.3639
0	0.0061	0.2602	0.1275	-0.0456	0.4467	0.0333	0.0762	0.0264	-2.6304
1	0.3256	-0.0435	0.2314	-0.0421	0.0817	0.4051	1.8484	2.2830	-0.0357
2	-0.0142	-0.3084	0.0530	-0.0580	-0.4755	-0.0922	0.2212	0.9070	2.2276
0	0.0053	0.2788	0.1326	-0.0534	0.4294	-0.1022	0.3521	-0.3338	-2.9842
1	0.3415	-0.0405	0.2345	0.0756	0.1561	0.4115	2.4594	2.1529	0.2775
2	-0.0166	-0.3270	0.0576	-0.0802	-0.4144	0.0180	-0.1451	0.4163	2.6836
0	0.0000	0.3028	0.1350	-0.0071	0.6627	-0.0607	-0.2611	0.9495	-2.7149
1	0.3701	-0.0356	0.2355	-0.1388	0.0443	0.7387	2.5504	2.4466	-0.0080
2	-0.0140	-0.3475	0.0617	0.0055	-0.5829	0.1456	-0.5729	-0.2877	3.0931
0	0.0034	0.3343	0.1442	-0.2193	0.6549	0.1572	-0.0411	0.3283	-3.5304
1	0.3985	-0.0420	0.2519	-0.2255	0.1065	0.3842	2.0518	3.0037	-0.1177
2	-0.0168	-0.3810	0.0684	-0.2376	-0.7399	-0.1849	0.3866	0.9433	2.7118
0	0.0048	0.3510	0.1552	-0.1165	0.1965	-0.0347	0.0931	-0.1288	-4.6246
1	0.4088	-0.0415	0.2608	-0.0328	0.0687	0.2491	3.2538	3.2165	0.2561
2	-0.0212	-0.4014	0.0802	-0.1821	-0.2413	0.0125	-0.2153	1.0459	3.7202
0	0.0038	0.3653	0.1591	0.0087	0.3468	-0.0131	-0.0334	0.2043	-4.1356
1	0.4252	-0.0431	0.2655	0.0084	0.0036	0.3744	3.4578	3.0076	0.1669
2	-0.0208	-0.4125	0.0857	-0.0378	-0.3084	0.0173	-0.5490	0.2028	4.5544
0	0.0032	0.3817	0.1599	0.0317	0.3322	-0.0410	-0.1994	0.1326	-3.9060
1	0.4402	-0.0436	0.2672	-0.0034	0.0280	0.2822	2.8905	3.0613	-0.0980
2	-0.0215	-0.4285	0.0867	0.0225	-0.3590	0.0183	-0.3004	0.3038	4.1198
0	0.0033	0.3947	0.1628	-0.0203	0.3377	0.0714	-0.4468	0.6345	-4.0132
1	0.4548	-0.0463	0.2727	-0.0934	-0.0536	0.3605	3.0614	3.2477	-0.0897
2	-0.0217	-0.4440	0.0880	-0.0450	-0.3019	-0.0359	0.1069	0.7471	3.8536
0	0.0069	0.4115	0.1664	0.0366	0.3261	-0.0046	0.2147	-0.3950	-4.4340
1	0.4688	-0.0493	0.2764	0.0558	0.0141	0.2969	3.3602	3.1375	0.1533
2	-0.0262	-0.4588	0.0913	-0.0140	-0.3425	-0.0866	-0.1099	0.6274	4.1503
0	0.0054	0.4249	0.1659	0.0605	0.2975	-0.0746	0.0166	0.1367	-4.3862
1	0.4819	-0.0475	0.2751	0.0761	0.0146	0.2827	3.4318	3.1895	0.2179
2	-0.0272	-0.4729	0.0913	0.0377	-0.2956	0.0576	-0.4936	0.1822	4.3829
0	0.0032	0.4384	0.1639	0.1157	0.2997	-0.1206	0.0616	-0.0731	-4.7942
1	0.4953	-0.0449	0.2710	0.1421	0.0331	0.2473	3.5816	3.4146	0.2012
2	-0.0260	-0.4862	0.0897	0.0702	-0.3015	0.0600	-0.4017	0.4237	4.4823
0	-0.0004	0.4501	0.1609	0.0697	0.1927	-0.0778	-0.1863	0.4688	-4.7545
1	0.5047	-0.0425	0.2680	0.0504	-0.0132	0.1828	3.5084	3.6340	0.0668
2	-0.0232	-0.4998	0.0856	0.0716	-0.2084	0.0985	-0.3570	0.5370	4.6766
0	-0.0002	0.4585	0.1610	0.0654	0.1763	-0.0237	0.0662	-0.3384	-4.9244
1	0.5130	-0.0436	0.2682	0.0821	-0.0032	0.1616	3.7646	3.4235	0.1317
2	-0.0225	-0.5086	0.0839	0.0201	-0.1844	-0.0181	-0.1351	0.7783	4.6536
0	-0.0016	0.4671	0.1592	0.0693	0.1957	-0.0617	-0.0609	-0.0348	-4.5977
1	0.5222	-0.0423	0.2659	0.0604	0.0004	0.2281	3.9377	3.2633	0.1186
2	-0.0222	-0.5171	0.0822	0.0753	-0.1710	0.0725	-0.4723	0.1122	4.8360
0	-0.0028	0.4770	0.1581	0.0876	0.2066	-0.0936	0.0077	-0.5154	-5.0198
1	0.5319	-0.0405	0.2630	0.1355	0.0243	0.1733	4.0360	3.2749	0.0965
2	-0.0215	-0.5266	0.0799	0.0640	-0.2281	0.0426	-0.2614	0.1328	4.7386
0	-0.0064	0.4852	0.1553	0.0619	0.1696	-0.1336	-0.1641	-0.1951	-4.7165
1	0.5404	-0.0361	0.2588	0.0717	0.0370	0.1908	3.9896	3.3304	-0.0637
2	-0.0193	-0.5361	0.0762	0.0816	-0.1754	0.1193	-0.3072	-0.0026	4.9183
0	-0.0086	0.4941	0.1550	0.0558	0.1887	-0.0150	-0.2723	0.1471	-5.1658
1	0.5486	-0.0361	0.2586	0.0414	-0.0322	0.1636	3.9765	3.6725	0.0034
2	-0.0161	-0.5451	0.0738	0.0316	-0.1873	0.0394	-0.0305	0.3181	4.8487
0	-0.0084	0.5014	0.1545	0.0719	0.1439	-0.0274	-0.2005	0.1385	-4.8575
1	0.5553	-0.0371	0.2582	0.0080	-0.0376	0.1854	3.9290	3.5954	0.0079
2	-0.0168	-0.5531	0.0726	0.0597	-0.1381	0.0228	-0.2351	0.4189	5.1269
0	-0.0059	0.5097	0.1562	0.0106	0.2107	0.0953	-0.2305	-0.0368	-5.1280
1	0.5639	-0.0413	0.2627	-0.0813	-0.0871	0.1853	4.1591	3.5644	0.0152
2	-0.0185	-0.5604	0.0720	-0.0035	-0.1988	-0.0836	-0.0829	0.5011	4.8662
0	-0.0020	0.5177	0.1592	0.0450	0.1182	0.0011	0.2992	-1.1118	-5.7175
1	0.5706	-0.0444	0.2654	0.0651	-0.0031	0.1082	4.7926	3.4154	0.2694
2	-0.0235	-0.5684	0.0743	0.0031	-0.1439	-0.0724	-0.3369	0.0604	5.3239
0	-0.0029	0.5249	0.1573	0.0885	0.1573	-0.0951	-0.1756	-0.4131	-5.3605
1	0.5774	-0.0421	0.2625	0.0843	0.0319	0.1215	4.5586	3.5487	-0.0165
2	-0.0245	-0.5752	0.0730	0.0740	-0.1467	0.0760	-0.5563	-0.3719	5.6290
0	-0.0055	0.5297	0.1558	0.0614	0.0270	-0.0969	-0.1886	-0.3793	-5.4799
1	0.5800	-0.0393	0.2596	0.1128	0.0197	0.0420	4.3340	3.6297	-0.0407
2	-0.0219	-0.5825	0.0699	0.0433	-0.0658	0.0877	-0.1472	0.1382	5.3556
0	-0.0068	0.5346	0.1532	0.0931	0.1791	-0.0169	-0.3722	0.0597	-5.1486
1	0.5868	-0.0394	0.2575	0.0219	-0.0540	0.1750	4.3659	3.6090	-0.0691
2	-0.0195	-0.5855	0.0666	0.0895	-0.1297	0.0500	-0.1565	0.1342	5.3349
0	-0.0051	0.5421	0.1531	0.0581	0.1439	-0.0001	-0.1622	-0.5173	-5.4455
1	0.5931	-0.0410	0.2581	0.0283	-0.0179	0.1237	4.5300	3.6019	-0.0775
2	-0.0206	-0.5929	0.0645	0.0468	-0.1610	-0.0246	-0.0770	0.2502	5.2841
0	-0.0054	0.5482	0.1532	0.0622	0.1181	-0.0483	-0.0859	-0.4896	-5.6715
1	0.5983	-0.0404	0.2575	0.0692	0.0056	0.1033	4.7446	3.6456	0.0573
2	-0.0214	-0.5995	0.0635	0.0337	-0.1190	0.0366	-0.2451	-0.0946	5.5973
0	-0.0071	0.5527	0.1520	0.0492	0.0621	-0.0989	-0.0979	-0.5853	-5.4661
1	0.6015	-0.0378	0.2553	0.0958	0.0716	0.0431	4.5991	3.5799	-0.0012
2	-0.0205	-0.6046	0.0619	0.0518	-0.0962	0.0675	-0.3219	-0.0692	5.6459
0	-0.0108	0.5566	0.1503	0.0806	0.1316	-0.0942	-0.4222	0.0132	-5.7396
1	0.6065	-0.0350	0.2525	0.0587	-0.0695	0.1440	4.6348	3.8644	0.0202
2	-0.0169	-0.6087	0.0595	0.0457	-0.0902	0.1212	-0.2448	-0.0854	5.5125
0	-0.0097	0.5632	0.1492	0.0652	0.1176	0.0015	-0.1898	-0.5667	-5.4630
1	0.6129	-0.0382	0.2524	0.0343	-0.0382	0.1016	4.6040	3.6610	-0.1106
2	-0.0159	-0.6152	0.0565	0.0734	-0.1360	-0.0113	-0.1075	0.3892	5.6906
0	-0.0097	0.5670	0.1498	0.0140	0.0358	-0.0353	-0.2414	-0.5860	-5.6746
1	0.6151	-0.0380	0.2526	0.0189	0.0304	0.0387	4.7596	3.6255	-0.1230
2	-0.0167	-0.6205	0.0553	0.0151	-0.0615	0.0323	-0.0853	-0.0554	5.5674
0	-0.0106	0.5699	0.1513	0.0514	0.0973	-0.0284	-0.1722	-0.6161	-6.0095
1	0.6190	-0.0375	0.2526	0.0573	-0.0181	0.1116	5.0926	3.7130	0.1150
2	-0.0155	-0.6224	0.0558	-0.0062	-0.0553	0.0330	-0.1415	-0.1424	5.7607
0	-0.0106	0.5746	0.1504	0.0685	0.0961	-0.0604	-0.1406	-0.5484	-5.6563
1	0.6236	-0.0375	0.2511	0.0808	-0.0011	0.0685	4.8339	3.6914	-0.0061
2	-0.0157	-0.6271	0.0544	0.0622	-0.0868	0.0211	-0.3581	-0.1493	5.9171
0	-0.0111	0.5778	0.1504	0.0359	0.0748	0.0135	-0.3005	-0.1222	-5.7992
1	0.6265	-0.0378	0.2514	0.0276	-0.0251	0.0860	4.7773	3.8314	-0.0192
2	-0.0153	-0.6308	0.0526	0.0225	-0.0551	0.0249	-0.1735	-0.0093	5.7156
0	-0.0101	0.5820	0.1511	0.0569	0.0793	-0.0085	-0.1489	-0.5320	-5.8779
1	0.6302	-0.0383	0.2511	0.0479	-0.0076	0.0440	4.9085	3.7880	0.0206
2	-0.0162	-0.6347	0.0523	0.0439	-0.0987	0.0046	-0.1825	0.0741	5.8214
0	-0.0107	0.5847	0.1514	0.0407	0.0582	-0.0481	-0.1648	-0.5300	-5.8324
1	0.6324	-0.0373	0.2501	0.0586	0.0041	0.0737	4.9545	3.7293	0.0579
2	-0.0164	-0.6378	0.0513	0.0217	-0.0445	0.0424	-0.2892	-0.1028	5.8415
0	-0.0109	0.5878	0.1511	0.0690	0.0409	-0.0285	-0.1959	-0.4237	-5.9236
1	0.6347	-0.0371	0.2488	0.0619	-0.0093	0.0200	4.8768	3.8967	0.0356
2	-0.0157	-0.6408	0.0502	0.0512	-0.0631	0.0270	-0.2970	-0.0218	5.9152
0	-0.0116	0.5882	0.1510	0.0307	-0.0100	-0.0565	-0.1940	-0.4718	-5.7938
1	0.6342	-0.0357	0.2474	0.0652	0.0141	-0.0232	4.8522	3.8210	-0.0231
2	-0.0155	-0.6424	0.0485	0.0290	0.0146	0.0504	-0.2113	0.1016	5.8967
0	-0.0123	0.5879	0.1514	0.0428	-0.0002	-0.0120	-0.2248	-0.5020	-5.9508
1	0.6340	-0.0354	0.2467	0.0344	-0.0275	0.0348	5.0454	3.7837	0.0071
2	-0.0141	-0.6419	0.0474	0.0297	0.0050	0.0328	-0.2064	-0.0054	5.8689
0	-0.0110	0.5905	0.1525	0.0450	0.0803	0.0158	-0.1785	-0.7513	-5.9499
1	0.6371	-0.0366	0.2473	0.0294	-0.0133	0.0527	5.1229	3.7098	-0.0291
2	-0.0148	-0.6430	0.0466	0.0328	-0.0745	-0.0208	-0.1990	-0.1470	5.9349
0	-0.0110	0.5921	0.1533	0.0477	0.0083	-0.0298	-0.1770	-0.5709	-6.1047
1	0.6379	-0.0361	0.2464	0.0640	-0.0225	0.0143	5.1525	3.7716	0.0937
2	-0.0155	-0.6456	0.0461	0.0209	0.0008	0.0424	-0.2814	-0.2704	6.0091
0	-0.0112	0.5931	0.1524	0.0711	0.0096	-0.0500	-0.0860	-0.5679	-5.9029
1	0.6384	-0.0357	0.2440	0.0777	-0.0048	-0.0206	5.0187	3.7911	0.0766
2	-0.0154	-0.6466	0.0442	0.0656	-0.0128	0.0401	-0.3577	-0.1553	6.0582
0	-0.0116	0.5930	0.1521	0.0510	0.0105	-0.0362	-0.2179	-0.4850	-6.0019
1	0.6383	-0.0350	0.2423	0.0716	-0.0094	0.0063	5.0163	3.8572	0.0046
2	-0.0149	-0.6468	0.0421	0.0332	0.0053	0.0372	-0.2794	-0.0431	5.8954
0	-0.0115	0.5927	0.1522	0.0283	-0.1000	-0.0102	-0.0876	-0.7295	-5.9168
1	0.6343	-0.0344	0.2417	0.0448	0.0334	-0.2042	4.7959	3.8656	-0.0102
2	-0.0146	-0.6473	0.0407	0.0363	0.0098	0.0158	-0.2057	0.0443	5.9720
0	-0.0129	0.5861	0.1535	0.0482	-0.0229	-0.0212	-0.3315	-0.1299	-5.9743
1	0.6304	-0.0328	0.2405	0.0550	-0.0037	0.0421	5.1314	3.8383	0.0537
2	-0.0130	-0.6414	0.0405	0.0024	0.1386	0.0727	-0.2458	0.0242	5.9183
0	-0.0117	0.5883	0.1529	0.0670	0.0312	-0.0415	-0.0917	-1.0671	-5.6831
1	0.6325	-0.0319	0.2387	0.0770	0.0214	-0.0093	5.0776	3.5564	-0.0434
2	-0.0134	-0.6414	0.0387	0.0771	-0.0626	-0.0007	-0.2802	-0.1834	5.9871
0	-0.0132	0.5877	0.1529	0.0355	-0.0541	-0.0620	-0.1984	-0.6060	-6.0166
1	0.6301	-0.0295	0.2368	0.0631	0.0375	-0.0793	4.9752	3.7776	-0.0303
2	-0.0128	-0.6425	0.0369	0.0234	0.0288	0.0619	-0.2133	-0.2833	5.8288
0	-0.0143	0.5844	0.1538	0.0198	-0.0949	-0.0297	-0.1978	-0.5655	-5.8582
1	0.6261	-0.0277	0.2363	0.0430	0.0279	-0.1011	4.8814	3.8411	-0.0528
2	-0.0113	-0.6402	0.0358	0.0125	0.0747	0.0354	-0.2060	0.0170	5.9516
0	-0.0144	0.5808	0.1541	0.0781	-0.0794	-0.0121	-0.2526	-0.3229	-6.0064
1	0.6216	-0.0265	0.2352	0.0649	-0.0499	-0.1586	4.8263	3.9737	0.0080
2	-0.0104	-0.6366	0.0352	0.0417	0.0798	0.0335	-0.2281	0.0453	5.9283
0	-0.0113	0.5746	0.1541	0.1058	-0.1615	0.0591	-0.2511	-0.2848	-5.9982
1	0.6145	-0.0299	0.2340	0.0484	-0.0755	-0.1384	4.8511	3.9910	-0.0639
2	-0.0116	-0.6314	0.0330	0.0788	0.1795	-0.0380	-0.2751	0.3591	6.0206
0	-0.0085	0.5698	0.1539	0.0768	-0.0362	0.0030	-0.1445	-0.5769	-5.5646
1	0.6121	-0.0313	0.2328	0.0559	-0.0468	-0.0171	4.9104	3.5899	-0.0705
2	-0.0143	-0.6256	0.0308	0.0678	0.0965	-0.0082	-0.2144	0.0000	5.8300
0	-0.0069	0.5691	0.1539	0.0524	-0.0219	0.0042	-0.1456	-0.8083	-5.5213
1	0.6112	-0.0324	0.2324	0.0267	-0.0123	-0.0645	4.8279	3.3810	-0.0983
2	-0.0159	-0.6242	0.0290	0.0567	0.0140	-0.0050	-0.2325	-0.2839	5.6004
0	-0.0074	0.5667	0.1553	0.0208	-0.0356	-0.0500	-0.1830	-0.9508	-5.6241
1	0.6087	-0.0312	0.2320	0.0657	0.0026	-0.0081	5.0807	3.3126	-0.0945
2	-0.0164	-0.6225	0.0283	0.0053	0.0673	0.0466	-0.1726	-0.4092	5.5688
0	-0.0085	0.5674	0.1546	0.0819	0.0179	-0.0616	-0.2395	-0.7138	-5.8563
1	0.6095	-0.0306	0.2299	0.0462	-0.0058	0.0162	4.8909	3.6252	-0.0984
2	-0.0149	-0.6216	0.0275	0.0501	-0.0126	0.0491	-0.2428	-0.5508	5.7307
0	-0.0090	0.5674	0.1549	0.0112	-0.0348	-0.0457	-0.1320	-0.6333	-5.6018
1	0.6083	-0.0294	0.2298	0.0372	0.0386	-0.0451	4.6229	3.6737	-0.1294
2	-0.0143	-0.6226	0.0257	0.0162	0.0119	0.0237	-0.1300	-0.0342	5.6626
0	-0.0111	0.5658	0.1568	0.0110	-0.0441	-0.0533	-0.1961	-0.3829	-5.9631
1	0.6062	-0.0276	0.2294	0.0674	0.0008	-0.0523	4.7304	3.8864	-0.0314
2	-0.0125	-0.6212	0.0259	-0.0108	0.0295	0.0476	-0.1552	0.0651	5.6175
0	-0.0113	0.5641	0.1571	0.0654	-0.0590	-0.0034	-0.1839	-0.3273	-5.8500
1	0.6040	-0.0282	0.2286	0.0494	-0.0268	-0.0959	4.6676	3.9224	0.0138
2	-0.0113	-0.6195	0.0252	0.0458	0.0353	0.0125	-0.2812	0.2409	5.9175
0	-0.0111	0.5598	0.1575	0.0166	-0.0779	-0.0150	-0.1329	-0.3401	-5.3211
1	0.5995	-0.0282	0.2280	0.0276	-0.0099	-0.0449	4.6481	3.6205	-0.0397
2	-0.0118	-0.6164	0.0241	0.0347	0.1226	0.0327	-0.2637	0.1491	5.7206
0	-0.0111	0.5587	0.1588	0.0366	-0.0074	-0.0262	-0.0563	-0.6885	-5.7703
1	0.5986	-0.0279	0.2278	0.0570	0.0182	-0.0673	4.8548	3.6098	0.0128
2	-0.0117	-0.6138	0.0240	0.0258	0.0039	0.0194	-0.2517	-0.1310	5.5432
0	-0.0125	0.5557	0.1588	0.0549	-0.0818	-0.0629	-0.2240	-0.6054	-5.6191
1	0.5952	-0.0262	0.2262	0.0672	0.0088	-0.0348	4.7976	3.5571	-0.0662
2	-0.0107	-0.6124	0.0227	0.0340	0.0875	0.0667	-0.3089	-0.1092	5.7624
0	-0.0132	0.5552	0.1582	0.0704	0.0232	-0.0208	-0.2537	-0.3445	-5.5378
1	0.5957	-0.0261	0.2249	0.0592	-0.0282	-0.0034	4.6830	3.6186	-0.0830
2	-0.0093	-0.6103	0.0211	0.0546	0.0102	0.0480	-0.2017	-0.1640	5.5921
0	-0.0127	0.5548	0.1579	0.0552	-0.0390	-0.0186	-0.1656	-0.5366	-5.5016
1	0.5942	-0.0264	0.2238	0.0614	-0.0102	-0.0434	4.6186	3.5912	-0.0692
2	-0.0095	-0.6107	0.0189	0.0523	0.0252	0.0230	-0.1536	0.0339	5.5759
0	-0.0130	0.5538	0.1575	0.0642	-0.0024	-0.0464	-0.0910	-0.4316	-5.6882
1	0.5936	-0.0260	0.2223	0.0707	-0.0067	0.0071	4.8044	3.6441	0.0385
2	-0.0093	-0.6094	0.0174	0.0493	0.0283	0.0444	-0.2620	-0.0914	5.5777
