0	0.0000	0.0000	0.0000	0.0000	0.0000	0.0000	0.0000	0.0000	0.0000
0	0.0000	0.0000	0.0000	0.0000	0.0000	0.0000	0.0000	0.0000	0.0000
0	0.0000	0.0000	0.0000	0.0000	0.0000	0.0000	0.0000	0.0000	0.0000
0	0.0014	-0.0214	0.0318	0.0287	-0.0397	-0.0054	0.0754	0.1187	-0.2398
1	-0.0182	-0.0716	0.0149	-0.0246	-0.0306	-0.0220	-0.2494	0.3144	-0.2408
2	-0.0324	-0.0331	-0.0201	0.0091	0.0377	-0.0231	0.1549	0.4041	-0.0390
0	0.0016	-0.0216	0.0314	-0.0347	0.0108	0.0539	0.0974	0.6031	0.5009
1	-0.0196	-0.0715	0.0139	0.0434	0.0003	-0.0318	-0.0799	0.3094	0.0880
2	-0.0319	-0.0322	-0.0214	0.0155	-0.0160	-0.0141	-0.0454	0.3520	-0.1222
0	0.0033	-0.0196	0.0320	0.0273	0.0898	-0.0067	0.1057	0.3885	-0.0433
1	-0.0197	-0.0734	0.0151	-0.0587	-0.0285	0.0247	-0.4454	0.2319	0.0518
2	-0.0343	-0.0328	-0.0208	0.0140	-0.0445	-0.0241	-0.2551	0.3202	-0.0953
0	0.0046	-0.0149	0.0306	0.0405	0.0744	0.1070	-0.4224	0.4978	-0.1580
1	-0.0168	-0.0753	0.0160	0.0125	-0.0248	0.0997	-0.0741	0.3336	0.2396
2	-0.0352	-0.0370	-0.0221	0.0341	-0.0974	-0.0642	-0.1177	0.3825	0.1108
0	0.0098	-0.0137	0.0306	-0.0218	0.0095	0.0826	0.3523	-0.4804	0.1367
1	-0.0133	-0.0814	0.0183	-0.0668	-0.1292	0.0417	-0.1542	0.4162	-0.1080
2	-0.0401	-0.0395	-0.0238	-0.0091	-0.0067	-0.1458	0.1732	0.3778	0.0041
0	0.0098	-0.0090	0.0312	0.0433	0.2507	-0.0409	0.2757	0.3048	-0.0613
1	-0.0133	-0.0873	0.0222	-0.0279	0.0118	0.0465	0.0232	-0.1427	0.0969
2	-0.0430	-0.0408	-0.0234	-0.0143	-0.1304	0.0129	-0.2807	-0.3908	-0.1468
0	0.0054	0.0134	0.0250	0.2259	0.6446	-0.1027	-0.1783	0.7069	-0.1922
1	-0.0048	-0.0873	0.0225	0.1013	-0.0090	0.3689	0.1685	-0.0597	0.4361
2	-0.0413	-0.0547	-0.0258	0.1519	-0.5223	0.0681	-0.4883	-0.1183	0.1413
0	0.0033	0.0449	0.0127	0.3184	0.6046	-0.0373	0.5874	-0.5714	-0.8185
1	0.0242	-0.0874	0.0172	0.1950	-0.1601	0.7238	0.1440	0.3814	0.2400
2	-0.0391	-0.0861	-0.0360	0.2773	-0.7178	-0.0336	-0.1907	0.2880	0.3165
0	0.0001	0.0615	0.0019	0.1189	-0.0101	-0.1807	0.6065	-1.2786	-1.2211
1	0.0541	-0.0917	0.0098	0.2465	-0.1575	0.4667	0.3708	0.2488	0.5138
2	-0.0386	-0.1123	-0.0492	0.2215	-0.2979	0.0552	-0.5358	-0.1196	0.6236
0	-0.0067	0.0283	-0.0019	0.0411	-1.6410	-0.0872	0.0540	-1.2958	-1.9213
1	0.0589	-0.0846	-0.0014	0.1938	0.1675	-0.4900	0.3251	0.4892	0.2662
2	-0.0312	-0.1045	-0.0544	0.0923	0.9511	0.1850	-0.2603	0.7879	1.2287
0	-0.0071	-0.0843	-0.0035	-0.0638	-3.8126	0.0159	0.5955	-2.4955	-0.2085
1	-0.0014	-0.0627	-0.0233	0.1195	0.1958	-2.3814	-0.7787	1.1398	0.1190
2	-0.0235	-0.0261	-0.0575	0.1523	2.9181	0.1413	-0.1326	1.6620	1.2311
0	-0.0039	-0.3187	0.0154	-0.6682	-6.6309	0.1136	-1.0054	-1.3564	2.1563
1	-0.1549	-0.0132	-0.0758	-0.0229	0.5702	-4.8465	-1.7909	0.7129	-0.1209
2	-0.0122	0.1837	-0.0489	-0.3840	6.1249	0.4286	0.3268	1.2929	0.2247
0	0.0258	-0.6498	0.0255	-0.3704	-8.0745	0.7692	0.2162	-3.6265	6.1066
1	-0.4074	0.1297	-0.2101	-0.2975	0.4891	-6.8447	-2.9534	0.7278	-0.8881
2	-0.0133	0.4752	-0.0299	-0.3058	7.6040	-0.1096	0.8471	1.4019	-0.8300
0	0.0487	-0.9847	0.0091	0.5339	-6.1911	0.4313	-0.4630	-3.6653	6.7863
1	-0.6809	0.8230	-0.9222	-0.2391	-0.0034	-7.8306	-3.4096	-1.8688	0.0625
2	-0.0238	0.8413	-0.0336	0.2501	7.2198	-0.1101	-0.8726	-5.4181	-2.7346
0	0.0077	-1.1931	-0.0459	1.5591	-3.0818	1.0520	-1.4564	-3.5253	9.8044
1	-0.5999	2.1695	-2.2972	0.8436	-0.6542	-4.8861	1.0564	-5.6365	1.0823
2	0.0102	1.0801	-0.0588	1.5340	3.7467	-0.6855	-0.7183	-7.9407	-3.8079
0	-0.0313	-1.2783	-0.1126	0.9500	-1.1913	0.8807	0.0022	-7.8527	13.2123
1	-0.4473	2.3108	-2.4991	0.7822	-1.6199	-2.7914	-0.8185	-8.7353	-0.2434
2	0.0646	1.1981	-0.1159	1.2545	1.9247	-1.1935	2.2485	-7.8230	-9.0873
0	-0.0524	-1.2857	-0.1311	0.4501	0.5275	0.0438	-0.7313	-5.3897	10.3495
1	-0.3663	2.2948	-2.5421	0.4062	-0.7937	-0.6489	-2.4833	-12.1232	-2.7524
2	0.0976	1.2347	-0.1504	0.5170	-0.0237	-0.1214	2.4596	-10.8234	-10.8872
0	-0.0639	-1.2290	-0.1512	0.2102	1.3620	0.5256	-0.7175	-6.2790	9.5218
1	-0.3680	2.2264	-2.4846	0.1606	-0.5882	1.1200	-2.1209	-11.3893	-1.8940
2	0.1149	1.2008	-0.1614	0.3323	-1.4449	-0.5655	1.7205	-7.8835	-9.1491
0	-0.0554	-1.1564	-0.1685	-0.3771	2.5930	0.2611	-0.6093	-5.5004	14.3583
1	-0.4142	2.1305	-2.4010	-0.2654	-0.5493	1.1543	-3.1496	-9.9645	-1.8116
2	0.1152	1.1360	-0.1854	-0.1344	-1.5078	-0.5260	1.9515	-6.9094	-8.9117
0	-0.0267	-0.9631	-0.1646	-0.4484	4.8583	0.2507	-0.7581	-6.2367	8.8675
1	-0.4907	1.9936	-2.2609	-0.7670	-0.0533	3.5617	-2.2049	-12.1799	-2.7722
2	0.0843	0.9890	-0.1951	-0.7459	-4.4363	-0.4763	2.2757	-9.9960	-10.9231
0	-0.0044	-0.7176	-0.1625	-0.4301	6.5035	0.4189	-0.5412	-3.9736	9.4848
1	-0.6019	1.4456	-1.6933	-0.6668	-0.4450	5.0873	-1.7353	-10.1064	-1.0703
2	0.0500	0.7710	-0.2020	-0.5762	-5.7414	-0.6828	0.9526	-7.6118	-6.6876
0	0.0278	-0.3939	-0.1610	-0.3531	8.0331	0.8370	-0.7922	-4.2884	6.3950
1	-0.5233	0.4449	-0.6824	-0.9293	-0.9016	7.1043	-0.4343	-6.7903	-0.5097
2	0.0052	0.4840	-0.2098	-0.5829	-7.6262	-1.1644	0.7793	-6.5133	-4.9313
0	0.0694	-0.0402	-0.1457	-0.6659	8.0740	0.9722	0.3317	-3.2964	2.4889
1	-0.2321	0.0070	-0.2509	-1.1222	-1.2512	8.0049	0.7538	-3.6484	0.0465
2	-0.0615	0.1282	-0.2119	-0.8086	-8.0340	-1.4260	0.0867	-4.8306	-1.2415
0	0.1187	0.3039	-0.0973	-0.7378	6.3120	1.1389	1.0362	-4.0304	-5.6833
1	0.1141	-0.1678	-0.0825	-1.7489	-1.1971	7.6177	2.0619	0.7868	0.7988
2	-0.1436	-0.2432	-0.1699	-1.2951	-6.9660	-1.6798	-0.9566	-1.1259	3.2030
0	0.1460	0.5663	-0.0692	-0.1696	5.1940	0.4867	1.7126	-3.2311	-5.6684
1	0.4190	-0.2620	0.0147	-1.4341	-1.0598	6.0701	3.4331	4.6994	2.5940
2	-0.1989	-0.5157	-0.1204	-0.4142	-5.6431	-1.0589	-3.4093	-0.4729	7.6674
0	0.1521	0.7580	-0.0447	-0.3604	3.7825	0.6388	1.3084	-1.5051	-7.2216
1	0.6707	-0.3097	0.0461	-0.8883	-0.5769	4.5964	4.8681	4.4815	2.1095
2	-0.2234	-0.7340	-0.0903	-0.5793	-3.8339	-0.7445	-2.2278	-0.0392	7.2992
0	0.1592	0.9264	-0.0005	-0.7610	3.3040	1.1198	0.6021	-2.3693	-8.0261
1	0.8533	-0.3395	0.0746	-1.0123	-0.8540	3.9592	6.8740	3.8542	2.3497
2	-0.2459	-0.9229	-0.0415	-0.8110	-3.5417	-1.2194	-1.6707	-0.5669	7.5432
0	0.1603	1.0624	0.0579	-0.5215	3.0243	0.9827	1.7509	-5.3064	-9.4349
1	1.0088	-0.3674	0.1153	-1.5240	-0.9054	2.9997	7.9044	4.2536	1.8759
2	-0.2575	-1.0642	0.0251	-0.8521	-2.9106	-1.2969	-1.7594	-1.4056	9.4218
0	0.1603	1.1942	0.1006	-0.4171	2.1752	1.0021	1.2748	-4.1616	-9.3201
1	1.1460	-0.3899	0.1561	-0.9960	-0.6819	2.9092	10.2796	2.7462	2.8179
2	-0.2638	-1.1966	0.0741	-0.4862	-2.3887	-0.9389	-2.8893	-3.8979	10.1428
0	0.1586	1.2694	0.1534	-0.3809	0.8852	1.1264	2.0569	-8.5053	-12.0907
1	1.2589	-0.4095	0.1882	-1.1098	-0.8617	1.7964	10.2397	2.3685	2.7981
2	-0.2686	-1.2940	0.1280	-0.5719	-1.3490	-1.2856	-2.2681	-3.1751	10.3377
0	0.1630	1.2471	0.1849	0.2133	-1.8455	0.3636	2.1697	-10.1038	-14.7882
1	1.3113	-0.4220	0.2298	-0.7191	-0.5700	-0.2072	11.3900	1.8308	2.9886
2	-0.2732	-1.3121	0.1702	-0.0205	1.2855	-0.4819	-3.1812	-4.6975	12.7163
0	0.1820	1.1501	0.1758	0.3858	-2.3593	-0.2456	2.4889	-6.8444	-7.9896
1	1.2476	-0.4261	0.2494	0.3921	-0.1570	-2.2362	12.7448	1.9112	3.3177
2	-0.2893	-1.2238	0.1572	0.6365	2.2250	0.3236	-3.6198	-6.0044	13.0191
0	0.1804	1.0137	0.1629	0.1162	-4.2724	-0.4152	2.5689	-9.1896	-13.1949
1	1.1420	-0.4217	0.2443	0.2922	0.4361	-2.7214	11.7521	0.8749	2.7316
2	-0.2905	-1.1059	0.1281	0.0968	3.5667	0.5315	-2.4308	-4.9724	9.6958
0	0.1849	0.7677	0.0975	1.7563	-6.4670	-1.5844	0.6142	-8.1074	-10.0517
1	0.9690	-0.3914	0.2515	1.1594	0.7028	-5.2205	10.9722	2.6705	3.6542
2	-0.2816	-0.8892	0.0699	1.7088	5.9049	1.6016	-4.5267	-4.3599	13.9392
0	0.1543	0.4118	-0.0152	1.2610	-8.3134	-1.9884	-0.3190	-5.3685	-0.7817
1	0.6810	-0.3629	0.1863	2.9790	1.0448	-7.2861	9.8439	3.9214	3.6683
2	-0.2510	-0.5835	-0.0583	2.0237	7.5049	2.3813	-2.6684	-3.6562	10.3905
0	0.0828	0.0318	-0.0706	0.5241	-8.5853	-1.8099	0.0135	-2.2703	4.4946
1	0.3260	-0.2798	0.0828	2.7725	1.6838	-8.7163	4.8437	3.5116	1.1372
2	-0.1624	-0.2255	-0.1480	1.1784	8.5263	2.4068	0.0594	-2.3224	2.8030
0	0.0242	-0.3106	-0.0742	0.0709	-6.0100	-0.4341	-0.5960	2.9577	4.6216
1	-0.0714	-0.1051	-0.0653	1.6665	1.9940	-8.1079	1.9107	1.8751	0.5587
2	-0.0605	0.1308	-0.1664	0.4507	7.0467	1.6278	0.2945	-1.3802	-0.6056
0	0.0050	-0.5618	-0.0858	0.7370	-5.9317	-0.4819	0.2427	-5.2097	3.3805
1	-0.3605	0.1146	-0.2667	0.4895	0.4313	-5.5502	0.9333	-0.1688	1.0833
2	-0.0169	0.4214	-0.1662	0.7767	5.7011	0.6353	-0.6680	-1.5903	-1.1813
0	-0.0212	-0.8271	-0.1173	0.5892	-5.8696	0.5412	-1.0718	-4.6244	7.4159
1	-0.5524	0.5314	-0.6939	1.0879	0.2815	-5.7652	-0.9971	-2.8641	0.5070
2	0.0302	0.6640	-0.1778	0.9633	5.4372	0.0353	0.5395	-2.6841	-3.1425
0	-0.0244	-1.1289	-0.1384	0.4936	-5.6415	0.1131	-0.5020	-6.2188	8.5332
1	-0.6088	1.5483	-1.7468	0.1558	0.0450	-6.3403	-2.9679	-4.9577	-1.6991
2	0.0509	0.9548	-0.1953	0.3572	6.5265	0.0729	2.0488	-4.5512	-5.3021
0	-0.0662	-1.2535	-0.1739	1.3341	-0.8355	0.7583	-1.0804	-4.0133	12.1637
1	-0.4467	2.2084	-2.4300	0.6273	-0.3772	-4.3003	0.1226	-8.7099	-0.4849
2	0.0883	1.1681	-0.2033	1.3822	2.1025	-0.4965	0.0984	-10.4221	-5.8796
0	-0.0820	-1.2528	-0.2135	-0.0900	0.2526	0.4711	0.2225	-8.9508	12.3823
1	-0.3596	2.2255	-2.4922	0.4468	-1.2761	-0.4499	0.1717	-12.0952	-0.6255
2	0.1297	1.1948	-0.2440	0.6200	0.1107	-0.8562	2.3248	-9.9581	-10.6197
0	-0.0710	-1.2381	-0.2150	-0.0088	0.3483	-0.0913	-1.0937	-6.7246	6.6153
1	-0.3589	2.1928	-2.4834	-0.2745	-0.0201	0.3696	-2.3907	-12.7918	-3.2174
2	0.1226	1.1806	-0.2565	-0.1872	-0.3922	0.0246	2.2538	-9.8561	-9.6617
0	-0.0713	-1.2006	-0.2243	-0.2038	1.7674	0.4798	-0.8826	-4.5653	14.1836
1	-0.3732	2.1734	-2.4545	0.0855	-0.2621	0.4640	-2.0819	-10.4227	-1.5738
2	0.1246	1.1616	-0.2574	0.1109	-0.8325	-0.3705	1.3188	-7.1675	-7.2423
0	-0.0149	-1.0133	-0.2223	-1.6950	6.0744	0.7768	-2.0400	-4.4067	13.3392
1	-0.4308	2.0912	-2.3732	-1.1099	-0.1380	3.4052	-1.7845	-12.1365	-2.6016
2	0.0886	1.0351	-0.2720	-1.6438	-5.0736	-0.8044	3.6848	-10.2989	-12.4287
0	0.0453	-0.7336	-0.2105	-0.7392	6.9753	0.5567	-0.9553	-4.5491	7.6437
1	-0.6147	1.6156	-1.8711	-1.6849	-0.2944	6.3881	-0.9990	-10.4122	-2.1078
2	0.0057	0.7661	-0.2768	-1.2079	-6.5052	-0.9539	1.6088	-8.3025	-6.8954
0	0.0938	-0.3715	-0.1902	-1.4307	9.2905	1.1110	-1.0462	-3.0784	10.0116
1	-0.5660	0.3862	-0.6321	-1.2688	-0.8707	7.9221	-1.0499	-6.0546	-0.3012
2	-0.0539	0.4657	-0.2761	-1.3488	-8.6627	-1.3203	0.7310	-6.2209	-4.4992
0	0.1616	0.0231	-0.1288	-1.3909	8.6660	1.1413	1.3667	-5.1623	-0.0280
1	-0.2331	-0.1118	-0.1316	-2.3979	-1.0450	9.1970	-0.3235	-2.8051	-0.4864
2	-0.1556	0.0700	-0.2345	-2.1411	-8.6996	-1.8551	0.4092	-3.4847	-1.6599
0	0.1858	0.4379	-0.0887	-0.4478	8.9164	0.2969	1.8473	-3.6448	-1.6892
1	0.1554	-0.2761	0.0376	-1.5370	-1.0818	8.6090	1.6122	1.9949	2.7982
2	-0.2351	-0.3480	-0.1672	-0.9203	-8.8364	-1.0327	-3.5079	-3.1105	5.1360
0	0.1839	0.7466	-0.0493	-0.7439	2.6661	0.8699	0.7317	-6.0551	-15.4567
1	0.5760	-0.3337	0.0660	-0.9535	-0.6898	7.9890	4.0348	4.8538	2.6360
2	-0.2611	-0.7201	-0.1193	-1.0676	-5.7287	-0.8806	-2.4017	1.1751	7.8426
0	0.2191	0.8049	-0.0163	0.4140	1.5774	1.0649	2.2918	-1.4484	-6.2370
1	0.7528	-0.3565	0.0927	-0.9853	-0.6914	1.4546	2.3323	7.8064	2.5207
2	-0.2860	-0.8296	-0.0727	0.1408	-0.7080	-1.3678	-3.5977	3.9942	12.7052
0	0.2359	0.8997	0.0128	-0.6370	2.2088	0.7474	2.1791	-1.8666	-5.8537
1	0.8061	-0.4087	0.1109	-0.5051	-1.0825	2.0764	8.5417	3.4194	2.9941
2	-0.3273	-0.9046	-0.0489	-0.5011	-2.0933	-0.7476	-2.5442	-3.2829	6.6001
0	0.2351	0.9959	0.0594	-0.3969	1.5530	0.6797	2.6986	-7.0085	-11.3551
1	0.9160	-0.4343	0.1346	-1.2202	-0.5523	2.1762	7.5753	1.9484	2.5742
2	-0.3343	-1.0041	-0.0030	-0.8087	-1.9723	-1.0076	-2.5675	-2.7624	7.1143
0	0.2366	1.0648	0.0828	-0.1835	1.5406	0.4085	2.3443	-4.6928	-9.0576
1	0.9973	-0.4501	0.1588	-0.5415	-0.3637	1.3422	9.8030	2.4631	3.7885
2	-0.3399	-1.0812	0.0309	-0.2854	-1.4336	-0.5029	-3.7718	-4.0624	10.7279
0	0.2362	1.1432	0.1019	-0.1858	1.7847	0.3718	2.3145	-6.3205	-9.0256
1	1.0625	-0.4633	0.1647	-0.4977	-0.3518	1.6037	10.6718	1.9010	3.3882
2	-0.3437	-1.1580	0.0515	-0.2915	-1.6823	-0.4935	-3.0495	-4.4845	9.6719
0	0.2254	1.2254	0.1140	-0.4940	1.7344	-0.0256	2.8670	-8.5286	-8.5437
1	1.1412	-0.4768	0.1663	-0.4427	-0.1812	1.8318	11.1466	0.8674	3.1926
2	-0.3420	-1.2420	0.0687	-0.4412	-1.8145	-0.2163	-2.7074	-6.1367	9.1308
0	0.2024	1.2978	0.1073	-0.3894	1.3271	-0.3327	1.8981	-7.6451	-10.6014
1	1.2227	-0.4748	0.1652	-0.3804	0.2665	1.7455	11.4414	-0.5386	2.9100
2	-0.3229	-1.3202	0.0724	-0.4696	-1.6035	0.2992	-2.9506	-7.4979	9.4381
0	0.1892	1.3227	0.0892	0.1383	-0.5027	-0.5118	1.5101	-8.6671	-13.7093
1	1.2895	-0.4620	0.1560	-0.0684	0.3925	1.0412	11.7238	-0.1331	3.1293
2	-0.3037	-1.3700	0.0595	-0.0808	-0.3256	0.4896	-2.9729	-5.9340	11.1531
0	0.1992	1.2318	0.0567	0.6854	-3.7269	-0.9334	2.0615	-10.8255	-13.0667
1	1.2885	-0.4529	0.1401	0.5477	0.3430	-1.0639	11.6003	1.5488	3.3778
2	-0.3042	-1.3305	0.0253	0.6011	2.3321	0.7604	-3.3278	-4.1944	12.9826
0	0.2111	0.9837	-0.0155	1.0316	-7.4803	-1.5680	1.7533	-9.2871	-9.3066
1	1.1529	-0.4382	0.1181	1.4943	0.8700	-4.6585	10.4000	2.3696	3.1607
2	-0.3111	-1.1423	-0.0499	1.3575	5.9088	1.7479	-3.4720	-4.0923	12.7013
0	0.1767	0.5594	-0.1124	1.3344	-11.2468	-2.9201	-0.2195	-10.3542	-2.2637
1	0.8548	-0.3955	0.0823	2.0976	1.6380	-8.5157	8.1744	4.1593	3.1086
2	-0.2836	-0.7752	-0.1661	1.5975	10.1531	2.9869	-3.4915	-3.2387	11.4390
0	0.0770	0.0746	-0.1731	-0.6973	-9.8915	-1.9201	-0.3878	1.6642	10.4096
1	0.3799	-0.2814	0.0013	3.1772	2.6663	-11.3584	6.3453	5.1634	2.9526
2	-0.1653	-0.2896	-0.2861	0.9887	10.4369	3.2299	-0.6182	-3.7403	4.4311
0	0.0140	-0.3552	-0.1131	-0.7713	-9.3466	-1.8059	-1.0980	-3.6043	5.2926
1	-0.0961	-0.0735	-0.1408	0.3161	2.8507	-9.3488	2.5013	3.1716	-0.1059
2	-0.0519	0.1826	-0.2537	-0.6881	9.5502	2.3367	0.5698	-1.7270	-1.1610
0	-0.0002	-0.7184	-0.0777	-0.7226	-6.0405	0.7745	-1.6892	1.8788	7.1806
1	-0.4783	0.3535	-0.4826	0.8726	2.0588	-7.9902	0.1459	-0.3277	0.9572
2	0.0110	0.5630	-0.1938	-0.4148	6.4730	0.3214	0.7473	-0.8532	-3.3137
0	0.0286	-1.0186	-0.0930	0.4889	-6.8134	0.4588	0.2864	-7.3035	4.5035
1	-0.6558	1.3296	-1.4535	-0.7690	0.2862	-6.7675	-2.6207	-2.3388	-0.6534
2	-0.0110	0.8635	-0.1913	0.0797	7.2731	-0.2825	0.4125	-1.7160	-3.0034
0	0.0012	-1.1410	-0.1351	0.2951	1.7076	0.7442	0.4330	-1.6512	20.6788
1	-0.5071	2.2908	-2.4374	0.6734	-0.6181	-4.6290	0.2866	-6.0650	0.9176
2	0.0216	1.1090	-0.2117	0.9972	1.2693	-0.6597	-0.6624	-10.4109	-4.4035
0	0.0362	-0.9573	-0.1522	-0.4254	5.2682	0.7350	-0.0368	-6.3425	8.3468
1	-0.5067	2.2413	-2.4245	-0.9045	-0.6415	4.0571	1.6876	-14.5526	-1.9997
2	0.0136	1.0210	-0.2457	-0.8133	-4.5130	-0.9984	2.7603	-13.5371	-13.5231
0	0.0474	-0.6899	-0.1659	0.1729	5.9316	0.3170	-0.3593	-0.9672	8.8740
1	-0.6647	1.5612	-1.7496	-0.0467	-0.7422	5.2653	-1.9036	-9.1354	0.1804
2	-0.0217	0.7696	-0.2708	0.0758	-5.5414	-0.4898	-0.9780	-7.4959	-5.6987
0	0.0798	-0.3820	-0.1792	-0.2990	7.3135	0.9753	0.0393	-3.4273	6.8379
1	-0.5901	0.5053	-0.7097	-0.5729	-1.3036	6.4080	-2.2765	-5.2570	-0.1556
2	-0.0533	0.4883	-0.2921	-0.4870	-7.0679	-1.4185	0.5047	-3.2503	-5.2962
0	0.1327	-0.0405	-0.1637	-0.6825	7.2355	1.1747	0.4034	-0.8842	4.6199
1	-0.3077	-0.0271	-0.2097	-1.1471	-1.2540	7.0085	-1.4034	-2.6913	-0.4582
2	-0.1273	0.1512	-0.2951	-0.9062	-6.9983	-1.4900	0.0980	-2.0751	-2.4765
0	0.1820	0.3098	-0.1265	-0.5596	7.2224	0.9330	1.5071	-4.1120	-1.4248
1	0.0156	-0.2135	-0.0473	-1.5652	-1.4539	7.3949	-0.3165	0.5120	0.8356
2	-0.2106	-0.1960	-0.2609	-0.9236	-7.3378	-1.5206	-1.6249	-1.4694	0.4504
0	0.2023	0.6348	-0.0867	-0.9206	7.5042	0.9803	1.5799	-3.0751	-1.8810
1	0.3383	-0.3108	0.0178	-1.1322	-1.2271	7.1754	2.2134	1.9624	2.1104
2	-0.2647	-0.5208	-0.2141	-0.9238	-7.4272	-1.2991	-2.4594	-2.2949	4.0146
0	0.2041	0.9314	-0.0316	-0.5803	5.1509	0.6213	2.0011	-8.3424	-11.1542
1	0.6745	-0.3717	0.0478	-1.6448	-1.1390	7.1523	5.1064	3.3742	2.4969
2	-0.2963	-0.8468	-0.1398	-1.2194	-6.4784	-1.3461	-2.5296	-2.0415	7.0442
0	0.1980	1.1146	-0.0027	-0.3885	2.6491	0.6059	1.3802	-6.0804	-11.7760
1	0.9306	-0.4098	0.0666	-0.9017	-0.6827	4.5541	7.5647	4.3007	3.3519
2	-0.3016	-1.0781	-0.0873	-0.5765	-3.5859	-0.7001	-3.2614	-2.4326	11.8427
0	0.1957	1.1738	0.0251	-0.0356	0.1903	0.4238	1.6869	-6.2231	-12.9329
1	1.0728	-0.4333	0.0762	-0.7894	-0.4975	1.7221	8.9673	3.9831	2.8835
2	-0.3024	-1.1809	-0.0529	-0.3371	-0.6585	-0.5341	-2.7401	-1.7638	11.9772
0	0.2099	1.1702	0.0358	0.2371	-0.3294	0.2887	2.2439	-6.0199	-9.9002
1	1.0983	-0.4424	0.0925	-0.1864	-0.3775	-0.0206	10.3180	3.3836	3.1861
2	-0.3127	-1.1900	-0.0419	0.2166	0.1593	-0.3389	-3.1490	-3.6619	11.6320
0	0.2237	1.1359	0.0383	0.3116	-1.2518	0.0908	2.7484	-6.6382	-10.1516
1	1.0862	-0.4593	0.0960	0.0713	-0.2032	-0.6885	10.6084	1.9933	3.1504
2	-0.3281	-1.1676	-0.0451	0.2941	0.9956	-0.1028	-2.9523	-4.0952	10.0993
0	0.2329	1.0552	0.0205	0.3181	-1.9973	-0.5576	2.3003	-6.5101	-8.9491
1	1.0284	-0.4628	0.0963	0.4014	0.1288	-1.5814	9.9352	1.3931	3.4044
2	-0.3379	-1.1045	-0.0647	0.4242	1.7361	0.4775	-3.3323	-4.8945	9.7019
0	0.2233	0.9203	-0.0108	0.1402	-3.7648	-0.6531	1.4694	-3.3977	-8.2246
1	0.9387	-0.4455	0.0860	0.7298	0.7758	-2.6158	9.5364	1.4002	2.8837
2	-0.3293	-0.9978	-0.1067	0.3460	3.3317	1.0183	-2.6993	-3.6566	9.2935
0	0.2139	0.7782	-0.0248	-0.1469	-2.5563	-0.2873	2.6232	-2.7341	-4.6536
1	0.8018	-0.4097	0.0820	0.4511	0.7269	-3.4054	7.9587	2.9896	2.6640
2	-0.3106	-0.8390	-0.1456	0.2062	2.9250	0.5131	-2.3159	-1.9518	7.9947
0	0.1936	0.6431	-0.0371	0.1210	-4.5620	-0.8153	2.1986	-5.6082	-10.4143
1	0.6807	-0.3814	0.0879	0.1983	0.8134	-2.5011	7.6400	1.9616	2.6838
2	-0.2898	-0.7228	-0.1627	0.0261	2.8547	0.7810	-2.5577	-2.6114	6.5051
0	0.1509	0.3499	-0.0969	1.1062	-8.3294	-2.3035	1.9347	-8.8093	-3.8686
1	0.5174	-0.3361	0.0812	1.1376	1.1770	-5.6491	4.5892	4.5168	3.0675
2	-0.2448	-0.4939	-0.2120	1.2887	6.8979	2.0080	-4.1980	-0.0982	10.2219
0	0.0622	-0.0084	-0.1439	-0.0266	-8.8855	-1.9428	-0.4742	1.6798	8.5564
1	0.1919	-0.2339	-0.0047	2.7911	1.9475	-8.3851	3.3189	4.2223	2.7865
2	-0.1305	-0.1208	-0.2899	1.1283	8.7472	2.8590	-1.7488	-2.2387	4.4031
0	0.0191	-0.4017	-0.0912	-1.2165	-8.7766	-0.8597	-0.2834	-0.8843	5.7618
1	-0.1682	-0.0368	-0.1696	0.5851	2.5932	-8.5571	-0.2726	2.9632	-0.1377
2	-0.0393	0.2667	-0.2619	-0.8349	8.8448	1.6815	1.4376	0.9987	-2.4318
0	0.0285	-0.8069	-0.0439	-0.2831	-6.1422	0.2386	-1.0411	-0.3727	6.6287
1	-0.5135	0.3437	-0.4782	-0.0266	2.0540	-8.2551	-1.1856	0.4949	0.2263
2	-0.0140	0.6649	-0.1964	-0.5227	7.2493	0.6026	-0.1158	-1.5834	-2.6236
0	0.0302	-1.0030	-0.0633	0.6353	-2.6449	0.3244	0.0495	-4.7212	8.8688
1	-0.6582	1.5655	-1.6730	0.0367	0.2283	-5.2357	-0.0580	-3.8525	0.9203
2	-0.0106	0.9069	-0.1942	0.4854	3.9350	-0.2438	-0.4824	-5.3489	-3.7084
0	0.0097	-1.0675	-0.0856	0.4785	-0.6802	0.1584	0.2700	-5.1123	10.6680
1	-0.5723	2.0928	-2.2182	0.4402	-0.4764	-1.8011	0.5748	-8.9906	0.2024
2	0.0147	1.0108	-0.2114	0.7433	1.2398	-0.1216	0.1005	-9.1671	-7.1881
0	0.0052	-1.0541	-0.0960	0.2130	1.2307	0.2224	-0.3844	-3.9893	8.3032
1	-0.5271	2.1331	-2.2760	0.1727	-0.3433	-0.0851	-1.6782	-10.7206	-1.1361
2	0.0314	1.0340	-0.2221	0.1760	-0.3563	-0.1993	1.0977	-8.4278	-9.0635
0	0.0017	-0.9439	-0.1225	0.4915	3.8600	0.8137	-0.7632	-2.0029	9.9264
1	-0.5555	2.0053	-2.1585	0.0031	-0.7541	2.0226	-1.1712	-9.5628	-0.6492
2	0.0356	0.9651	-0.2409	0.3648	-2.8521	-0.7649	0.6165	-7.1049	-7.3160
0	0.0265	-0.7107	-0.1666	0.0558	5.1816	1.0816	-0.1975	-5.1131	8.0440
1	-0.6287	1.4350	-1.6197	-0.6269	-1.5123	4.6620	-0.8909	-8.3850	-0.5380
2	0.0173	0.7551	-0.2920	-0.1341	-5.2326	-1.4906	1.3243	-5.8505	-7.5640
0	0.0574	-0.5048	-0.1799	-0.4305	4.3189	0.7249	-0.3919	-0.9256	7.1645
1	-0.5675	0.4229	-0.6472	-0.7775	-1.1008	4.5837	-3.1374	-5.8364	-1.2121
2	-0.0252	0.5355	-0.3252	-0.3453	-4.3587	-0.8916	0.6426	-4.2468	-6.0116
0	0.1245	-0.2786	-0.1643	-1.3287	6.0511	1.5523	0.1861	-2.9067	7.1854
1	-0.4153	0.0473	-0.2846	-1.6668	-0.9616	4.6821	-3.0435	-3.3727	-0.9614
2	-0.0981	0.3093	-0.3244	-1.3975	-5.5824	-1.8496	1.5848	-1.4777	-5.7069
0	0.1786	-0.0027	-0.1210	-0.5700	5.9302	0.5424	1.4307	-1.6781	1.3964
1	-0.1926	-0.2105	-0.0363	-1.9987	-0.7632	5.6265	-0.8477	-2.6415	-0.1448
2	-0.1838	0.0562	-0.2875	-1.1969	-5.4358	-1.0585	-0.6561	-3.4863	-2.0827
0	0.2070	0.3465	-0.0798	-1.0885	8.6955	0.9736	1.7000	-3.3323	2.1441
1	0.0666	-0.3045	0.0510	-1.3974	-0.7940	7.0328	1.6044	-0.6529	2.4837
2	-0.2356	-0.2318	-0.2507	-1.1191	-8.3617	-1.3505	-2.1480	-3.4490	0.0029
0	0.2050	0.7140	-0.0266	-0.7160	6.5429	0.0951	1.6184	-5.3071	-8.1002
1	0.4661	-0.3792	0.1046	-1.8596	-0.8627	7.8331	3.4633	1.5310	2.6188
2	-0.2823	-0.6279	-0.1763	-1.2253	-6.9077	-0.7721	-2.7208	-2.7192	6.0865
0	0.1927	0.9779	0.0058	-0.7280	4.8478	0.8141	1.1853	-4.5544	-10.1589
1	0.8047	-0.4080	0.1193	-1.0818	-0.5674	6.1589	7.3120	4.6888	3.3228
2	-0.2849	-0.9246	-0.1263	-0.8784	-5.5692	-0.8917	-2.6555	-1.1937	10.3765
0	0.1900	1.1376	0.0484	-0.2122	2.3124	0.5907	2.0257	-8.1932	-13.6761
1	1.0236	-0.4344	0.1344	-1.4566	-0.8764	4.0864	8.6066	5.0311	3.2745
2	-0.2895	-1.1261	-0.0679	-0.6805	-3.1603	-1.0968	-2.6699	-0.8380	12.0560
0	0.1911	1.1507	0.0561	0.1375	-1.9259	-0.1139	2.5797	-10.0013	-15.8467
1	1.1626	-0.4635	0.1536	-0.3610	-0.3897	1.0510	10.5045	3.9759	3.6064
2	-0.2939	-1.2069	-0.0415	-0.0289	0.6909	-0.0175	-3.5712	-2.8017	13.4147
0	0.2011	0.9379	0.0058	1.0528	-5.6929	-1.3608	1.7779	-7.1530	-9.0721
1	1.1036	-0.4596	0.1584	0.7034	0.3963	-3.2883	10.0996	3.8435	3.9362
2	-0.2963	-1.0850	-0.0755	0.9714	4.4244	1.0989	-4.6435	-3.1546	14.1658
0	0.1904	0.6384	-0.0655	0.5768	-7.4472	-1.0459	0.9291	-3.0690	-3.1715
1	0.8663	-0.4275	0.1270	2.1706	1.1587	-6.0741	8.7762	3.7290	3.7363
2	-0.2800	-0.7902	-0.1811	1.2889	6.8341	1.7345	-3.1613	-2.4887	10.0281
0	0.1620	0.2874	-0.0861	-0.2266	-6.5818	-0.5192	1.7991	-1.4249	-0.2814
1	0.5165	-0.3647	0.0888	1.1442	1.3049	-7.2346	5.9358	4.1987	2.3743
2	-0.2307	-0.4269	-0.2466	0.2742	6.9121	1.0997	-0.9712	-1.1832	5.2901
0	0.1339	-0.0043	-0.0739	-0.4451	-6.4494	-0.4889	1.3570	-0.1211	1.8634
1	0.2196	-0.3093	0.0814	0.5185	1.2672	-6.4394	4.6354	2.4134	1.9152
2	-0.1849	-0.1396	-0.2510	-0.1016	6.6597	1.1637	-1.5415	-1.5918	3.0466
0	0.1222	-0.2724	-0.0540	-0.2385	-6.4597	-0.3508	1.8181	-2.3117	0.6870
1	-0.0577	-0.2459	0.0699	0.1386	1.1143	-5.8838	1.8745	1.2608	2.2313
2	-0.1497	0.1308	-0.2335	-0.2034	5.8508	0.6997	-1.9893	-1.0052	0.4918
0	0.1171	-0.5973	-0.0429	-0.3692	-7.9210	0.0132	1.3184	-1.9407	6.7075
1	-0.3241	-0.1760	0.0378	0.5360	0.9452	-6.9866	-0.7061	0.9197	2.3440
2	-0.1201	0.4248	-0.2177	0.1711	7.4729	0.7023	-2.1037	0.6219	-0.1931
0	0.1393	-0.9144	-0.0496	0.1547	-4.6862	1.0465	-0.5985	1.5186	8.5177
1	-0.6932	0.1617	-0.2751	0.0523	0.6651	-7.6785	-3.0590	-0.6063	0.9537
2	-0.1092	0.7905	-0.2029	-0.0108	6.7792	-0.1474	-0.4319	-1.8451	-3.0804
0	0.1486	-0.9677	-0.0995	0.2741	1.7799	0.5313	2.3155	-5.6455	13.3560
1	-0.7440	2.3298	-2.4561	-0.2628	-1.0840	-2.3643	2.0749	-7.1193	1.5970
2	-0.1113	0.9419	-0.2422	0.5024	-0.1276	-0.9304	-0.6432	-10.1467	-6.8012
0	0.1549	-0.8281	-0.1096	0.0665	4.3799	0.1094	1.2858	-4.4555	7.7535
1	-0.7752	2.2122	-2.3748	-0.3491	-0.5719	2.7317	1.7161	-11.8521	0.3353
2	-0.1179	0.8527	-0.2662	-0.1864	-3.7566	-0.4211	-0.2096	-11.6164	-9.7355
0	0.1435	-0.5596	-0.1212	0.3972	6.2466	-0.0611	0.9300	-1.5556	7.4460
1	-0.7239	0.0509	-0.2281	0.0680	-0.5685	5.1386	-0.8610	-8.3910	1.0493
2	-0.1278	0.6272	-0.2788	0.2556	-5.9069	-0.3161	-1.3729	-6.7118	-5.4559
0	0.1448	-0.2987	-0.1246	-0.1790	5.2680	0.0480	1.2071	-2.4462	3.7097
1	-0.4693	-0.1577	-0.0437	-0.3349	-0.8220	6.1553	-1.6797	-4.3193	0.8733
2	-0.1406	0.3573	-0.2905	-0.2649	-5.9374	-0.4946	-0.3488	-1.5848	-4.3119
0	0.1588	-0.0916	-0.1100	-0.3622	3.7079	0.5143	0.9634	0.7198	1.0205
1	-0.2067	-0.2444	0.0269	-0.6914	-0.3432	4.4355	-3.6670	-0.4234	0.4121
2	-0.1680	0.1214	-0.2783	-0.5090	-3.8335	-0.5383	-0.9050	1.1320	-1.6712
0	0.1883	0.0730	-0.0901	-0.4100	3.4647	0.5621	2.0555	-1.7372	-1.3073
1	-0.0308	-0.3017	0.0775	-0.9798	-0.5402	3.6159	-1.5687	0.8348	1.5982
2	-0.2069	-0.0457	-0.2597	-0.6837	-3.7019	-0.9527	-1.4386	1.0153	-0.1457
0	0.1962	0.2233	-0.0718	-0.4981	3.7054	0.1969	1.8701	0.1927	-0.2787
1	0.1180	-0.3488	0.1182	-0.7178	-0.2402	3.0971	0.1655	1.3667	2.0918
2	-0.2371	-0.1969	-0.2371	-0.4922	-3.3445	-0.3355	-2.3382	-0.3820	1.4797
0	0.1992	0.4067	-0.0497	-0.4051	3.9812	0.1156	2.0835	-3.0991	-4.8692
1	0.2864	-0.3648	0.1354	-0.7711	-0.2354	4.2178	2.8015	1.1106	2.3177
2	-0.2535	-0.3683	-0.2100	-0.5559	-4.4800	-0.4974	-2.1073	-1.2861	2.2409
0	0.1866	0.5184	-0.0443	-0.0527	0.1795	-0.5154	2.0412	-5.9206	-10.6515
1	0.4694	-0.3760	0.1416	-0.3016	0.0306	2.9427	3.3724	2.5889	2.6258
2	-0.2569	-0.5277	-0.1887	-0.2038	-1.6710	0.2118	-2.7964	0.1700	6.1141
0	0.1486	0.3650	-0.0778	0.4723	-5.4213	-1.2509	0.6230	-4.3952	-5.6731
1	0.5013	-0.3556	0.1268	0.8219	0.7877	-2.3136	3.0161	4.5148	2.4426
2	-0.2228	-0.4771	-0.2076	0.5786	4.0820	1.2569	-2.8855	2.0921	9.0454
0	0.0855	0.0635	-0.0913	-0.6926	-8.0414	-1.4711	1.3599	-1.5623	1.7541
1	0.3077	-0.3005	0.0853	1.5077	1.3831	-5.9842	1.7461	4.5004	1.3704
2	-0.1592	-0.2402	-0.2438	0.3245	6.9783	2.0267	-1.2883	1.3097	4.7684
0	0.0381	-0.2985	-0.0525	-0.6629	-7.3188	-0.6569	-0.7465	1.7443	5.4729
1	-0.0360	-0.1698	0.0170	0.6207	2.2409	-8.1950	-0.1052	4.0507	0.9375
2	-0.0746	0.1143	-0.2206	-0.3777	8.0783	1.6846	-0.7115	1.2752	1.0320
0	0.0425	-0.5954	-0.0136	-0.9088	-6.2965	-0.1599	-0.0645	-2.1031	6.6131
1	-0.3625	0.0031	-0.1002	-0.1422	1.3678	-6.8007	0.5422	0.9149	1.1202
2	-0.0439	0.4247	-0.1810	-0.6509	6.4674	0.6804	0.0875	-0.7790	-2.1758
0	0.0472	-0.8207	0.0021	0.0301	-3.6407	0.0080	0.1549	-0.8602	7.5794
1	-0.6208	0.3200	-0.3848	0.0540	0.7054	-5.6245	-2.3492	-3.3795	0.1592
2	-0.0384	0.7147	-0.1434	0.0929	4.3703	0.3867	-0.8513	-4.4940	-4.0896
0	0.0502	-0.9349	-0.0091	-0.0121	-1.8942	0.3106	0.6292	-4.5654	8.7150
1	-0.7171	1.2302	-1.2909	0.2151	-0.1412	-2.7109	-0.9785	-6.0952	0.9467
2	-0.0302	0.8528	-0.1444	0.1692	2.1380	-0.2527	-0.0544	-5.1710	-6.4888
0	0.0540	-1.0287	-0.0120	0.1508	-2.1942	0.1292	0.3332	-3.4500	7.3633
1	-0.6959	1.8358	-1.9092	0.0559	0.0937	-2.0419	-2.5470	-7.7123	-0.3266
2	-0.0288	0.9450	-0.1449	0.1149	2.2849	0.1231	0.1548	-5.5232	-7.2127
0	0.0557	-1.0853	-0.0322	0.2301	-0.5199	0.4501	0.6723	-5.0923	8.7381
1	-0.6311	2.1810	-2.2569	0.0508	-0.3000	-1.6476	-3.1145	-7.9847	0.3892
2	-0.0226	1.0216	-0.1512	0.1877	1.1221	-0.4451	-0.0546	-5.4954	-7.5179
0	0.0473	-1.0314	-0.0543	0.2999	3.1438	0.4066	0.2278	-2.4407	12.0617
1	-0.6047	2.2589	-2.3513	0.1166	-0.4686	0.2708	-1.7647	-9.3351	0.2139
2	-0.0154	1.0211	-0.1717	0.3902	-1.6189	-0.3999	-0.0578	-8.4260	-7.8575
0	0.0591	-0.8165	-0.0784	0.1363	5.2841	0.6225	0.1892	-3.1476	8.0662
1	-0.6799	1.8935	-2.0030	-0.5884	-0.7358	4.0871	-0.3780	-10.1638	-0.3150
2	-0.0268	0.8428	-0.2004	-0.1717	-4.8840	-0.8806	0.7455	-8.1065	-8.8888
0	0.0743	-0.5742	-0.1008	0.1464	5.6416	0.5797	0.2619	-1.3157	7.2385
1	-0.6672	0.4184	-0.5467	-0.5426	-0.7579	5.7796	-2.5602	-6.7860	0.0434
2	-0.0539	0.6009	-0.2295	-0.0324	-5.4587	-0.9390	-0.0944	-3.8579	-5.7807
0	0.1060	-0.2607	-0.1102	-0.2923	7.4521	0.8247	0.5869	-1.6491	7.0210
1	-0.4427	-0.0541	-0.0968	-0.6677	-0.8871	5.9865	-2.6911	-3.3068	0.1598
2	-0.0964	0.3201	-0.2512	-0.3928	-6.8487	-1.1734	0.1749	-2.7964	-4.9546
0	0.1341	0.0666	-0.1068	0.2870	6.4656	0.3464	1.2752	-1.6289	-1.1087
1	-0.1268	-0.2216	0.0500	-1.0709	-1.0064	7.1526	-0.6507	-1.5784	0.8870
2	-0.1565	-0.0151	-0.2467	-0.3231	-6.6823	-0.9278	-1.8315	-2.1329	-0.0558
0	0.1517	0.3309	-0.1188	0.3056	6.7002	0.3652	1.5034	-1.7499	-0.7239
1	0.1680	-0.2883	0.0840	-0.3741	-1.0527	6.4595	1.0664	1.9086	2.6655
2	-0.1960	-0.3042	-0.2512	0.1956	-6.5952	-0.8876	-2.5361	-0.7398	3.2682
0	0.1708	0.6367	-0.1046	-0.4686	5.5609	0.5502	1.8977	-3.8067	-4.1553
1	0.4664	-0.3357	0.0842	-0.7002	-0.9031	6.4515	3.4484	2.7890	1.7496
2	-0.2346	-0.5920	-0.2389	-0.3952	-6.0819	-1.0277	-1.2576	-0.3359	3.9431
0	0.1703	0.8392	-0.0749	-0.5068	3.7915	0.5490	1.0404	-3.2596	-8.6232
1	0.7264	-0.3699	0.0997	-1.1007	-0.4610	4.9465	4.5642	3.7007	1.9096
2	-0.2543	-0.8341	-0.1956	-0.6862	-4.2996	-0.7372	-2.1218	-0.5165	7.2813
0	0.1701	0.9725	-0.0393	-0.3800	2.2087	0.7217	1.0796	-4.1629	-10.1793
1	0.9091	-0.3880	0.1194	-1.0607	-0.5344	3.3218	6.9032	4.1958	2.6530
2	-0.2622	-0.9915	-0.1528	-0.6296	-2.4782	-0.8275	-2.2357	-0.5328	9.4691
0	0.1787	1.0622	-0.0032	-0.1896	1.6864	0.8314	1.6275	-4.7539	-9.1590
1	1.0291	-0.4062	0.1483	-0.8765	-0.6169	1.8748	8.8261	3.5983	2.8357
2	-0.2730	-1.0936	-0.1125	-0.3275	-1.7237	-0.9097	-2.4317	-1.8082	10.1474
0	0.1836	1.1256	0.0308	-0.2578	1.1114	0.7010	1.8318	-6.2609	-10.3411
1	1.1102	-0.4294	0.1714	-0.7954	-0.6370	1.4688	10.1536	2.1737	2.7725
2	-0.2849	-1.1634	-0.0782	-0.3859	-1.2547	-0.8333	-2.3189	-3.8236	9.5604
0	0.1887	1.1643	0.0500	0.0729	0.3819	0.1434	2.4552	-8.4536	-10.8147
1	1.1652	-0.4432	0.1928	-0.5340	-0.4455	0.8664	11.1221	1.4973	2.9568
2	-0.2922	-1.2166	-0.0491	-0.0300	-0.6490	-0.3572	-3.1220	-5.1610	10.8429
0	0.1882	1.1356	0.0381	0.1610	-2.0226	-0.6150	2.3360	-9.1322	-11.7540
1	1.1837	-0.4518	0.1947	0.1328	0.1186	-0.3995	11.4889	0.8442	3.1119
2	-0.2938	-1.2136	-0.0572	0.1417	1.2935	0.5696	-3.2507	-5.6081	10.9734
0	0.1852	0.9863	-0.0081	0.6274	-3.9823	-1.1114	1.5115	-7.4705	-10.1459
1	1.1041	-0.4335	0.1843	0.8026	0.7077	-2.7038	10.5117	1.3155	3.1706
2	-0.2845	-1.1057	-0.1023	0.6741	3.2567	1.1249	-3.4052	-4.3355	11.2683
0	0.1567	0.7327	-0.0740	0.3706	-7.3743	-1.9707	0.6132	-6.4169	-7.0036
1	0.9403	-0.4075	0.1546	1.6150	1.1061	-4.7920	9.5514	2.4316	3.0310
2	-0.2631	-0.9055	-0.1787	0.7736	5.8946	2.0414	-2.6652	-3.1122	10.3497
0	0.0981	0.3951	-0.1282	-0.0701	-7.0749	-1.2480	0.9988	1.0277	0.9963
1	0.6144	-0.3301	0.0960	2.3412	1.9890	-7.4659	6.2310	4.8938	2.0655
2	-0.1914	-0.5784	-0.2657	0.7466	7.4637	2.1732	-1.7999	-0.9158	7.9798
0	0.0566	0.1086	-0.1198	-0.5160	-6.1014	-0.6590	-0.1895	0.4496	-0.0238
1	0.3029	-0.2412	0.0442	0.6372	1.5382	-6.3998	4.9528	3.8886	2.1563
2	-0.1184	-0.2589	-0.2905	-0.2041	6.1818	1.2686	-0.5496	-0.1838	2.7726
0	0.0382	-0.1676	-0.0932	-0.6349	-5.6075	-0.2386	0.5490	-0.4809	1.9575
1	0.0281	-0.1621	0.0089	0.1663	1.1544	-5.8245	2.0580	2.5021	0.8838
2	-0.0722	0.0154	-0.2727	-0.3343	5.4512	0.7400	-0.3021	0.4655	1.0277
0	0.0413	-0.4490	-0.0525	-0.9163	-6.4640	-0.1043	-0.0538	0.5403	4.7036
1	-0.2381	-0.0788	-0.0400	-0.2696	1.0498	-6.3989	-0.4926	1.0448	0.5127
2	-0.0529	0.2596	-0.2413	-0.7531	6.6730	0.7642	-0.3341	0.9230	-1.1310
0	0.0662	-0.6778	-0.0358	-0.2736	-4.1564	0.5147	0.5453	-2.0628	4.5319
1	-0.5091	0.0756	-0.1585	-0.3703	0.8363	-5.5081	-1.7725	-0.8478	0.8064
2	-0.0525	0.5331	-0.2046	-0.3961	4.6204	-0.0948	-0.6517	-1.9025	-2.6533
0	0.0765	-0.8397	-0.0376	0.0066	-2.8770	0.0798	0.5942	-1.9876	7.8167
1	-0.6947	0.3910	-0.4701	-0.1735	0.0142	-4.0216	-0.4361	-3.9330	1.4253
2	-0.0613	0.7141	-0.2016	0.0524	3.6163	0.1721	-1.0038	-4.5639	-3.8106
0	0.0863	-0.9085	-0.0532	0.1948	-0.3744	0.3819	0.9390	-3.8252	7.6058
1	-0.7558	1.5100	-1.5928	-0.0982	-0.2148	-1.8556	-1.2348	-6.9773	0.8424
2	-0.0611	0.8295	-0.2054	0.0719	1.1106	-0.4030	-0.3903	-6.0044	-6.9156
0	0.0826	-0.8776	-0.0730	0.3897	1.6554	0.3514	0.5995	-2.4912	8.6247
1	-0.7471	1.8456	-1.9427	0.0861	-0.4334	0.5494	-1.1461	-8.4565	0.7811
2	-0.0592	0.8253	-0.2234	0.3783	-1.2092	-0.3597	-0.6545	-7.0498	-6.9490
0	0.0813	-0.7785	-0.0928	0.3504	2.7596	0.2462	0.5214	-2.4219	7.5170
1	-0.7602	1.2555	-1.3698	-0.1071	-0.5390	2.0074	-1.8481	-7.9915	0.5115
2	-0.0594	0.7498	-0.2428	0.2377	-2.3190	-0.4198	-0.1397	-5.6879	-7.2861
0	0.0762	-0.6268	-0.1191	0.5084	3.5522	0.3406	0.7223	-2.8390	7.3412
1	-0.7097	0.4401	-0.5696	0.0604	-0.6458	3.1290	-2.7471	-6.7602	0.3065
2	-0.0609	0.6179	-0.2651	0.4522	-3.5143	-0.5732	-0.2380	-4.2589	-6.2087
0	0.0714	-0.5048	-0.1289	0.0433	1.5970	-0.2364	0.9324	-2.9231	4.4731
1	-0.5645	0.0654	-0.2221	0.0140	-0.6129	3.1907	-3.3253	-5.3063	0.0202
2	-0.0667	0.4633	-0.2871	0.1069	-2.3187	-0.0401	-0.0811	-2.5622	-5.5222
0	0.0688	-0.4520	-0.1248	-0.1108	1.1830	0.2539	-0.1605	1.3890	4.8111
1	-0.4753	-0.0021	-0.1569	0.0476	0.0569	1.3075	-4.7157	-3.7886	-0.2139
2	-0.0633	0.3962	-0.2826	-0.1045	-1.0783	-0.0394	-0.0732	-0.6000	-4.7362
0	0.0874	-0.3987	-0.1230	-0.3495	1.3604	0.4244	0.6504	-1.0884	4.6013
1	-0.4276	-0.0533	-0.1045	-0.4381	-0.2566	1.2780	-3.6861	-2.4360	0.2860
2	-0.0792	0.3436	-0.2804	-0.3418	-1.3568	-0.5109	0.2761	-0.0688	-4.6345
0	0.1060	-0.3456	-0.1050	-0.4452	0.9409	0.0770	1.2521	-1.5092	2.2781
1	-0.3718	-0.1349	-0.0226	-0.6182	-0.0148	1.2085	-2.8469	-2.8109	0.1431
2	-0.1064	0.2846	-0.2669	-0.5449	-0.9627	-0.1663	-0.5768	-1.6216	-3.7044
0	0.1179	-0.2838	-0.0918	-0.2536	1.6495	0.2387	1.1862	-0.3012	2.7613
1	-0.3271	-0.1788	0.0326	-0.3766	0.0714	1.1339	-1.7632	-2.4396	1.1590
2	-0.1211	0.2380	-0.2510	-0.3610	-1.4431	-0.2823	-1.2658	-1.2644	-2.4904
0	0.1268	-0.2112	-0.0844	-0.1251	1.7240	0.1490	1.1066	0.0899	1.5684
1	-0.2624	-0.2192	0.0755	-0.4129	-0.1042	1.6442	-1.2075	-1.8630	1.4911
2	-0.1385	0.1667	-0.2411	-0.2598	-1.6626	-0.2078	-1.3211	-1.0327	-2.2119
