0	0.0000	0.0000	0.0000	0.0000	0.0000	0.0000	0.0000	0.0000	0.0000
0	0.0000	0.0000	0.0000	0.0000	0.0000	0.0000	0.0000	0.0000	0.0000
0	0.0000	0.0000	0.0000	0.0000	0.0000	0.0000	0.0000	0.0000	0.0000
0	-0.0089	-0.0534	0.1095	0.0275	0.0796	0.0780	-0.0331	-0.0411	0.2281
1	-0.0394	-0.0293	0.1033	-0.0194	-0.0452	0.0560	-0.2658	-0.1070	-0.0841
2	-0.0028	-0.0040	0.1422	0.0236	-0.0755	-0.0818	0.1190	0.2649	-0.3407
0	-0.0074	-0.0515	0.1095	0.0179	0.0420	0.0083	-0.1241	-0.0288	0.2480
1	-0.0381	-0.0301	0.1041	0.0152	-0.0143	0.0575	-0.1926	-0.1251	-0.1386
2	-0.0055	-0.0063	0.1426	0.0253	-0.0403	-0.0217	0.0696	-0.0433	-0.2747
0	-0.0071	-0.0492	0.1096	0.0278	0.0837	0.0330	-0.2309	0.3162	0.2398
1	-0.0356	-0.0315	0.1054	-0.0113	-0.0394	0.0688	-0.2659	-0.0020	-0.1423
2	-0.0058	-0.0079	0.1433	0.0275	-0.0739	-0.0138	0.1105	0.0033	-0.2099
0	-0.0065	-0.0476	0.1098	0.0088	0.0062	-0.0137	-0.0216	-0.0942	0.2056
1	-0.0350	-0.0312	0.1056	0.0379	0.0170	0.0078	-0.3598	-0.0615	-0.0907
2	-0.0071	-0.0104	0.1439	0.0158	-0.0334	-0.0159	0.1512	0.1653	-0.2501
0	-0.0074	-0.0477	0.1103	0.0369	0.0461	0.0110	-0.1629	0.4507	0.2087
1	-0.0343	-0.0309	0.1055	-0.0187	-0.0373	0.0853	-0.2470	0.0675	0.0074
2	-0.0063	-0.0102	0.1453	0.0268	-0.0167	0.0229	0.0009	0.1030	-0.2233
0	-0.0057	-0.0440	0.1105	0.0028	0.1337	0.0570	-0.0031	0.0250	0.2421
1	-0.0291	-0.0343	0.1090	-0.0080	-0.0161	0.1268	-0.2384	-0.0848	-0.0503
2	-0.0072	-0.0123	0.1455	0.0059	-0.1148	-0.0614	0.1155	0.2272	-0.3240
0	-0.0050	-0.0389	0.1110	0.0268	0.1039	0.0115	0.0113	0.2210	-0.0140
1	-0.0249	-0.0351	0.1100	0.0109	-0.0296	0.1252	-0.1495	0.1073	0.0688
2	-0.0091	-0.0174	0.1470	0.0171	-0.1057	-0.0074	-0.0579	-0.0031	-0.1546
0	-0.0043	-0.0338	0.1108	0.0497	0.1617	0.0115	0.0703	-0.0461	0.0361
1	-0.0181	-0.0360	0.1104	0.0564	-0.0305	0.2177	-0.0122	-0.0667	0.1053
2	-0.0099	-0.0216	0.1476	0.0281	-0.1273	-0.0298	-0.0826	0.1526	-0.0493
0	-0.0062	-0.0252	0.1071	0.1790	0.1971	-0.0765	-0.0995	-0.0765	-0.3052
1	-0.0106	-0.0319	0.1037	0.1687	-0.0385	0.1773	0.0912	0.1277	0.0285
2	-0.0100	-0.0295	0.1466	0.1269	-0.2079	0.0436	-0.1830	-0.2372	0.0415
0	-0.0089	-0.0156	0.1009	0.0622	0.1832	0.0191	-0.2016	0.6417	0.3105
1	-0.0030	-0.0307	0.1013	-0.0021	-0.0226	0.1816	-0.3017	0.4060	-0.2416
2	-0.0068	-0.0389	0.1419	0.1307	-0.2430	0.0217	0.0184	0.1602	0.1823
0	-0.0087	-0.0115	0.1022	-0.0187	0.0557	-0.0208	-0.1498	-0.0001	-0.2554
1	0.0001	-0.0302	0.1026	-0.0364	0.0426	-0.0216	-0.0222	0.2925	-0.1856
2	-0.0073	-0.0460	0.1424	-0.0202	-0.0779	0.0046	0.2506	0.3971	0.0206
0	-0.0099	-0.0119	0.1045	-0.0341	0.0027	-0.0315	-0.1178	0.0074	-0.1184
1	0.0001	-0.0284	0.1035	0.0118	0.0498	0.0400	0.0082	0.1153	-0.1277
2	-0.0064	-0.0469	0.1451	-0.0240	0.0050	0.0276	0.1347	0.1813	0.1554
0	-0.0124	-0.0092	0.1063	0.0025	0.1595	-0.0733	-0.0378	0.0117	0.0143
1	0.0050	-0.0248	0.1029	0.0574	0.0821	0.1767	0.1550	0.0169	-0.0637
2	-0.0047	-0.0476	0.1476	0.0134	-0.1110	0.0504	0.0486	-0.0507	0.1244
0	-0.0176	-0.0037	0.1074	-0.0132	0.1222	-0.1535	0.0341	-0.1730	0.0265
1	0.0111	-0.0165	0.0988	0.1212	0.1255	0.1352	-0.0869	-0.0272	-0.0989
2	-0.0012	-0.0538	0.1489	0.0199	-0.1530	0.1249	0.0066	-0.1602	0.0093
0	-0.0268	0.0007	0.1089	0.0010	0.2151	-0.2247	-0.1808	0.1275	-0.1104
1	0.0204	-0.0035	0.0918	0.0880	0.1417	0.3715	0.4021	0.1375	-0.1488
2	0.0057	-0.0581	0.1512	0.0184	-0.1110	0.1973	0.0017	-0.1106	0.1223
0	-0.0340	0.0178	0.1100	0.0033	0.5579	-0.0154	-0.6030	0.9061	-0.2712
1	0.0411	-0.0023	0.0951	-0.0691	0.0052	0.6201	0.3279	0.4540	-0.3272
2	0.0133	-0.0703	0.1530	0.0041	-0.4834	0.0977	0.2011	-0.1213	0.2312
0	-0.0365	0.0417	0.1161	-0.2133	0.3842	-0.1388	-0.1781	-0.5402	-0.7543
1	0.0616	0.0003	0.1044	-0.0533	0.2322	0.3035	0.2088	0.4886	-0.5433
2	0.0125	-0.0942	0.1562	-0.1352	-0.5393	0.0046	0.5045	0.2414	0.2953
0	-0.0410	0.0520	0.1232	-0.0319	0.2303	0.0011	-0.4950	0.5124	-1.6106
1	0.0717	0.0012	0.1100	-0.1051	-0.0116	0.1948	0.9842	1.0006	0.0638
2	0.0167	-0.1105	0.1670	-0.1240	-0.2248	0.0635	0.1403	0.3976	1.1356
0	-0.0403	0.0623	0.1243	-0.0225	0.2255	-0.0322	-0.4798	-0.3918	-0.8694
1	0.0793	0.0001	0.1140	0.0120	0.0692	0.2033	0.7765	0.5869	-0.4275
2	0.0155	-0.1207	0.1704	-0.0211	-0.2429	-0.0385	0.0409	0.3360	1.3071
0	-0.0430	0.0732	0.1255	0.0168	0.3608	-0.0149	-0.7760	0.6216	-0.7861
1	0.0915	0.0013	0.1156	-0.0321	-0.0356	0.3975	0.6973	0.7330	-0.5852
2	0.0168	-0.1305	0.1731	-0.0127	-0.2634	0.0442	0.4193	-0.0702	0.9646
0	-0.0414	0.0916	0.1266	-0.0369	0.4461	0.0754	-0.6020	0.2363	-0.8617
1	0.1094	-0.0041	0.1225	-0.1055	-0.0186	0.4560	0.5112	0.8920	-0.6292
2	0.0159	-0.1465	0.1744	-0.0193	-0.4568	-0.1013	0.6474	0.4029	0.8491
0	-0.0391	0.1096	0.1301	-0.0612	0.3927	0.0704	-0.4359	0.0627	-1.3200
1	0.1275	-0.0094	0.1314	-0.1150	-0.0096	0.3512	0.7522	0.9945	-0.3774
2	0.0119	-0.1658	0.1778	-0.0654	-0.4372	-0.0910	0.4929	0.3553	1.0850
0	-0.0366	0.1250	0.1344	-0.0643	0.3661	0.0716	-0.3170	0.0908	-1.5383
1	0.1430	-0.0142	0.1397	-0.1081	-0.0097	0.4093	1.1610	1.0823	-0.2338
2	0.0082	-0.1821	0.1823	-0.0796	-0.3572	-0.0853	0.2658	0.3066	1.3451
0	-0.0343	0.1418	0.1375	-0.0111	0.4096	0.0570	-0.1955	0.1132	-1.8821
1	0.1602	-0.0183	0.1458	-0.0369	-0.0262	0.4271	1.3510	1.2858	-0.1058
2	0.0046	-0.1985	0.1864	-0.0348	-0.3923	-0.0827	0.0970	0.1795	1.6763
0	-0.0334	0.1609	0.1386	0.0147	0.3826	0.0157	-0.2294	0.1250	-2.0600
1	0.1780	-0.0205	0.1492	-0.0183	-0.0412	0.3593	1.3356	1.4657	-0.0839
2	0.0019	-0.2161	0.1880	0.0015	-0.4120	-0.0388	-0.0290	0.2237	1.9371
0	-0.0313	0.1762	0.1389	0.0195	0.3668	0.0912	-0.3152	0.2180	-1.9232
1	0.1929	-0.0253	0.1537	-0.0823	-0.0438	0.3219	1.4072	1.4503	-0.1876
2	-0.0003	-0.2331	0.1882	0.0294	-0.3524	-0.0981	0.0578	0.5145	2.0280
0	-0.0297	0.1893	0.1408	-0.0615	0.2632	-0.0105	-0.1739	-0.3476	-2.0250
1	0.2031	-0.0259	0.1577	-0.0675	0.0750	0.2705	1.6447	1.2667	-0.2818
2	-0.0036	-0.2462	0.1892	-0.0375	-0.2875	-0.0439	0.1408	0.2470	1.9669
0	-0.0311	0.2033	0.1441	-0.0123	0.3862	0.0065	-0.3345	0.0527	-2.4685
1	0.2184	-0.0255	0.1627	-0.0130	-0.0056	0.3852	1.8520	1.4577	-0.0831
2	-0.0030	-0.2586	0.1931	-0.0736	-0.3671	0.0071	0.0979	-0.0587	2.2240
0	-0.0313	0.2195	0.1441	0.0364	0.3531	0.0034	-0.3311	-0.0309	-2.5562
1	0.2332	-0.0261	0.1636	0.0131	-0.0296	0.2718	1.7133	1.5956	-0.1819
2	-0.0033	-0.2765	0.1949	0.0225	-0.3870	-0.0210	-0.0089	0.1393	2.4392
0	-0.0311	0.2313	0.1439	0.0133	0.1926	0.0257	-0.3930	0.1376	-2.5811
1	0.2430	-0.0274	0.1647	-0.0172	-0.0355	0.1771	1.7855	1.7261	-0.2314
2	-0.0041	-0.2890	0.1943	0.0274	-0.2119	-0.0279	0.0982	0.3315	2.5022
0	-0.0306	0.2385	0.1443	0.0166	0.1997	-0.0251	-0.1812	-0.3324	-2.5015
1	0.2500	-0.0270	0.1659	0.0186	0.0816	0.2239	2.0934	1.5624	-0.2565
2	-0.0053	-0.2963	0.1943	0.0175	-0.1626	-0.0381	0.1043	0.3154	2.4958
0	-0.0336	0.2495	0.1442	0.0193	0.2949	-0.0139	-0.4938	0.2600	-2.6858
1	0.2606	-0.0252	0.1663	-0.0037	-0.0419	0.2914	2.1048	1.6838	-0.1825
2	-0.0032	-0.3067	0.1952	-0.0094	-0.2710	0.0408	0.0656	-0.0956	2.5448
0	-0.0327	0.2624	0.1436	0.0403	0.2336	0.0234	-0.3039	-0.3276	-2.9546
1	0.2713	-0.0270	0.1672	0.0261	-0.0276	0.1861	2.1350	1.7522	-0.2194
2	-0.0037	-0.3189	0.1952	0.0360	-0.2800	-0.0544	0.1067	0.2376	2.7850
0	-0.0331	0.2686	0.1430	0.0273	0.0666	-0.0150	-0.3315	-0.1813	-2.9610
1	0.2757	-0.0263	0.1665	0.0129	0.0267	0.0583	2.1495	1.8343	-0.2712
2	-0.0044	-0.3271	0.1941	0.0394	-0.1305	0.0063	0.0799	0.1409	2.9212
0	-0.0356	0.2715	0.1430	-0.0007	0.1371	-0.0488	-0.3900	0.1111	-2.7711
1	0.2802	-0.0232	0.1657	0.0039	-0.0058	0.1871	2.3256	1.7883	-0.2504
2	-0.0028	-0.3302	0.1934	0.0156	-0.0767	0.0616	0.1077	0.1040	2.8811
0	-0.0359	0.2787	0.1435	0.0088	0.1828	0.0163	-0.3229	-0.2835	-2.8431
1	0.2877	-0.0239	0.1668	-0.0029	-0.0107	0.2006	2.2795	1.7104	-0.2575
2	-0.0012	-0.3368	0.1932	0.0127	-0.1858	-0.0352	0.1676	0.1931	2.8347
0	-0.0362	0.2872	0.1447	-0.0081	0.2476	0.0141	-0.3528	-0.2165	-3.0618
1	0.2984	-0.0243	0.1683	-0.0247	-0.0185	0.2987	2.5422	1.7902	-0.2176
2	-0.0016	-0.3446	0.1935	-0.0026	-0.2294	-0.0219	0.1136	-0.0572	2.8723
0	-0.0355	0.2998	0.1455	0.0341	0.2760	0.0063	-0.3526	-0.3634	-3.2280
1	0.3115	-0.0258	0.1692	0.0473	-0.0443	0.3238	2.5633	1.9013	-0.2235
2	-0.0026	-0.3553	0.1940	0.0221	-0.2751	-0.0506	0.0717	0.0300	3.1815
0	-0.0376	0.3109	0.1441	0.0418	0.2544	-0.0753	-0.4203	-0.1927	-3.5227
1	0.3256	-0.0246	0.1666	0.0564	-0.0189	0.2550	2.7165	2.2220	-0.2899
2	-0.0026	-0.3666	0.1934	0.0155	-0.2576	0.0326	0.0562	-0.0332	3.2873
0	-0.0382	0.3190	0.1430	0.0226	0.1128	0.0414	-0.4196	-0.3232	-3.3372
1	0.3327	-0.0261	0.1663	0.0011	-0.0427	0.1311	2.5574	2.0928	-0.3067
2	-0.0010	-0.3768	0.1923	0.0322	-0.1671	-0.0342	0.2075	0.4370	3.4434
0	-0.0379	0.3227	0.1437	0.0010	0.1386	-0.0078	-0.2789	-0.4114	-3.4002
1	0.3393	-0.0261	0.1670	0.0102	-0.0028	0.2381	3.0615	1.9464	-0.2087
2	-0.0017	-0.3808	0.1922	0.0047	-0.0947	-0.0079	0.1629	0.0743	3.3541
0	-0.0383	0.3322	0.1426	0.0646	0.2058	0.0057	-0.4269	-0.3130	-3.5588
1	0.3489	-0.0265	0.1660	0.0630	-0.0460	0.1939	2.9464	2.0657	-0.2172
2	-0.0011	-0.3881	0.1915	0.0607	-0.2357	-0.0110	0.0171	-0.2403	3.5437
0	-0.0392	0.3389	0.1409	0.0250	0.1523	-0.0412	-0.2854	-0.4674	-3.3014
1	0.3573	-0.0253	0.1635	0.0487	0.0120	0.1763	2.9240	1.9397	-0.2447
2	-0.0012	-0.3964	0.1889	0.0624	-0.1643	0.0148	0.1127	-0.0652	3.4818
0	-0.0411	0.3457	0.1402	0.0314	0.1873	-0.0260	-0.4388	-0.2387	-3.5675
1	0.3653	-0.0242	0.1621	0.0323	-0.0386	0.2343	3.0456	2.0659	-0.1928
2	0.0005	-0.4031	0.1868	0.0447	-0.1761	0.0289	0.0540	-0.1528	3.4267
0	-0.0404	0.3563	0.1390	0.0672	0.3082	0.0342	-0.3987	-0.4168	-3.5697
1	0.3786	-0.0267	0.1623	0.0302	-0.0769	0.3678	3.1648	2.0192	-0.2194
2	0.0005	-0.4118	0.1846	0.0662	-0.2889	-0.0551	0.1042	-0.0342	3.5538
0	-0.0398	0.3709	0.1375	0.0411	0.3918	-0.0103	-0.2887	-0.6851	-3.7675
1	0.3959	-0.0277	0.1623	0.0244	-0.0238	0.4348	3.5334	2.0269	-0.1954
2	-0.0013	-0.4243	0.1826	0.0495	-0.3645	-0.0349	0.0886	-0.2904	3.5906
0	-0.0399	0.3894	0.1354	0.0928	0.4784	-0.0165	-0.3322	-0.6105	-4.0453
1	0.4155	-0.0283	0.1621	0.0426	0.0060	0.4997	3.7856	2.1931	-0.1577
2	-0.0019	-0.4429	0.1807	0.0645	-0.4331	-0.0231	-0.0286	-0.4349	3.9647
0	-0.0414	0.4141	0.1311	0.0823	0.5281	-0.0451	-0.4436	-0.3082	-4.2643
1	0.4388	-0.0265	0.1605	0.0549	-0.0271	0.4832	3.6979	2.4721	-0.2129
2	-0.0012	-0.4651	0.1778	0.0701	-0.5294	0.0461	-0.0040	-0.4132	4.1901
0	-0.0416	0.4323	0.1280	0.0710	0.2972	-0.0158	-0.3470	-0.8605	-4.6418
1	0.4546	-0.0270	0.1585	0.0704	-0.0409	0.2789	3.7837	2.5149	-0.2092
2	-0.0007	-0.4867	0.1746	0.0778	-0.3825	-0.0118	0.0598	-0.0305	4.4597
0	-0.0418	0.4423	0.1258	0.0615	0.2139	0.0123	-0.5208	-0.5342	-4.5099
1	0.4664	-0.0279	0.1570	0.0333	-0.0686	0.3236	3.9990	2.4883	-0.2625
2	-0.0008	-0.4997	0.1712	0.0703	-0.2164	-0.0027	0.0737	-0.1408	4.5963
0	-0.0401	0.4534	0.1239	0.0837	0.2988	0.0448	-0.1409	-0.8267	-4.3603
1	0.4799	-0.0309	0.1567	0.0158	-0.0830	0.3523	4.1918	2.2718	-0.0731
2	-0.0020	-0.5099	0.1682	0.0894	-0.2910	-0.0564	0.0558	-0.3418	4.5515
0	-0.0383	0.4703	0.1225	0.0459	0.4238	0.0191	-0.3034	-0.8645	-4.6745
1	0.4980	-0.0331	0.1571	0.0233	-0.0537	0.4651	4.3974	2.3371	-0.1295
2	-0.0045	-0.5232	0.1660	0.0573	-0.3661	-0.0520	-0.0934	-0.6489	4.4188
0	-0.0378	0.4883	0.1212	0.0553	0.3831	0.0090	-0.2919	-0.8681	-5.2131
1	0.5162	-0.0342	0.1569	0.0319	-0.0580	0.4065	4.6255	2.6682	-0.0726
2	-0.0061	-0.5413	0.1643	0.0516	-0.4160	-0.0280	-0.0664	-0.6249	4.8158
0	-0.0359	0.5055	0.1186	0.1242	0.4116	0.0021	-0.2517	-1.2776	-5.1978
1	0.5381	-0.0369	0.1552	0.1150	-0.0623	0.5028	4.9177	2.5568	-0.0836
2	-0.0077	-0.5575	0.1621	0.0908	-0.3991	-0.0587	-0.1132	-0.4345	5.2844
0	-0.0371	0.5259	0.1119	0.1444	0.5141	-0.1557	-0.2556	-1.2627	-5.3086
1	0.5586	-0.0345	0.1497	0.2002	0.0510	0.5316	5.2157	2.5856	-0.1488
2	-0.0088	-0.5769	0.1570	0.1272	-0.4728	0.0722	-0.1523	-0.9458	5.2989
0	-0.0412	0.5531	0.1001	0.2632	0.6579	-0.2062	-0.7110	-0.7507	-5.5290
1	0.5875	-0.0300	0.1392	0.2343	-0.0464	0.6199	5.0888	2.8085	-0.2395
2	-0.0051	-0.6009	0.1485	0.1795	-0.6257	0.1781	-0.1144	-0.9614	5.5135
0	-0.0421	0.5787	0.0897	0.1033	0.3918	-0.0890	-0.4872	-1.3039	-5.2671
1	0.6061	-0.0284	0.1335	0.0901	0.0417	0.2486	4.6109	2.8560	-0.5233
2	-0.0026	-0.6311	0.1367	0.1772	-0.5446	0.0549	0.2277	-0.3349	5.3605
0	-0.0461	0.5875	0.0873	-0.0165	0.1518	-0.0709	-0.6722	-0.9545	-5.7759
1	0.6135	-0.0243	0.1327	0.0067	0.0377	0.2244	5.1552	2.9624	-0.4555
2	0.0003	-0.6443	0.1318	-0.0030	-0.1558	0.0895	0.3600	-0.3226	5.4697
0	-0.0483	0.5963	0.0869	-0.0107	0.3206	-0.0361	-0.3943	-1.5229	-5.4549
1	0.6253	-0.0221	0.1347	0.0249	0.0723	0.3776	5.8161	2.5678	-0.3170
2	0.0041	-0.6514	0.1301	0.0073	-0.2201	0.0098	0.2120	-0.5962	5.8039
0	-0.0519	0.6131	0.0840	0.0482	0.4151	-0.0804	-0.4718	-1.4825	-5.7257
1	0.6431	-0.0186	0.1333	0.0404	-0.0260	0.4529	5.6792	2.4854	-0.1311
2	0.0077	-0.6666	0.1284	0.0283	-0.4276	0.0892	-0.0468	-1.4551	5.8346
0	-0.0511	0.6336	0.0824	0.0731	0.5474	0.0885	-0.5608	-1.3531	-5.8796
1	0.6660	-0.0223	0.1349	-0.0042	-0.1289	0.5979	5.7961	2.6772	-0.2248
2	0.0089	-0.6853	0.1257	0.0616	-0.4936	-0.0751	0.0825	-0.9924	5.8692
0	-0.0482	0.6555	0.0826	0.0199	0.4321	0.0510	-0.3077	-1.9907	-6.3449
1	0.6864	-0.0251	0.1369	-0.0127	-0.0520	0.4354	6.0899	2.7576	-0.2119
2	0.0050	-0.7077	0.1251	0.0389	-0.4925	-0.0920	0.0832	-1.0850	6.0718
0	-0.0464	0.6713	0.0834	0.0565	0.3598	0.0781	-0.4699	-1.7257	-6.5999
1	0.7038	-0.0284	0.1389	-0.0136	-0.1268	0.3748	6.4465	2.8714	-0.0901
2	0.0029	-0.7252	0.1249	0.0317	-0.3440	-0.0807	-0.0573	-1.2377	6.5246
0	-0.0427	0.6875	0.0830	0.0779	0.4202	0.0730	-0.3711	-1.9496	-6.4859
1	0.7220	-0.0330	0.1401	0.0162	-0.1635	0.5488	6.6958	2.6953	-0.0707
2	-0.0009	-0.7410	0.1241	0.0634	-0.3680	-0.1029	-0.1181	-1.3279	6.6837
0	-0.0366	0.7105	0.0832	0.1491	0.6968	0.1697	-0.4502	-1.8710	-6.8376
1	0.7527	-0.0418	0.1416	0.0222	-0.2572	0.7803	7.0917	2.7672	-0.0253
2	-0.0063	-0.7596	0.1230	0.1180	-0.5654	-0.1858	-0.1166	-1.5895	6.6921
0	-0.0277	0.7415	0.0816	0.1711	0.6488	0.1028	-0.2550	-2.4410	-7.0035
1	0.7805	-0.0496	0.1409	0.0504	-0.1704	0.5658	7.0086	2.8902	-0.1328
2	-0.0163	-0.7894	0.1211	0.1858	-0.7192	-0.1947	-0.1744	-1.7063	7.0121
0	-0.0228	0.7628	0.0801	0.0594	0.3508	0.0554	-0.0750	-2.6669	-7.1760
1	0.7993	-0.0533	0.1412	-0.0256	-0.0353	0.2689	7.0486	2.9164	-0.1020
2	-0.0238	-0.8159	0.1180	0.0967	-0.4621	-0.1067	-0.1490	-1.5979	7.1086
0	-0.0234	0.7713	0.0803	-0.0079	0.0816	-0.0201	-0.1791	-2.5592	-7.5249
1	0.8051	-0.0516	0.1419	0.0107	0.0206	0.0645	7.4427	2.9551	0.0539
2	-0.0252	-0.8294	0.1165	-0.0022	-0.1343	0.0053	-0.2667	-1.7142	7.3831
0	-0.0246	0.7739	0.0801	0.0257	0.0986	0.0291	-0.2814	-2.2712	-7.3479
1	0.8087	-0.0512	0.1421	0.0104	-0.0486	0.1180	7.6239	2.8569	0.1046
2	-0.0233	-0.8326	0.1143	0.0270	-0.0652	0.0060	-0.3095	-1.7686	7.5439
0	-0.0235	0.7782	0.0792	0.0510	0.1042	0.0014	-0.1499	-2.6568	-7.1685
1	0.8129	-0.0519	0.1412	0.0407	-0.0252	0.1246	7.5886	2.6892	0.0486
2	-0.0237	-0.8369	0.1117	0.0640	-0.1014	-0.0178	-0.3496	-1.9621	7.4698
0	-0.0226	0.7847	0.0781	0.0652	0.2214	0.0536	-0.2604	-2.3996	-7.3464
1	0.8204	-0.0535	0.1410	0.0008	-0.0997	0.2505	7.7365	2.6867	0.0932
2	-0.0240	-0.8416	0.1083	0.0589	-0.1634	-0.0301	-0.2774	-2.1034	7.3501
0	-0.0190	0.7955	0.0775	0.0730	0.2623	0.0623	-0.1501	-2.8104	-7.1492
1	0.8318	-0.0571	0.1412	-0.0012	-0.0752	0.2539	7.6651	2.6268	0.0170
2	-0.0267	-0.8508	0.1058	0.0981	-0.2684	-0.0896	-0.3042	-2.0719	7.4403
0	-0.0176	0.8051	0.0778	0.0132	0.2466	0.0333	-0.1403	-2.8139	-7.2797
1	0.8423	-0.0576	0.1426	-0.0254	-0.0318	0.2566	7.7818	2.6043	0.0374
2	-0.0293	-0.8615	0.1041	0.0271	-0.2403	-0.0454	-0.2616	-2.2021	7.3300
0	-0.0172	0.8157	0.0783	0.0279	0.2751	0.0372	-0.2289	-2.6168	-7.5315
1	0.8535	-0.0581	0.1438	-0.0138	-0.0459	0.3034	7.9155	2.7886	0.0526
2	-0.0296	-0.8720	0.1029	0.0338	-0.2520	-0.0458	-0.3212	-2.1846	7.5664
0	-0.0163	0.8285	0.0791	0.0085	0.2912	0.0613	-0.0730	-2.9147	-7.4386
1	0.8662	-0.0594	0.1455	-0.0563	-0.0677	0.3268	8.0179	2.5915	0.1359
2	-0.0306	-0.8836	0.1013	0.0395	-0.2865	-0.0599	-0.3250	-2.1686	7.6857
0	-0.0152	0.8421	0.0819	-0.0196	0.3811	0.0670	-0.0253	-3.1723	-7.4121
1	0.8813	-0.0608	0.1494	-0.0839	-0.0092	0.4167	8.1975	2.4671	0.1068
2	-0.0323	-0.8964	0.1014	0.0008	-0.3318	-0.1113	-0.3614	-2.3636	7.5700
0	-0.0162	0.8600	0.0838	-0.0309	0.3865	0.0305	-0.0503	-3.1512	-8.0107
1	0.8986	-0.0592	0.1531	-0.0579	-0.0167	0.3199	8.3250	2.7288	0.1836
2	-0.0322	-0.9133	0.1026	-0.0388	-0.4526	-0.0489	-0.3772	-2.6519	7.6795
0	-0.0165	0.8725	0.0846	0.0379	0.2365	0.0055	-0.1652	-3.2319	-8.1549
1	0.9101	-0.0593	0.1543	0.0179	-0.0134	0.2256	8.4855	2.7685	0.0987
2	-0.0315	-0.9290	0.1029	0.0070	-0.2746	-0.0442	-0.4891	-2.3468	8.2317
0	-0.0165	0.8821	0.0837	0.0294	0.2410	0.0269	-0.1683	-3.1116	-7.9539
1	0.9201	-0.0594	0.1547	-0.0150	-0.0522	0.3049	8.5843	2.6122	0.1183
2	-0.0313	-0.9402	0.1003	0.0320	-0.2308	-0.0165	-0.3984	-2.5167	8.1777
0	-0.0159	0.8964	0.0835	0.0235	0.4571	-0.0080	-0.0737	-3.4986	-7.8345
1	0.9364	-0.0588	0.1565	-0.0112	0.0017	0.4759	8.8799	2.4168	0.0652
2	-0.0319	-0.9512	0.0986	0.0243	-0.3702	-0.0461	-0.3861	-2.7229	8.0625
0	-0.0148	0.9196	0.0830	0.0703	0.6353	0.0938	-0.3320	-3.1759	-7.9435
1	0.9626	-0.0609	0.1588	-0.0660	-0.1549	0.7130	8.8981	2.3887	0.1251
2	-0.0315	-0.9742	0.0968	0.0448	-0.5852	-0.0863	-0.3696	-2.9061	8.0988
0	-0.0094	0.9534	0.0848	0.0951	0.7307	0.1114	-0.0551	-4.0412	-8.3296
1	0.9967	-0.0662	0.1619	-0.0318	-0.1320	0.6694	9.1947	2.2985	0.1532
2	-0.0360	-1.0030	0.0975	0.0672	-0.7384	-0.1767	-0.3518	-3.0587	8.2250
0	-0.0050	0.9812	0.0862	0.0635	0.5601	0.0955	-0.0279	-4.1694	-8.6460
1	1.0214	-0.0699	0.1642	-0.0559	-0.0912	0.5162	9.4742	2.4449	0.1501
2	-0.0416	-1.0356	0.0982	0.0677	-0.5820	-0.1421	-0.4836	-3.2126	8.6211
0	-0.0035	1.0021	0.0868	0.0232	0.3940	0.0175	0.1513	-4.4356	-9.0324
1	1.0400	-0.0701	0.1661	-0.0059	-0.0239	0.3184	9.7822	2.4870	0.2517
2	-0.0442	-1.0566	0.0983	0.0235	-0.4643	-0.0647	-0.5327	-3.4454	8.9641
0	-0.0035	1.0149	0.0857	0.0257	0.2363	-0.0111	0.0677	-4.5356	-8.9985
1	1.0505	-0.0694	0.1662	0.0203	-0.0015	0.2084	9.9890	2.3403	0.2365
2	-0.0442	-1.0739	0.0959	0.0368	-0.2682	-0.0200	-0.6300	-3.4279	9.1947
0	-0.0044	1.0244	0.0836	0.0291	0.2212	-0.0274	0.0762	-4.5776	-8.9308
1	1.0593	-0.0685	0.1654	0.0595	-0.0096	0.2469	10.2073	2.1458	0.2757
2	-0.0435	-1.0833	0.0921	0.0361	-0.1974	0.0127	-0.5716	-3.7488	9.1775
0	-0.0038	1.0344	0.0805	0.0832	0.2856	-0.0141	-0.0623	-4.2119	-8.6573
1	1.0730	-0.0701	0.1626	0.0452	-0.0979	0.3655	9.9843	2.1764	0.2523
2	-0.0432	-1.0935	0.0869	0.0938	-0.2545	0.0132	-0.6423	-3.8633	9.1492
0	-0.0002	1.0504	0.0798	0.0984	0.3986	0.0892	-0.0125	-4.4179	-8.5562
1	1.0899	-0.0747	0.1625	-0.0228	-0.1191	0.4358	9.9719	2.0674	0.1691
2	-0.0456	-1.1068	0.0826	0.1069	-0.3730	-0.0960	-0.4898	-3.6565	8.9077
0	0.0021	1.0676	0.0800	0.0403	0.3886	-0.0002	0.1428	-4.8976	-8.8910
1	1.1064	-0.0755	0.1631	-0.0064	-0.0067	0.3209	10.0935	2.1263	0.1883
2	-0.0493	-1.1249	0.0811	0.0533	-0.4263	-0.0637	-0.4665	-3.9632	8.9046
0	0.0017	1.0819	0.0803	-0.0195	0.3177	0.0806	-0.1021	-4.6108	-9.0690
1	1.1194	-0.0746	0.1664	-0.0935	-0.0419	0.2856	10.2826	2.1833	0.1805
2	-0.0491	-1.1392	0.0788	-0.0001	-0.3298	-0.0512	-0.5366	-3.8596	9.1190
0	-0.0000	1.0934	0.0829	-0.0453	0.2451	0.0197	0.0114	-4.9758	-9.3961
1	1.1301	-0.0722	0.1701	-0.0535	-0.0041	0.2170	10.5925	2.1844	0.2371
2	-0.0479	-1.1517	0.0794	-0.0467	-0.2628	-0.0514	-0.4685	-3.9503	9.2890
0	-0.0011	1.1031	0.0843	0.0179	0.2007	0.0379	0.0561	-5.0786	-9.3848
1	1.1381	-0.0714	0.1725	-0.0284	-0.0360	0.1987	10.7289	2.1354	0.3041
2	-0.0456	-1.1625	0.0783	-0.0010	-0.2118	-0.0540	-0.6410	-4.0896	9.6431
0	-0.0008	1.1106	0.0855	0.0031	0.1372	0.0685	0.1459	-5.1608	-9.2390
1	1.1443	-0.0715	0.1748	-0.0549	-0.0445	0.1137	10.6186	2.0252	0.3065
2	-0.0454	-1.1709	0.0768	0.0188	-0.1809	-0.0651	-0.6154	-4.1559	9.5492
0	-0.0009	1.1148	0.0872	0.0044	0.0913	0.0430	0.1322	-5.2342	-9.3816
1	1.1477	-0.0707	0.1771	-0.0224	-0.0049	0.0913	10.9057	1.9473	0.2924
2	-0.0451	-1.1762	0.0758	0.0089	-0.0973	-0.0445	-0.6608	-4.3081	9.5026
0	-0.0012	1.1193	0.0860	0.0606	0.1585	-0.0063	-0.1132	-4.9273	-9.5137
1	1.1534	-0.0702	0.1767	0.0155	-0.0716	0.1670	11.0187	2.0137	0.2939
2	-0.0440	-1.1801	0.0731	0.0406	-0.1059	0.0255	-0.7157	-4.5874	9.7476
0	0.0009	1.1253	0.0854	0.0404	0.0972	0.0227	0.1326	-5.5237	-9.1737
1	1.1580	-0.0717	0.1770	0.0071	-0.0295	0.0914	10.8024	1.8166	0.2067
2	-0.0451	-1.1872	0.0685	0.0644	-0.1255	-0.0546	-0.5937	-4.3528	9.6961
0	0.0010	1.1278	0.0846	0.0075	0.0123	-0.0030	0.1121	-5.4197	-9.1642
1	1.1589	-0.0710	0.1767	0.0055	0.0030	-0.0113	10.7529	1.7698	0.2144
2	-0.0453	-1.1910	0.0651	0.0448	-0.0597	-0.0015	-0.5905	-4.5855	9.4729
0	-0.0003	1.1267	0.0848	-0.0174	0.0036	0.0319	0.0301	-5.1850	-9.1099
1	1.1578	-0.0694	0.1779	-0.0162	-0.0087	0.0291	10.7865	1.8146	0.2011
2	-0.0441	-1.1911	0.0613	0.0122	0.0167	-0.0056	-0.5278	-4.4661	9.4283
0	-0.0015	1.1276	0.0848	-0.0020	0.0419	-0.0021	0.0777	-5.4995	-9.3160
1	1.1591	-0.0679	0.1782	0.0083	0.0072	0.0572	10.9840	1.7238	0.2320
2	-0.0425	-1.1910	0.0584	0.0161	-0.0427	-0.0024	-0.5530	-4.5686	9.4651
0	-0.0024	1.1309	0.0841	0.0218	0.1431	0.0302	-0.0537	-5.1604	-9.2570
1	1.1636	-0.0673	0.1789	-0.0134	-0.0390	0.1185	10.9894	1.8034	0.2436
2	-0.0409	-1.1932	0.0544	0.0215	-0.1008	0.0030	-0.5841	-4.7301	9.5582
0	-0.0025	1.1352	0.0844	0.0147	0.0458	-0.0005	0.1209	-5.5723	-9.5724
1	1.1662	-0.0667	0.1790	0.0192	0.0057	0.0371	11.0471	1.8719	0.2687
2	-0.0404	-1.1984	0.0518	0.0299	-0.0810	-0.0156	-0.5891	-4.5661	9.6621
0	-0.0036	1.1364	0.0832	0.0115	0.0399	-0.0004	-0.0210	-5.1671	-9.4606
1	1.1673	-0.0652	0.1786	0.0081	-0.0118	0.0206	11.0269	1.9226	0.2587
2	-0.0393	-1.2004	0.0470	0.0318	-0.0401	0.0268	-0.6519	-4.6727	9.7318
0	-0.0035	1.1367	0.0826	0.0411	0.0179	0.0151	0.0072	-5.2189	-9.4555
1	1.1677	-0.0654	0.1779	0.0297	-0.0401	0.0439	11.0225	1.9272	0.2611
2	-0.0384	-1.2015	0.0430	0.0477	-0.0163	0.0008	-0.5957	-4.4715	9.7655
0	-0.0025	1.1386	0.0806	0.0577	0.0645	0.0019	0.0418	-5.3407	-9.3163
1	1.1700	-0.0658	0.1765	0.0216	-0.0346	0.0440	11.0405	1.7639	0.2137
2	-0.0388	-1.2026	0.0381	0.0754	-0.0795	0.0200	-0.5831	-4.6913	9.7032
0	-0.0024	1.1390	0.0795	0.0152	-0.0201	0.0064	0.0236	-5.3442	-9.3476
1	1.1693	-0.0655	0.1758	0.0099	-0.0213	-0.0102	10.9012	1.8456	0.1929
2	-0.0391	-1.2047	0.0331	0.0452	-0.0055	0.0129	-0.5382	-4.6379	9.5812
0	-0.0023	1.1377	0.0796	0.0202	-0.0142	0.0375	0.0632	-5.4451	-9.2053
1	1.1681	-0.0656	0.1762	-0.0167	-0.0237	-0.0251	10.9318	1.7592	0.2239
2	-0.0385	-1.2037	0.0292	0.0466	-0.0008	-0.0251	-0.5233	-4.5173	9.6015
0	-0.0022	1.1374	0.0800	0.0297	0.0652	0.0377	0.0018	-5.3751	-9.2284
1	1.1689	-0.0655	0.1770	-0.0016	-0.0409	0.0680	11.0923	1.6680	0.2227
2	-0.0381	-1.2029	0.0261	0.0301	-0.0164	-0.0164	-0.5773	-4.7015	9.5267
0	-0.0022	1.1393	0.0798	0.0173	0.0202	-0.0141	0.1029	-5.6257	-9.4778
1	1.1698	-0.0647	0.1766	0.0293	0.0027	-0.0001	11.0618	1.7605	0.2245
2	-0.0380	-1.2052	0.0230	0.0359	-0.0471	0.0059	-0.5852	-4.8087	9.6066
0	-0.0024	1.1400	0.0778	0.0618	0.0800	-0.0215	0.0361	-5.4235	-9.3006
1	1.1721	-0.0647	0.1750	0.0635	-0.0313	0.1611	11.1561	1.6431	0.2761
2	-0.0370	-1.2055	0.0182	0.0509	-0.0047	0.0208	-0.6337	-4.6940	9.7230
0	-0.0021	1.1448	0.0748	-0.0090	0.0274	-0.0464	0.0188	-5.6337	-9.2994
1	1.1749	-0.0633	0.1732	0.0045	0.0608	-0.0544	10.8291	1.8184	0.0578
2	-0.0377	-1.2099	0.0125	0.0792	-0.1319	0.0272	-0.5701	-4.8541	9.5120
0	-0.0048	1.1429	0.0734	0.0129	0.0053	0.0206	-0.1180	-5.1130	-9.5490
1	1.1739	-0.0615	0.1736	0.0035	-0.0483	0.0653	11.1572	1.8693	0.2523
2	-0.0349	-1.2097	0.0072	0.0079	0.0497	0.0500	-0.4262	-4.5313	9.6396
0	-0.0044	1.1444	0.0731	0.0177	0.0416	-0.0033	0.1682	-5.6253	-9.3074
1	1.1752	-0.0612	0.1732	0.0280	0.0124	-0.0214	11.0337	1.7502	0.2337
2	-0.0347	-1.2104	0.0035	0.0544	-0.0706	-0.0114	-0.5937	-4.6683	9.7763
0	-0.0051	1.1434	0.0716	0.0372	-0.0150	-0.0005	-0.0932	-5.1200	-9.4925
1	1.1741	-0.0610	0.1721	0.0201	-0.0663	0.0457	11.0277	1.9360	0.2547
2	-0.0339	-1.2112	-0.0009	0.0382	0.0315	0.0336	-0.6242	-4.6811	9.7037
0	-0.0033	1.1445	0.0721	0.0504	0.0493	0.0736	0.1893	-5.3303	-9.2053
1	1.1753	-0.0632	0.1723	-0.0351	-0.0642	-0.0416	10.8045	1.8940	0.2803
2	-0.0344	-1.2112	-0.0048	0.0767	-0.0698	-0.0547	-0.5769	-4.4325	9.6964
0	-0.0029	1.1402	0.0752	-0.0594	-0.2342	0.1224	-0.1660	-5.0728	-9.4284
1	1.1661	-0.0633	0.1764	-0.1322	-0.0809	-0.3238	10.5619	2.2125	0.1007
2	-0.0353	-1.2105	-0.0062	-0.0013	0.1220	-0.0722	-0.5669	-4.3197	9.5026
0	-0.0038	1.1215	0.0830	-0.0787	-0.5851	0.2036	-0.0397	-5.2679	-9.5745
1	1.1417	-0.0641	0.1833	-0.1542	-0.0865	-0.7643	10.4156	2.3436	0.1235
2	-0.0342	-1.1965	-0.0042	-0.0490	0.4293	-0.1494	-0.4046	-3.8083	9.7479
0	-0.0059	1.0836	0.0938	-0.1291	-0.7723	0.2141	-0.1203	-4.7681	-8.7924
1	1.1038	-0.0635	0.1920	-0.2165	-0.0896	-0.7271	10.3770	1.9495	0.0668
2	-0.0328	-1.1640	0.0003	-0.0907	0.8212	-0.1269	-0.3950	-3.8292	9.6226
0	-0.0076	1.0527	0.1052	-0.1558	-0.6466	0.2158	0.1142	-5.0430	-8.6997
1	1.0724	-0.0621	0.2024	-0.2111	-0.0245	-0.7295	10.1167	1.8424	0.0993
2	-0.0307	-1.1283	0.0059	-0.1154	0.6471	-0.1603	-0.4030	-4.2458	9.0105
0	-0.0135	1.0168	0.1140	-0.2314	-0.8404	0.0424	-0.0175	-4.7020	-8.8255
1	1.0338	-0.0549	0.2092	-0.1236	0.1387	-0.8441	10.0590	2.2036	0.0142
2	-0.0265	-1.0955	0.0108	-0.1593	0.8431	0.0024	-0.4684	-4.1932	9.0337
0	-0.0217	0.9778	0.1198	-0.1494	-0.7336	0.0178	0.0167	-4.4112	-8.6927
1	0.9966	-0.0470	0.2135	-0.0330	0.0786	-0.7345	9.8737	2.1834	0.2129
2	-0.0176	-1.0575	0.0116	-0.1368	0.7695	0.0532	-0.4803	-3.8651	9.1708
0	-0.0271	0.9443	0.1208	-0.0960	-0.6434	-0.0658	-0.1740	-3.9408	-8.1312
1	0.9660	-0.0415	0.2125	-0.0245	0.1329	-0.6450	9.4392	2.2510	-0.0364
2	-0.0104	-1.0228	0.0093	-0.0247	0.7021	0.1244	-0.5132	-3.7511	8.8365
0	-0.0333	0.9175	0.1223	-0.1426	-0.6887	-0.0463	-0.0740	-3.9306	-8.4333
1	0.9353	-0.0346	0.2127	0.0081	0.1403	-0.6727	9.1975	2.4957	0.0306
2	-0.0029	-0.9942	0.0056	-0.0894	0.6651	0.1101	-0.2846	-3.2869	8.4699
0	-0.0398	0.8884	0.1224	-0.0375	-0.5677	-0.0724	-0.3296	-3.4659	-8.3733
1	0.9081	-0.0290	0.2100	0.0800	0.0781	-0.5811	9.0556	2.5757	0.0333
2	0.0048	-0.9661	0.0018	-0.0370	0.6087	0.1464	-0.3642	-3.1017	8.5849
0	-0.0447	0.8598	0.1179	0.0079	-0.7046	-0.1871	-0.2868	-3.4789	-8.0396
1	0.8785	-0.0234	0.2018	0.2089	0.1586	-0.7204	8.4382	2.6792	-0.1059
2	0.0109	-0.9393	-0.0051	0.0601	0.6230	0.1945	-0.3317	-2.9109	8.4794
0	-0.0506	0.8293	0.1119	0.0265	-0.6081	-0.1018	-0.5053	-2.5157	-7.5625
1	0.8486	-0.0182	0.1931	0.0658	0.0051	-0.5029	8.2043	2.8146	-0.0711
2	0.0183	-0.9098	-0.0159	0.0662	0.6608	0.2319	-0.1708	-2.4175	8.0416
0	-0.0499	0.8084	0.1116	0.0469	-0.2830	0.1339	-0.6829	-1.9804	-7.5987
1	0.8291	-0.0194	0.1936	-0.0576	-0.0858	-0.4802	7.8861	3.2000	-0.2193
2	0.0213	-0.8856	-0.0230	0.0803	0.3868	-0.0154	-0.0326	-2.0731	7.7221
0	-0.0453	0.7851	0.1149	0.0255	-0.7802	0.1214	-0.4900	-2.8543	-7.9510
1	0.7946	-0.0222	0.1936	-0.0040	-0.0716	-0.9038	7.1825	3.3871	-0.3452
2	0.0180	-0.8671	-0.0240	0.0566	0.6379	-0.0849	0.0699	-1.2804	7.9609
0	-0.0423	0.7446	0.1170	0.0600	-0.7029	0.0809	-0.1738	-2.2694	-6.7005
1	0.7598	-0.0247	0.1913	0.0304	-0.0811	-0.6535	7.3633	2.6921	-0.0044
2	0.0165	-0.8307	-0.0264	0.1005	0.8167	-0.0049	-0.1611	-1.7200	7.6570
0	-0.0402	0.7197	0.1166	0.0406	-0.5053	-0.0026	-0.3261	-2.4457	-6.3121
1	0.7347	-0.0255	0.1878	0.0651	0.0035	-0.5369	6.9923	2.3271	-0.1849
2	0.0151	-0.8004	-0.0308	0.0975	0.5539	0.0308	-0.2758	-2.1929	6.8835
0	-0.0417	0.6954	0.1163	-0.0263	-0.5570	0.0018	-0.4516	-1.7955	-6.2838
1	0.7092	-0.0239	0.1848	-0.0099	0.0046	-0.5561	6.3421	2.6258	-0.2639
2	0.0171	-0.7776	-0.0351	0.0370	0.5573	0.0801	0.0128	-1.8373	6.4919
0	-0.0434	0.6698	0.1193	-0.0734	-0.5655	0.0059	-0.2420	-2.4472	-6.3514
1	0.6844	-0.0214	0.1847	0.0327	0.0796	-0.5870	6.5059	2.5021	-0.2123
2	0.0201	-0.7514	-0.0371	-0.0180	0.5560	0.0337	0.0194	-1.4483	6.3746
0	-0.0484	0.6428	0.1201	-0.0475	-0.6020	-0.0587	-0.5736	-1.5098	-6.2188
1	0.6574	-0.0166	0.1814	0.0211	0.0381	-0.5646	6.2284	2.7368	-0.2100
2	0.0252	-0.7256	-0.0391	0.0064	0.6098	0.1562	-0.1141	-1.7308	6.5370
0	-0.0513	0.6152	0.1219	-0.0493	-0.5587	-0.0195	-0.3303	-1.9959	-6.1258
1	0.6322	-0.0140	0.1800	0.0499	0.0891	-0.6375	6.0051	2.6938	-0.2199
2	0.0301	-0.6988	-0.0417	0.0016	0.5401	0.0493	0.0557	-1.1590	6.2758
0	-0.0569	0.5880	0.1220	-0.0555	-0.6837	-0.1258	-0.6163	-1.3544	-5.8871
1	0.6025	-0.0073	0.1747	0.0303	0.0444	-0.5438	5.7992	2.7651	-0.2736
2	0.0355	-0.6719	-0.0439	0.0092	0.7045	0.1941	-0.0948	-1.2898	6.1652
0	-0.0571	0.5659	0.1238	0.0709	-0.2676	0.1805	-1.1922	-0.3805	-6.0165
1	0.5865	-0.0138	0.1735	0.0754	-0.3096	-0.2591	5.5189	3.0401	-0.2429
2	0.0398	-0.6453	-0.0467	0.0760	0.3781	-0.0901	0.2597	-0.7474	5.9709
0	-0.0465	0.5517	0.1222	0.1656	-0.3972	0.1367	0.0319	-1.7117	-5.4870
1	0.5688	-0.0211	0.1688	0.1326	-0.1196	-0.5194	5.0872	2.7097	0.0087
2	0.0310	-0.6318	-0.0504	0.2325	0.3113	-0.1480	-0.0752	-0.5975	5.9091
0	-0.0443	0.5292	0.1182	0.0627	-0.5503	-0.1322	-0.0235	-1.6014	-5.0930
1	0.5431	-0.0189	0.1601	0.1651	0.0736	-0.5497	4.9677	2.4559	-0.1356
2	0.0256	-0.6130	-0.0570	0.1694	0.5144	0.0542	-0.3445	-0.9790	5.4307
0	-0.0478	0.5044	0.1166	-0.0262	-0.4206	0.0341	-0.4940	-0.5196	-4.7859
1	0.5216	-0.0161	0.1570	-0.0417	-0.0134	-0.4005	4.6789	2.6023	-0.1516
2	0.0311	-0.5867	-0.0645	0.0558	0.4762	0.0862	-0.0279	-0.8115	5.0726
0	-0.0484	0.4851	0.1188	-0.0335	-0.6125	-0.1003	-0.0923	-1.9984	-5.2978
1	0.4981	-0.0122	0.1556	0.1269	0.2156	-0.8514	4.3152	2.6146	-0.2758
2	0.0324	-0.5674	-0.0651	0.0069	0.4042	0.0306	0.0316	-0.4600	4.8629
0	-0.0586	0.4474	0.1182	-0.0560	-0.9116	-0.1952	-0.7475	-0.2437	-4.9197
1	0.4579	0.0011	0.1465	0.1185	0.1325	-0.7897	4.2638	2.7776	-0.2384
2	0.0425	-0.5357	-0.0677	-0.0136	0.9195	0.3241	-0.0893	-0.5055	5.1091
0	-0.0634	0.4149	0.1169	0.0448	-0.6776	-0.0635	-0.4048	-0.6482	-4.2541
1	0.4264	0.0068	0.1393	0.1135	0.0395	-0.6142	4.0345	2.3489	-0.2015
2	0.0529	-0.4992	-0.0716	0.0691	0.7008	0.1572	0.0568	-0.1623	4.7896
0	-0.0658	0.3898	0.1151	0.0532	-0.5582	-0.0567	-0.6619	-0.4774	-4.1701
1	0.4006	0.0111	0.1321	0.1286	0.0127	-0.6327	3.6366	2.3655	-0.3871
2	0.0581	-0.4709	-0.0761	0.0914	0.5657	0.1255	0.1682	-0.3815	4.1847
0	-0.0685	0.3584	0.1121	0.0624	-0.7719	-0.0735	-0.5480	-0.7998	-3.9749
1	0.3693	0.0159	0.1222	0.1702	-0.0086	-0.7232	3.3964	2.2464	-0.3229
2	0.0625	-0.4442	-0.0812	0.1374	0.6870	0.1399	0.2024	-0.0655	4.1401
0	-0.0712	0.3269	0.1081	0.1067	-0.6751	-0.1291	-0.5500	-0.9027	-3.1627
1	0.3357	0.0228	0.1101	0.1958	0.1175	-0.7455	3.1211	1.7108	-0.5579
2	0.0669	-0.4116	-0.0877	0.1668	0.6981	0.1277	0.2225	-0.2361	3.8650
0	-0.0807	0.2908	0.1054	-0.0603	-0.7399	-0.1900	-0.6463	0.1463	-2.7130
1	0.3017	0.0365	0.0988	0.0740	0.1952	-0.7003	2.4857	1.9051	-0.5331
2	0.0760	-0.3784	-0.0942	0.0530	0.7487	0.2921	0.3873	-0.4878	3.0445
0	-0.0858	0.2623	0.1091	-0.0427	-0.4894	0.0056	-0.9341	0.2319	-2.8549
1	0.2737	0.0431	0.0957	0.0106	0.0216	-0.4890	2.4617	1.9624	-0.4459
2	0.0859	-0.3472	-0.0948	-0.0097	0.5716	0.1239	0.4985	0.3778	2.8242
0	-0.0873	0.2384	0.1093	0.0430	-0.5129	-0.0829	-0.7580	-0.5210	-2.6522
1	0.2514	0.0482	0.0898	0.1309	0.0569	-0.5088	2.2313	1.5780	-0.6977
2	0.0895	-0.3231	-0.0948	0.0708	0.4652	0.0914	0.4682	0.1430	2.8628
0	-0.0915	0.2175	0.1087	-0.0068	-0.3893	-0.0334	-0.8825	0.2032	-2.2084
1	0.2319	0.0548	0.0834	0.0958	0.0466	-0.3762	2.1831	1.5158	-0.6942
2	0.0953	-0.3010	-0.0975	0.0719	0.4471	0.1536	0.5787	-0.1538	2.5672
0	-0.0960	0.1997	0.1069	0.0778	-0.4458	-0.1520	-0.9369	-0.1978	-2.5553
1	0.2127	0.0642	0.0723	0.2020	0.0572	-0.4657	1.9396	1.6277	-0.7272
2	0.1004	-0.2832	-0.0990	0.1134	0.4099	0.1628	0.5852	-0.0540	2.5052
0	-0.1012	0.1773	0.1019	0.1126	-0.5827	-0.0998	-0.9813	0.0636	-1.9334
1	0.1905	0.0723	0.0595	0.1608	-0.0817	-0.5890	1.5170	1.4761	-0.7740
2	0.1082	-0.2630	-0.1046	0.1985	0.5302	0.1675	0.6815	0.2808	2.3887
0	-0.0967	0.1498	0.0961	0.2387	-0.6051	0.2454	-0.9032	0.7438	-2.1008
1	0.1627	0.0673	0.0503	0.0517	-0.3866	-0.6023	1.5426	1.5986	-0.4542
2	0.1113	-0.2381	-0.1114	0.2580	0.6878	-0.0641	0.7799	0.6636	2.1348
0	-0.0855	0.1208	0.0863	0.2480	-0.7979	0.0756	-0.4458	-0.9515	-1.4069
1	0.1272	0.0618	0.0376	0.1788	-0.1329	-0.7885	1.2260	0.9314	-0.7853
2	0.1021	-0.2099	-0.1230	0.3313	0.7264	-0.1658	0.4886	0.4379	2.0764
0	-0.0834	0.0878	0.0823	0.0377	-0.5631	0.0843	-0.6780	0.4927	-0.8186
1	0.0961	0.0634	0.0297	0.0218	-0.0594	-0.5789	0.9277	0.9916	-0.5856
2	0.1012	-0.1756	-0.1327	0.1478	0.6706	0.0143	0.6101	-0.1379	0.9816
0	-0.0810	0.0622	0.0827	0.0829	-0.5765	0.0321	-1.0425	-0.3699	-1.2019
1	0.0726	0.0654	0.0242	0.1149	-0.1382	-0.8353	0.7771	0.7038	-0.6910
2	0.1009	-0.1488	-0.1347	0.0716	0.5402	0.0022	0.6308	0.2303	0.9654
0	-0.0827	0.0282	0.0734	0.2206	-0.9305	-0.1902	-0.4459	-0.8503	-0.0162
1	0.0330	0.0790	0.0009	0.3336	0.0842	-0.9923	0.3508	0.1875	-0.9072
2	0.1026	-0.1189	-0.1415	0.3581	0.8178	0.1399	0.5965	-0.1249	1.1467
0	-0.0906	-0.0115	0.0721	-0.1934	-0.7047	-0.0110	-0.5514	1.3379	1.7754
1	-0.0065	0.0946	-0.0124	-0.3225	0.1045	-0.6326	-0.1324	-0.0520	-0.8794
2	0.1149	-0.0800	-0.1489	0.1212	0.8683	0.2641	0.9812	-0.2686	-0.0834
0	-0.0827	-0.0397	0.0908	-0.5110	-0.3491	0.2366	-0.4694	0.6165	0.4661
1	-0.0306	0.0828	0.0128	-0.4736	0.0949	-0.4043	0.0193	0.2246	-0.5621
2	0.1156	-0.0469	-0.1396	-0.3316	0.5313	-0.1276	1.1329	0.4192	-0.8915
0	-0.0710	-0.0575	0.1082	-0.2397	-0.4159	0.1975	-0.7299	-0.3800	-0.1088
1	-0.0528	0.0715	0.0325	-0.1841	0.0906	-0.6242	-0.4836	0.0439	-0.5183
2	0.1047	-0.0256	-0.1218	-0.2664	0.3520	-0.1868	0.6079	0.2708	-0.1918
0	-0.0729	-0.0900	0.1179	-0.1452	-0.9196	-0.2310	-0.4871	-0.2191	0.1205
1	-0.0923	0.0902	0.0227	0.1244	0.2390	-0.9801	-0.8912	-0.0037	-0.5384
2	0.1003	-0.0015	-0.1116	-0.1134	0.7421	0.1990	0.2845	-0.0355	0.0067
0	-0.0823	-0.1351	0.1183	0.3108	-1.1773	-0.1727	-1.2467	-0.3623	-0.1832
1	-0.1388	0.1201	-0.0114	0.4314	-0.0334	-1.2253	-0.7290	-0.3002	-0.5148
2	0.1121	0.0399	-0.1047	0.1520	1.0120	0.2847	0.4428	0.3079	-0.0987
0	-0.0929	-0.1859	0.1105	0.0693	-0.9959	-0.2408	-0.3302	0.2579	1.9390
1	-0.1820	0.1549	-0.0472	0.1296	0.1779	-0.8033	-0.4724	-0.6634	-0.5810
2	0.1282	0.0932	-0.1127	0.2321	1.1064	0.3227	0.5623	-0.0018	-0.5372
0	-0.1000	-0.2190	0.1119	0.0210	-0.2681	-0.0307	-0.8465	0.2502	2.2369
1	-0.2050	0.1697	-0.0578	-0.0466	0.0422	-0.2397	-0.7245	-1.3724	-0.6356
2	0.1405	0.1313	-0.1108	0.0951	0.5062	0.1750	0.7226	-0.5208	-1.5833
0	-0.1000	-0.2300	0.1144	0.0060	-0.3147	-0.0370	-0.9644	-0.6866	1.7005
1	-0.2200	0.1767	-0.0623	0.1351	0.0638	-0.5138	-1.7412	-1.5296	-0.9301
2	0.1434	0.1464	-0.1084	0.0121	0.2159	0.0331	0.9453	-0.4721	-1.9396
0	-0.1065	-0.2538	0.1162	-0.0143	-0.6706	-0.1775	-1.0411	-0.3648	2.3590
1	-0.2463	0.2042	-0.0869	0.0571	0.1136	-0.6206	-1.7844	-1.6208	-1.1354
2	0.1493	0.1663	-0.1056	0.0952	0.5961	0.2534	0.9723	-0.4002	-1.8067
0	-0.1103	-0.2843	0.1218	-0.0446	-0.5738	-0.0982	-1.0048	-0.6914	2.2495
1	-0.2717	0.2227	-0.1000	0.0970	0.1168	-0.6387	-1.7692	-1.9032	-1.0249
2	0.1562	0.1949	-0.0998	-0.0608	0.5674	0.1400	1.3207	-0.3559	-2.2682
0	-0.1164	-0.3138	0.1225	0.1936	-0.7811	-0.1146	-1.5454	-0.9655	1.9456
1	-0.3036	0.2595	-0.1381	0.2802	-0.0864	-0.8325	-1.8019	-2.2381	-0.9905
2	0.1625	0.2227	-0.0941	0.1025	0.6281	0.2076	1.0733	-0.5435	-2.3575
0	-0.1230	-0.3451	0.1144	0.1836	-0.5474	-0.0190	-0.8787	0.1479	3.8190
1	-0.3270	0.2883	-0.1732	0.0692	-0.0331	-0.4056	-1.8707	-2.4439	-1.0721
2	0.1723	0.2549	-0.0969	0.2832	0.7183	0.1167	1.2195	-0.8647	-2.4489
0	-0.1226	-0.3631	0.1148	-0.0896	-0.2745	0.0233	-0.8012	-0.1972	3.4714
1	-0.3396	0.2942	-0.1781	-0.0768	-0.0100	-0.1584	-2.0221	-2.4376	-0.9792
2	0.1765	0.2795	-0.0987	0.0087	0.3668	0.0176	1.3676	-0.7784	-3.5192
0	-0.1181	-0.3716	0.1171	0.0345	-0.1981	0.0911	-1.1597	-1.1586	2.3667
1	-0.3475	0.2914	-0.1765	0.0510	-0.0825	-0.3001	-1.8405	-2.5138	-0.8868
2	0.1741	0.2911	-0.0953	-0.0090	0.1222	-0.0686	1.1397	-0.8812	-3.0204
0	-0.1187	-0.3861	0.1149	0.0729	-0.4077	-0.0586	-0.7096	-0.8437	3.2879
1	-0.3622	0.3092	-0.1955	0.0674	0.0407	-0.3768	-2.2041	-2.6304	-0.9453
2	0.1727	0.3017	-0.0961	0.1389	0.3684	0.0500	0.9688	-0.9631	-2.6389
0	-0.1201	-0.4013	0.1157	0.0766	-0.2967	0.0105	-1.1579	-0.6121	3.2869
1	-0.3755	0.3253	-0.2118	0.0711	-0.0867	-0.4522	-2.2518	-2.7545	-0.9270
2	0.1764	0.3186	-0.0949	0.0784	0.2917	0.0720	1.0811	-0.9417	-3.3194
0	-0.1214	-0.4190	0.1100	0.2330	-0.5217	-0.0108	-1.0991	-1.3707	3.5775
1	-0.3945	0.3566	-0.2477	0.2519	-0.0600	-0.5251	-2.5029	-3.1067	-1.2092
2	0.1792	0.3357	-0.0967	0.1568	0.4540	0.0318	1.2570	-0.8266	-3.2499
0	-0.1277	-0.4365	0.1040	0.0851	-0.2535	-0.0922	-1.1904	-0.8380	4.8078
1	-0.4068	0.3915	-0.2824	0.1003	0.0900	-0.2477	-2.5092	-3.5137	-1.4813
2	0.1873	0.3535	-0.1003	0.2142	0.3077	0.1393	1.5510	-1.4207	-3.7671
0	-0.1300	-0.4470	0.1055	0.0591	-0.1972	0.0474	-1.4296	-0.5589	3.6354
1	-0.4152	0.4073	-0.2965	0.0321	-0.0726	-0.2164	-2.4324	-3.2366	-1.0696
2	0.1936	0.3652	-0.0972	0.0486	0.2013	0.1271	1.6356	-1.2911	-4.1593
0	-0.1302	-0.4576	0.1025	0.0473	-0.2421	-0.0333	-1.0252	-0.9558	4.2711
1	-0.4243	0.4236	-0.3136	0.0357	0.0148	-0.1961	-2.4790	-3.3707	-1.2511
2	0.1949	0.3755	-0.0968	0.1326	0.2534	0.0292	1.3694	-1.0766	-3.5407
0	-0.1288	-0.4656	0.1047	-0.0603	-0.0829	0.0835	-1.2619	-0.8449	4.1361
1	-0.4309	0.4229	-0.3111	-0.1266	-0.0299	-0.1615	-2.4925	-3.5651	-1.1414
2	0.1966	0.3857	-0.0949	0.0111	0.1512	0.0270	1.5015	-1.3413	-3.9448
0	-0.1253	-0.4774	0.1070	-0.0293	-0.3295	-0.0423	-0.9579	-1.1441	3.9742
1	-0.4440	0.4362	-0.3222	0.0411	0.0220	-0.3366	-2.7759	-3.5169	-1.0917
2	0.1928	0.3944	-0.0920	0.0164	0.2912	0.0297	1.3553	-1.2453	-3.9323
0	-0.1251	-0.4920	0.1082	-0.0511	-0.2604	0.0338	-1.1186	-1.2173	4.8227
1	-0.4572	0.4529	-0.3371	-0.0799	0.0752	-0.4412	-2.5434	-3.7640	-1.1704
2	0.1943	0.4098	-0.0889	0.0652	0.2880	0.0361	1.2271	-1.3456	-3.8482
0	-0.1260	-0.5151	0.1138	-0.0738	-0.9139	-0.2464	-0.9897	-1.7460	3.7329
1	-0.4888	0.5340	-0.4118	0.2738	0.1057	-0.8343	-3.4909	-3.7294	-1.1577
2	0.1944	0.4275	-0.0837	-0.0376	0.6955	0.2335	1.4931	-1.3885	-4.3554
0	-0.1302	-0.5515	0.1171	0.0651	-0.3659	0.1270	-1.3461	-0.4398	4.9766
1	-0.5022	0.5779	-0.4576	-0.0753	-0.1550	-0.0771	-1.9102	-3.9413	-0.7282
2	0.2030	0.4677	-0.0750	0.1081	0.6404	0.1042	1.1454	-1.2109	-3.9878
0	-0.1251	-0.5478	0.1116	0.0939	0.3437	0.1439	-1.0713	-2.0048	5.0642
1	-0.4974	0.5406	-0.4238	-0.0096	-0.1291	0.4260	-2.1140	-4.9119	-1.2902
2	0.2009	0.4775	-0.0779	0.0888	-0.2123	-0.1742	1.4028	-2.4026	-4.5809
0	-0.1215	-0.5255	0.1091	-0.0344	0.6911	0.1053	-1.0679	-1.4680	5.1803
1	-0.4771	0.4746	-0.3557	-0.1681	-0.0288	0.8106	-2.3807	-4.5722	-1.3203
2	0.1966	0.4610	-0.0811	0.0084	-0.5964	-0.1156	1.5827	-2.6964	-4.8991
0	-0.1108	-0.4847	0.1112	-0.1461	1.0395	0.2702	-1.2119	-1.1947	4.6728
1	-0.4449	0.3701	-0.2461	-0.3335	-0.0753	1.0303	-2.4046	-4.0806	-1.2095
2	0.1879	0.4291	-0.0790	-0.1517	-0.9339	-0.2317	1.6809	-2.0799	-4.7272
0	-0.0996	-0.4438	0.1142	-0.1424	0.7911	0.0770	-0.7685	-1.5259	3.9575
1	-0.4170	0.3053	-0.1745	-0.1763	0.0832	0.6031	-2.9235	-3.3205	-1.0922
2	0.1706	0.3820	-0.0764	-0.1365	-0.8677	-0.1778	1.4317	-1.6907	-4.1114
0	-0.0938	-0.4155	0.1220	-0.1910	0.6328	0.1399	-0.9962	0.2457	3.7477
1	-0.3943	0.2575	-0.1189	-0.2899	-0.0480	0.6227	-2.8382	-2.6879	-0.7154
2	0.1626	0.3530	-0.0700	-0.1547	-0.5692	-0.0629	1.1284	-0.7050	-3.7243
0	-0.0814	-0.3872	0.1267	-0.1669	0.8212	0.2604	-0.5544	-0.1506	3.3729
1	-0.3640	0.1947	-0.0531	-0.3465	-0.1170	1.0890	-2.0317	-2.5930	-0.4311
2	0.1492	0.3255	-0.0644	-0.1660	-0.6873	-0.2630	0.9692	-0.3982	-3.4821
0	-0.0613	-0.3263	0.1333	-0.2616	1.6277	0.4655	-0.5896	-0.1936	3.4667
1	-0.3004	0.1071	0.0391	-0.4899	-0.1002	1.4746	-1.8185	-2.4209	-0.3998
2	0.1302	0.2823	-0.0614	-0.2544	-1.4158	-0.4482	0.6985	-1.0485	-3.2627
0	-0.0431	-0.2649	0.1405	-0.2525	1.3403	0.2781	-0.5140	-0.7189	2.4375
1	-0.2455	0.0557	0.0969	-0.3965	-0.0165	1.3449	-1.8626	-1.9952	-0.5781
2	0.1034	0.2133	-0.0552	-0.2688	-1.3998	-0.3740	0.6106	-1.0418	-2.6497
0	-0.0247	-0.1988	0.1537	-0.4161	1.4942	0.4365	-0.1311	0.5320	2.0228
1	-0.1850	0.0086	0.1530	-0.5806	-0.1086	1.5455	-1.6209	-1.2532	-0.0915
2	0.0837	0.1555	-0.0468	-0.3524	-1.4269	-0.3956	0.6564	-0.4561	-2.3544
0	-0.0044	-0.1378	0.1641	-0.1659	1.4792	0.3875	0.0803	-0.8185	0.5589
1	-0.1203	-0.0348	0.1992	-0.3007	-0.1427	1.3108	-0.8733	-0.7683	0.2643
2	0.0571	0.0932	-0.0354	-0.2829	-1.4970	-0.5160	-0.0201	-0.0924	-1.5000
0	0.0067	-0.0815	0.1681	-0.0929	0.9856	0.1276	0.1246	-0.3281	0.7999
1	-0.0739	-0.0516	0.2181	-0.1911	-0.0123	0.9335	-0.9689	-0.5541	-0.0088
2	0.0376	0.0345	-0.0304	-0.0896	-1.0905	-0.2318	-0.3018	-0.3018	-0.5588
0	0.0117	-0.0407	0.1738	-0.1219	0.9415	0.0811	0.2245	-0.1117	0.3172
1	-0.0297	-0.0619	0.2339	-0.1639	0.0557	0.9579	-0.4391	-0.2116	0.0886
2	0.0284	-0.0075	-0.0250	-0.1210	-0.9447	-0.1552	-0.0212	-0.0290	-0.6316
0	0.0147	0.0029	0.1812	-0.1579	1.1413	0.0951	0.2898	0.4757	0.0920
1	0.0164	-0.0696	0.2494	-0.2302	0.0706	1.0873	-0.0394	0.2631	0.2864
2	0.0218	-0.0480	-0.0177	-0.1619	-1.0356	-0.1175	-0.1337	0.0205	-0.2815
0	0.0163	0.0529	0.1890	-0.0891	1.0124	-0.0248	0.3564	-0.0913	-1.0437
1	0.0613	-0.0715	0.2576	-0.0425	0.0828	1.0994	0.3092	0.5111	0.3404
2	0.0146	-0.0993	-0.0075	-0.1283	-0.9930	-0.0670	-0.3280	0.1569	0.4152
0	0.0169	0.1106	0.1938	-0.0995	1.7530	0.1301	0.4774	1.3060	-0.8086
1	0.1348	-0.0765	0.2698	-0.2457	0.0034	1.8066	1.3357	1.2598	0.6304
2	0.0119	-0.1461	-0.0019	-0.0926	-1.4533	-0.1144	-0.5047	0.0598	1.0269
0	0.0193	0.1946	0.1983	-0.0378	1.5818	-0.0632	0.4440	-0.6673	-2.2550
1	0.2050	-0.0772	0.2755	-0.0185	0.0997	1.4900	1.2075	1.3682	0.3231
2	0.0024	-0.2289	0.0059	-0.0829	-1.7400	-0.1167	-0.5375	0.1530	1.5633
0	0.0158	0.2589	0.2005	-0.0270	1.4426	-0.0041	0.1708	0.5949	-2.9122
1	0.2712	-0.0741	0.2774	-0.1530	0.0698	1.4149	1.7781	2.0251	0.3694
2	0.0010	-0.2970	0.0099	-0.0557	-1.4335	-0.0161	-0.4825	0.2942	2.4812
0	0.0173	0.3210	0.2034	-0.0082	1.3057	0.0460	0.2469	-0.8289	-3.7778
1	0.3310	-0.0750	0.2850	-0.0580	-0.0010	1.1784	2.5027	2.0182	0.4167
2	-0.0016	-0.3612	0.0150	-0.0896	-1.4755	-0.1003	-0.5637	0.4943	3.0246
0	0.0188	0.3706	0.2040	0.0657	1.1375	0.1184	0.0421	0.2632	-3.7481
1	0.3845	-0.0801	0.2888	-0.1975	-0.1894	1.3063	3.0388	2.2187	0.4765
2	-0.0053	-0.4202	0.0181	0.0537	-1.0980	-0.0990	-0.5662	0.0855	3.8564
0	0.0293	0.4217	0.2069	0.0178	0.9906	0.2431	0.3435	-1.8736	-4.1422
1	0.4327	-0.0933	0.2990	-0.1383	-0.1380	0.8172	3.1651	1.8289	0.1227
2	-0.0148	-0.4673	0.0191	0.0251	-1.1972	-0.3701	-0.4988	0.1701	3.7431
0	0.0314	0.4599	0.2126	-0.1057	0.7308	-0.0161	0.4857	-1.2082	-4.4661
1	0.4687	-0.0933	0.3033	-0.0763	0.0601	0.7786	3.9274	2.1468	0.3772
2	-0.0251	-0.5112	0.0239	-0.0795	-0.7348	-0.0737	-0.4458	-0.7443	4.1072
0	0.0295	0.4903	0.2164	-0.0269	0.6611	0.0331	0.4022	-1.1215	-4.8024
1	0.4994	-0.0928	0.3062	-0.0706	0.0153	0.7799	4.2794	2.2401	0.5602
2	-0.0246	-0.5432	0.0281	-0.0520	-0.6992	-0.0481	-0.7860	-0.6112	4.6327
0	0.0278	0.5225	0.2189	-0.0855	0.8251	-0.0215	0.3486	-1.0593	-4.7755
1	0.5348	-0.0898	0.3097	-0.0731	0.1223	0.7235	4.3443	2.3670	0.3189
2	-0.0255	-0.5758	0.0308	-0.0669	-0.8310	-0.0348	-0.7081	-0.8701	4.7245
0	0.0221	0.5506	0.2213	-0.0560	0.3961	-0.1479	0.3538	-1.7194	-5.8716
1	0.5560	-0.0826	0.3087	0.0563	0.1957	0.2621	4.4261	2.7208	0.3869
2	-0.0226	-0.6072	0.0347	-0.0821	-0.5564	0.0685	-0.6468	-0.6185	5.0190
0	0.0129	0.5596	0.2217	-0.1179	0.1034	-0.1253	0.1836	-0.8460	-5.9625
1	0.5629	-0.0737	0.3082	-0.0405	0.1580	0.1637	4.9964	3.0997	0.4640
2	-0.0155	-0.6205	0.0348	-0.0930	-0.1695	0.1770	-0.7594	-0.4762	5.6415
0	0.0049	0.5708	0.2240	-0.0906	0.5170	-0.2166	0.5286	-1.1304	-5.8735
1	0.5836	-0.0632	0.3088	0.0965	0.3036	0.4238	5.5237	3.1408	0.3916
2	-0.0077	-0.6269	0.0361	-0.0646	-0.3270	0.1143	-0.7184	-0.5040	5.9421
0	-0.0099	0.5819	0.2189	-0.0292	-0.0692	-0.4433	0.1549	-1.6881	-6.3714
1	0.5851	-0.0449	0.2976	0.2754	0.2980	-0.0439	5.2901	2.9577	0.3219
2	0.0056	-0.6453	0.0335	-0.0249	-0.0312	0.4389	-0.8846	-0.8999	6.2809
0	-0.0186	0.5840	0.2099	0.1428	0.2122	-0.0567	-0.4696	-1.0803	-5.4917
1	0.5915	-0.0415	0.2894	0.1249	-0.1185	0.2493	5.5416	2.3568	0.1323
2	0.0202	-0.6452	0.0242	0.1227	-0.0978	0.1595	-0.4708	-0.6655	6.0983
0	-0.0169	0.5945	0.2047	0.0663	0.2073	-0.0214	-0.0293	-1.5146	-5.4317
1	0.6006	-0.0425	0.2855	0.0643	-0.0264	0.1482	5.2291	2.3229	-0.0641
2	0.0199	-0.6548	0.0167	0.1256	-0.2239	0.0149	-0.1730	-1.1893	5.5649
0	-0.0189	0.5946	0.2034	-0.0524	-0.2948	-0.1272	0.0068	-2.2463	-5.9016
1	0.5923	-0.0379	0.2825	0.0931	0.1491	-0.4313	4.8527	2.5867	-0.1686
2	0.0203	-0.6608	0.0131	0.0034	0.0603	0.0766	-0.2244	-0.9768	5.4959
0	-0.0268	0.5734	0.2009	0.0210	-0.7385	-0.2323	-0.5224	-1.8774	-5.9384
1	0.5634	-0.0293	0.2737	0.2651	0.1677	-0.9225	4.7691	2.5974	-0.3220
2	0.0281	-0.6456	0.0103	0.0158	0.5755	0.2384	-0.1120	-0.7807	5.8090
0	-0.0402	0.5306	0.1958	-0.1579	-1.0688	-0.3198	-0.0891	-0.8893	-4.9529
1	0.5192	-0.0128	0.2615	0.1763	0.2678	-0.9007	4.6555	2.6975	-0.1154
2	0.0417	-0.6081	0.0018	-0.0291	1.0416	0.4386	-0.1035	-0.8158	5.5969
0	-0.0525	0.4899	0.1955	-0.0091	-0.5011	-0.1186	-0.9288	0.0834	-4.5522
1	0.4892	-0.0035	0.2541	0.1046	0.0384	-0.3729	4.5392	2.6420	-0.4604
2	0.0580	-0.5648	-0.0023	-0.0129	0.8137	0.2691	0.0199	-0.4716	5.1850
0	-0.0605	0.4659	0.1928	-0.0488	-0.6893	-0.3124	-0.1645	-2.0462	-4.9188
1	0.4646	0.0073	0.2443	0.2952	0.3725	-0.8316	3.9858	2.4248	-0.6309
2	0.0667	-0.5401	-0.0056	0.0250	0.4797	0.2119	0.4000	-0.4205	4.7933
0	-0.0829	0.4248	0.1893	-0.1868	-0.9778	-0.4941	-0.4900	-0.3371	-4.2504
1	0.4215	0.0357	0.2262	0.1276	0.3251	-0.7816	4.0005	2.4537	-0.2335
2	0.0846	-0.5079	-0.0107	-0.0504	0.9708	0.6174	0.0879	-0.7672	4.7843
0	-0.0932	0.3911	0.1925	-0.0746	-0.4381	0.1109	-1.0587	1.1114	-4.3137
1	0.3986	0.0400	0.2252	-0.1194	-0.1246	-0.2529	4.0486	2.7467	-0.1651
2	0.1068	-0.4671	-0.0131	-0.0587	0.6516	0.2095	0.2176	0.1329	4.3558
0	-0.0869	0.3791	0.1959	0.0543	-0.2235	0.0942	-0.6689	-1.0235	-4.3672
1	0.3863	0.0354	0.2260	0.0719	-0.0119	-0.3867	3.6501	2.4361	-0.5963
2	0.1043	-0.4496	-0.0111	0.0511	0.1902	-0.1276	0.3988	0.1510	4.4855
0	-0.0891	0.3598	0.1937	0.0417	-0.5986	-0.1721	-0.7209	-0.7776	-3.8899
1	0.3627	0.0432	0.2157	0.1608	0.0711	-0.5255	3.1637	2.1228	-0.6630
2	0.1037	-0.4354	-0.0136	0.0918	0.5173	0.1648	0.3092	-0.3964	4.2450
0	-0.0939	0.3376	0.1919	0.0114	-0.3613	-0.0652	-0.6874	-0.0973	-3.3453
1	0.3454	0.0484	0.2086	0.0515	0.0075	-0.2659	3.3009	2.0410	-0.5230
2	0.1107	-0.4119	-0.0186	0.0977	0.4797	0.1367	0.4538	-0.2466	3.8163
0	-0.0954	0.3251	0.1914	0.0701	-0.1662	-0.0724	-0.9068	-0.6656	-3.4930
1	0.3370	0.0511	0.2041	0.1173	0.0220	-0.1382	3.2045	1.8854	-0.6551
2	0.1139	-0.3957	-0.0216	0.0734	0.2243	0.0542	0.4633	-0.2340	3.4946
0	-0.0983	0.3191	0.1891	0.0018	-0.1284	-0.0597	-0.8513	-0.3021	-2.9510
1	0.3308	0.0552	0.2002	0.0462	0.0735	-0.2264	2.6224	1.9174	-0.8469
2	0.1171	-0.3888	-0.0254	0.0751	0.1003	0.0904	0.5950	-0.3469	3.4116
0	-0.1029	0.3047	0.1901	-0.0450	-0.4267	-0.0888	-0.9570	0.0369	-3.4605
1	0.3135	0.0620	0.1954	0.0219	0.0302	-0.4035	2.4167	2.2723	-0.7093
2	0.1215	-0.3798	-0.0262	-0.0003	0.3733	0.1393	0.7174	0.2946	3.1656
0	-0.1024	0.2884	0.1917	0.0401	-0.2281	0.0996	-0.9431	0.1176	-3.0145
1	0.2996	0.0605	0.1951	-0.0214	-0.0718	-0.1648	2.6685	2.0003	-0.6148
2	0.1258	-0.3609	-0.0264	0.0407	0.3249	-0.0186	0.6217	0.5049	3.3085
0	-0.0994	0.2798	0.1926	-0.0154	-0.2007	0.0392	-0.8324	-0.3771	-2.8510
1	0.2914	0.0596	0.1955	-0.0049	0.0086	-0.2414	2.3492	1.8515	-0.8352
2	0.1234	-0.3513	-0.0271	0.0500	0.1430	-0.0353	0.6180	0.0730	3.0205
0	-0.0990	0.2685	0.1942	-0.0023	-0.2358	0.0448	-0.8878	0.2480	-2.8520
1	0.2787	0.0601	0.1946	-0.0703	-0.0314	-0.2569	2.2279	2.0553	-0.7311
2	0.1237	-0.3411	-0.0268	0.0320	0.2429	0.0278	0.6772	0.1162	2.9192
0	-0.0952	0.2534	0.2000	-0.1268	-0.4359	0.1901	-0.8908	0.2886	-3.2536
1	0.2605	0.0558	0.2005	-0.1873	-0.0730	-0.4798	2.0528	2.3367	-0.6782
2	0.1228	-0.3287	-0.0257	-0.0637	0.3255	-0.0860	0.7079	0.6238	2.8749
0	-0.0885	0.2315	0.2065	-0.0339	-0.4414	0.1416	-0.7351	-0.1298	-2.8473
1	0.2379	0.0513	0.2049	-0.0383	-0.0459	-0.4766	2.3044	1.8834	-0.6385
2	0.1180	-0.3077	-0.0205	-0.0440	0.4873	-0.1205	0.5994	0.5994	3.1397
0	-0.0857	0.2099	0.2078	0.0122	-0.4264	0.0301	-0.5470	0.1658	-2.1276
1	0.2157	0.0523	0.2016	-0.0122	-0.0209	-0.4128	1.7840	1.5768	-0.5050
2	0.1154	-0.2851	-0.0195	0.0627	0.4431	0.0235	0.4194	-0.0144	2.8509
0	-0.0843	0.1884	0.2105	-0.0415	-0.5504	0.0039	-0.4602	-0.6091	-2.1611
1	0.1921	0.0551	0.1990	0.0514	0.0803	-0.6535	1.4384	1.3437	-0.5570
2	0.1156	-0.2656	-0.0197	0.0085	0.4421	0.0016	0.4173	0.2313	2.1433
0	-0.0863	0.1622	0.2121	0.0332	-0.4893	-0.0052	-0.8451	0.5290	-1.7300
1	0.1681	0.0596	0.1934	0.0288	-0.0595	-0.3714	1.5194	1.2001	-0.4820
2	0.1186	-0.2397	-0.0188	0.0400	0.6087	0.1080	0.4385	0.1144	2.0217
0	-0.0840	0.1457	0.2111	0.0367	-0.2170	0.0711	-0.8478	0.2014	-1.1560
1	0.1543	0.0575	0.1928	-0.0382	-0.0466	-0.2718	1.1649	1.0135	-0.7528
2	0.1197	-0.2184	-0.0211	0.0938	0.2745	-0.0315	0.5717	0.1397	1.5595
0	-0.0823	0.1334	0.2133	-0.0733	-0.3636	0.0392	-0.8412	-0.0477	-1.5444
1	0.1353	0.0582	0.1941	-0.0706	0.0800	-0.6118	0.8293	1.1733	-0.8784
2	0.1182	-0.2063	-0.0214	-0.0157	0.2980	-0.0039	0.8404	0.1918	1.2922
0	-0.0819	0.1072	0.2185	-0.0471	-0.6141	0.0333	-0.6673	0.2395	-1.8915
1	0.1074	0.0618	0.1923	-0.0241	-0.0247	-0.5755	1.4527	1.3005	-0.2359
2	0.1195	-0.1840	-0.0175	-0.0252	0.6481	0.0450	0.6765	0.4704	1.6129
0	-0.0759	0.0916	0.2154	0.2047	-0.1595	0.1967	-0.6092	0.2340	-1.3343
1	0.0950	0.0536	0.1922	0.0311	-0.2309	-0.0850	1.3232	0.9072	-0.2610
2	0.1181	-0.1622	-0.0193	0.1916	0.2438	-0.1466	0.1455	0.1900	1.8318
0	-0.0694	0.0866	0.2086	0.1250	-0.2358	0.0542	-0.5844	-0.1909	-1.1620
1	0.0848	0.0507	0.1872	0.0520	-0.0732	-0.4046	0.4040	0.8561	-0.7436
2	0.1116	-0.1572	-0.0271	0.1947	0.0931	-0.0701	0.4388	-0.0810	1.2922
0	-0.0668	0.0694	0.2074	0.0403	-0.3182	0.0632	-0.5461	0.4871	-0.9756
1	0.0669	0.0508	0.1848	-0.0120	-0.0767	-0.3159	0.7536	0.8875	-0.4386
2	0.1104	-0.1428	-0.0314	0.0644	0.4209	-0.0063	0.6880	0.5378	0.9558
0	-0.0643	0.0589	0.2039	0.1276	-0.2038	0.0554	-0.6244	0.1666	-0.8190
1	0.0557	0.0488	0.1827	-0.0024	-0.1395	-0.1440	0.5619	0.5375	-0.4761
2	0.1099	-0.1301	-0.0339	0.1445	0.2239	-0.0056	0.3463	0.1200	1.1246
0	-0.0590	0.0510	0.2025	-0.0111	-0.2263	0.1304	-0.4190	-0.4669	-0.5778
1	0.0464	0.0434	0.1850	-0.0380	-0.0017	-0.3537	0.2632	0.3590	-0.6748
2	0.1072	-0.1223	-0.0377	0.0747	0.1389	-0.1241	0.6069	0.1442	0.7563
0	-0.0569	0.0334	0.2062	-0.0664	-0.4187	0.0317	-0.5172	-0.0870	-0.6142
1	0.0264	0.0447	0.1858	-0.0534	-0.0161	-0.2691	0.5618	0.2406	-0.4089
2	0.1049	-0.1070	-0.0361	-0.0303	0.4389	0.0333	0.6045	0.0230	0.5877
0	-0.0546	0.0202	0.2085	0.0181	-0.1307	0.0114	-0.4044	-0.2297	-0.5718
1	0.0184	0.0446	0.1854	0.0887	0.0089	-0.1509	0.3711	0.2798	-0.3640
2	0.1044	-0.0893	-0.0333	0.0381	0.1608	-0.0252	0.3607	-0.2269	0.6358
0	-0.0565	0.0119	0.2076	0.1015	-0.1976	-0.0664	-0.4446	0.1847	-0.4180
1	0.0108	0.0508	0.1767	0.1637	-0.0061	-0.1749	0.0810	0.3271	-0.3433
2	0.1055	-0.0817	-0.0338	0.1073	0.2039	0.0838	0.2608	-0.0139	0.5885
0	-0.0629	0.0015	0.2037	0.1138	-0.3460	-0.2518	-0.3738	-0.3975	-0.5434
1	-0.0002	0.0639	0.1627	0.2989	0.1168	-0.4692	-0.2691	0.3660	-0.5557
2	0.1106	-0.0724	-0.0375	0.1536	0.1943	0.1752	0.3439	0.0934	0.3675
0	-0.0747	-0.0212	0.2010	0.0489	-0.5487	-0.2287	-0.7443	0.5366	-0.2118
1	-0.0219	0.0843	0.1434	0.2180	0.1221	-0.5357	-0.2545	0.5635	-0.6365
2	0.1225	-0.0557	-0.0410	0.1430	0.5306	0.2943	0.4904	0.4532	0.3427
0	-0.0827	-0.0423	0.1990	0.0749	-0.3494	-0.0731	-0.8985	0.8058	0.3338
1	-0.0393	0.0971	0.1300	0.0631	-0.0395	-0.2408	0.0378	0.0720	-0.5831
2	0.1342	-0.0323	-0.0427	0.1401	0.4664	0.2099	0.7252	0.4108	0.2307
0	-0.0822	-0.0527	0.1973	0.0808	-0.1777	0.0645	-0.7541	0.0776	0.1994
1	-0.0478	0.0963	0.1271	0.0249	-0.0973	-0.1425	-0.1230	-0.1934	-0.6552
2	0.1376	-0.0185	-0.0450	0.1053	0.2113	-0.0219	0.8192	0.2134	-0.1796
0	-0.0792	-0.0604	0.1960	0.0001	-0.1857	0.0562	-0.6381	-0.1353	0.3906
1	-0.0573	0.0948	0.1265	0.0126	-0.0079	-0.3446	-0.4844	-0.2219	-0.7808
2	0.1359	-0.0109	-0.0476	0.0716	0.1246	-0.0428	0.7880	-0.1581	-0.3928
0	-0.0772	-0.0769	0.1978	-0.0100	-0.3356	0.0965	-0.7894	0.5120	0.4590
1	-0.0736	0.0947	0.1257	-0.0696	-0.0728	-0.2900	-0.4749	-0.1070	-0.5811
2	0.1353	0.0022	-0.0466	0.0191	0.3811	0.0083	0.7190	0.2446	-0.2898
0	-0.0727	-0.0895	0.1991	-0.0249	-0.2453	0.0862	-0.6131	-0.1700	0.6321
1	-0.0869	0.0911	0.1285	-0.0481	0.0038	-0.3185	-0.4395	-0.3886	-0.6798
2	0.1325	0.0170	-0.0457	0.0268	0.2527	-0.0650	0.6796	0.0064	-0.4155
0	-0.0704	-0.1073	0.2028	-0.0463	-0.4171	0.0303	-0.6447	0.2048	0.5804
1	-0.1050	0.0929	0.1280	-0.0439	-0.0119	-0.3387	-0.6373	-0.2857	-0.6023
2	0.1306	0.0326	-0.0431	-0.0202	0.4093	0.0262	0.7150	-0.0256	-0.5450
0	-0.0669	-0.1184	0.2044	-0.0030	-0.1281	0.1188	-0.5879	-0.0350	0.8580
1	-0.1136	0.0871	0.1321	-0.0663	-0.0868	-0.1254	-0.3568	-0.6209	-0.4942
2	0.1294	0.0494	-0.0410	0.0367	0.1912	-0.0755	0.6355	-0.0552	-0.5890
0	-0.0608	-0.1248	0.2041	0.0531	-0.1511	0.1334	-0.5156	-0.1117	0.7755
1	-0.1219	0.0804	0.1358	-0.0380	-0.1101	-0.1710	-0.6932	-0.6319	-0.4586
2	0.1247	0.0561	-0.0411	0.0417	0.1368	-0.0966	0.5617	-0.2089	-0.6911
0	-0.0562	-0.1328	0.2025	0.0420	-0.2497	0.0890	-0.4214	-0.1338	0.8785
1	-0.1330	0.0767	0.1361	-0.0167	-0.0676	-0.3381	-0.9422	-0.6040	-0.4632
2	0.1206	0.0630	-0.0424	0.0702	0.1800	-0.0751	0.5137	-0.1193	-0.7946
0	-0.0525	-0.1487	0.2028	-0.0113	-0.3975	0.1062	-0.4739	0.2980	1.3076
1	-0.1506	0.0741	0.1367	-0.0944	-0.0926	-0.3604	-1.1516	-0.6604	-0.4070
2	0.1181	0.0774	-0.0429	0.0346	0.3920	-0.0321	0.5277	0.1374	-0.9861
0	-0.0462	-0.1650	0.2033	0.0123	-0.3178	0.1281	-0.3546	-0.0064	1.2969
1	-0.1661	0.0680	0.1400	-0.0412	-0.1012	-0.2997	-1.0947	-0.8464	-0.3734
2	0.1141	0.0953	-0.0424	0.0351	0.3375	-0.0971	0.5202	0.0975	-1.2400
0	-0.0413	-0.1785	0.2026	0.0538	-0.3006	0.1018	-0.3598	-0.1292	1.2894
1	-0.1800	0.0641	0.1399	0.0056	-0.1054	-0.3178	-1.1590	-0.9364	-0.3471
2	0.1099	0.1099	-0.0432	0.0643	0.3056	-0.0812	0.4235	-0.0789	-1.2787
0	-0.0370	-0.1933	0.2023	-0.0646	-0.3419	0.1260	-0.3578	0.2100	2.0169
1	-0.1969	0.0586	0.1437	-0.1173	-0.0234	-0.4366	-1.5816	-1.0447	-0.4923
2	0.1073	0.1226	-0.0446	0.0361	0.3258	-0.0674	0.4816	-0.0965	-1.4349
0	-0.0333	-0.2171	0.2079	-0.1034	-0.6825	-0.0195	-0.0044	-0.5644	1.3647
1	-0.2250	0.0627	0.1428	0.0103	0.0691	-0.6653	-1.4795	-1.1642	-0.1740
2	0.1031	0.1416	-0.0413	-0.0767	0.5712	0.0154	0.4920	0.0438	-1.6899
0	-0.0343	-0.2439	0.2106	0.0519	-0.4229	-0.0070	-0.4318	0.1388	2.1942
1	-0.2473	0.0694	0.1367	0.0080	-0.0783	-0.2720	-1.1240	-1.6860	-0.0707
2	0.1050	0.1738	-0.0359	0.0515	0.5503	0.0915	0.0601	-0.5749	-1.5911
0	-0.0301	-0.2537	0.2092	0.0219	-0.0463	0.1999	-0.2970	0.0344	2.5773
1	-0.2530	0.0584	0.1439	-0.0795	-0.1190	-0.1037	-1.6937	-1.8432	-0.2461
2	0.1043	0.1885	-0.0367	0.0499	0.1145	-0.1304	0.4796	-0.5173	-2.3855
0	-0.0237	-0.2603	0.2089	-0.0402	-0.2273	0.1206	-0.2556	-0.1567	2.4707
1	-0.2626	0.0509	0.1504	-0.1637	-0.0464	-0.2816	-2.0122	-1.7162	-0.2829
2	0.0984	0.1927	-0.0381	0.0376	0.1704	-0.0832	0.3922	-0.4318	-2.4470
0	-0.0134	-0.2700	0.2107	-0.0464	-0.1434	0.2094	-0.0894	-0.6563	2.1311
1	-0.2722	0.0329	0.1680	-0.1112	-0.0605	-0.1907	-1.5607	-1.8292	-0.1691
2	0.0929	0.2036	-0.0384	0.0238	0.1369	-0.1891	0.4264	-0.1733	-2.4756
0	-0.0088	-0.2809	0.2118	-0.0237	-0.2556	-0.0009	0.0887	-0.7181	2.3090
1	-0.2825	0.0325	0.1695	0.0012	0.0207	-0.2102	-1.4693	-1.9221	-0.1350
2	0.0871	0.2124	-0.0396	0.0658	0.2335	-0.0074	0.1187	-0.8387	-2.0219
0	-0.0047	-0.2880	0.2130	0.0111	-0.0319	0.2120	-0.1286	0.3037	2.1153
1	-0.2891	0.0216	0.1790	-0.0515	-0.2007	-0.0617	-1.4884	-1.7155	0.2329
2	0.0864	0.2227	-0.0384	0.0168	0.1289	-0.1142	0.1988	-0.6017	-2.1880
0	0.0003	-0.2925	0.2067	0.1776	-0.2036	0.0592	0.2630	-0.5573	2.1112
1	-0.2968	0.0182	0.1743	0.0719	-0.2007	-0.1787	-1.7828	-1.8146	0.2309
2	0.0799	0.2259	-0.0422	0.1689	0.1337	-0.0866	-0.1022	-0.4485	-2.0061
0	0.0041	-0.2991	0.1992	0.1291	-0.1310	0.1790	0.0608	-0.3718	2.9226
1	-0.3043	0.0096	0.1753	0.0134	-0.1571	-0.2043	-2.0978	-2.1308	-0.1113
2	0.0788	0.2332	-0.0488	0.1826	0.1312	-0.1534	0.0992	-0.3093	-2.5092
0	0.0069	-0.3116	0.1943	0.1144	-0.3998	-0.0080	0.2675	-0.6440	2.4734
1	-0.3202	0.0142	0.1669	0.1219	-0.0544	-0.4560	-2.1707	-2.0978	0.0431
2	0.0751	0.2420	-0.0544	0.1241	0.3125	-0.0101	0.2016	-0.5677	-2.7806
0	0.0054	-0.3292	0.1910	0.1233	-0.3877	0.0397	-0.0332	0.1030	3.0113
1	-0.3384	0.0200	0.1572	0.0163	-0.1450	-0.2879	-1.9987	-2.1468	0.1405
2	0.0780	0.2604	-0.0565	0.1597	0.4476	0.0415	-0.0450	-0.5035	-2.5818
0	0.0094	-0.3448	0.1868	0.0365	-0.3631	0.0757	0.2799	-0.8708	3.1013
1	-0.3526	0.0161	0.1570	0.0356	-0.0611	-0.4129	-2.3312	-2.4273	-0.0674
2	0.0775	0.2764	-0.0603	0.1033	0.3157	-0.0980	0.2516	-0.4322	-3.1026
0	0.0094	-0.3654	0.1853	0.0906	-0.4389	0.0395	0.0580	-0.0182	3.1760
1	-0.3735	0.0224	0.1474	0.0186	-0.1342	-0.3244	-2.1627	-2.4105	0.1536
2	0.0772	0.2943	-0.0614	0.1213	0.4843	0.0541	0.0200	-0.7616	-2.9031
0	0.0128	-0.3817	0.1818	0.0753	-0.4113	0.1150	0.1778	-0.8081	3.0880
1	-0.3884	0.0191	0.1464	0.0396	-0.1225	-0.4520	-2.3521	-2.5987	0.1165
2	0.0773	0.3125	-0.0641	0.0994	0.3534	-0.0923	0.1364	-0.6246	-3.1280
0	0.0148	-0.4032	0.1777	0.1222	-0.4984	0.0791	0.2518	-0.6199	3.2889
1	-0.4114	0.0233	0.1365	0.0834	-0.1565	-0.4537	-2.2681	-2.7683	0.2338
2	0.0760	0.3319	-0.0673	0.1478	0.4955	-0.0285	-0.0035	-0.8035	-3.1970
0	0.0163	-0.4237	0.1719	0.1139	-0.4289	0.0930	0.1589	-0.7831	4.1239
1	-0.4303	0.0266	0.1274	0.0371	-0.1272	-0.4212	-2.4643	-3.2192	0.0155
2	0.0766	0.3550	-0.0724	0.1833	0.4465	-0.0514	0.0183	-0.9874	-3.3771
0	0.0187	-0.4445	0.1667	0.1615	-0.4120	0.1106	0.2200	-0.6744	3.7158
1	-0.4489	0.0297	0.1182	0.0706	-0.2043	-0.3642	-2.5033	-3.2540	0.2230
2	0.0764	0.3743	-0.0762	0.1450	0.4348	-0.0488	0.1787	-1.1734	-3.8725
0	0.0206	-0.4581	0.1586	0.2027	-0.2843	0.1417	0.1633	-1.0240	4.1549
1	-0.4628	0.0305	0.1085	0.0652	-0.2016	-0.3807	-2.5132	-3.4683	0.1159
2	0.0763	0.3910	-0.0824	0.2219	0.3208	-0.1148	0.0055	-1.1844	-3.8078
0	0.0233	-0.4742	0.1514	0.0812	-0.4083	0.1616	0.1662	-0.6420	4.3794
1	-0.4810	0.0268	0.1059	-0.0434	-0.1904	-0.3852	-2.8339	-3.5053	0.0412
2	0.0758	0.4056	-0.0898	0.1490	0.3991	-0.0893	0.2141	-1.2462	-4.0959
0	0.0292	-0.4921	0.1452	0.1005	-0.3370	0.1508	0.3708	-1.4099	4.3508
1	-0.4981	0.0171	0.1090	0.0018	-0.1515	-0.3322	-2.4785	-3.9033	0.1478
2	0.0724	0.4232	-0.0944	0.1206	0.3742	-0.1470	0.2132	-1.1762	-4.1924
0	0.0324	-0.5071	0.1404	0.0862	-0.2885	0.0987	0.2686	-1.2707	4.4832
1	-0.5118	0.0138	0.1080	-0.0195	-0.1498	-0.1172	-2.3338	-4.0749	0.1787
2	0.0699	0.4392	-0.0986	0.1156	0.3446	-0.0666	0.0648	-1.8070	-4.2132
0	0.0372	-0.5104	0.1348	0.1001	0.0843	0.1911	0.3929	-1.6119	4.3925
1	-0.5107	-0.0041	0.1199	0.0023	-0.1402	0.0121	-2.2244	-4.1888	0.2743
2	0.0678	0.4496	-0.1017	0.1009	-0.0053	-0.1681	0.0794	-1.9489	-4.3599
0	0.0397	-0.5132	0.1315	0.0650	-0.1961	0.0257	0.4887	-1.6425	4.1351
1	-0.5180	-0.0034	0.1171	0.0590	-0.0510	-0.3158	-2.7346	-3.9357	0.2955
2	0.0636	0.4488	-0.1061	0.0917	0.1035	-0.0389	-0.0530	-2.0076	-4.2549
0	0.0393	-0.5280	0.1304	0.0279	-0.4588	0.0255	0.3909	-1.0913	4.5894
1	-0.5374	0.0023	0.1112	0.0118	-0.0677	-0.4725	-3.0297	-3.9075	0.2997
2	0.0644	0.4610	-0.1060	0.0794	0.4002	0.0384	-0.0469	-1.4498	-4.2633
0	0.0413	-0.5471	0.1278	0.0996	-0.3130	0.1087	0.4250	-1.0454	4.8763
1	-0.5522	0.0008	0.1093	0.0210	-0.1543	-0.2533	-2.8728	-4.1908	0.4466
2	0.0644	0.4794	-0.1056	0.1011	0.4135	-0.0420	-0.0490	-1.3273	-4.5075
0	0.0439	-0.5620	0.1235	0.0334	-0.4029	0.0762	0.4511	-1.5186	5.1817
1	-0.5717	-0.0037	0.1110	-0.0186	-0.0548	-0.5762	-3.3529	-4.4148	0.2018
2	0.0633	0.4936	-0.1093	0.1095	0.3342	-0.0606	-0.0781	-1.7308	-4.8709
0	0.0468	-0.5867	0.1211	0.0612	-0.4198	0.1182	0.3392	-1.0683	5.3064
1	-0.5931	-0.0082	0.1134	-0.0319	-0.1292	-0.2729	-2.8996	-4.6183	0.3647
2	0.0622	0.5142	-0.1093	0.0647	0.5553	-0.0231	0.0498	-1.5245	-5.0076
0	0.0503	-0.5987	0.1177	0.0413	-0.3211	0.1160	0.6259	-1.7728	5.0681
1	-0.6059	-0.0199	0.1220	-0.0139	-0.1009	-0.3756	-3.0161	-4.6703	0.3795
2	0.0598	0.5324	-0.1113	0.0837	0.2512	-0.0952	-0.0277	-2.0684	-5.0827
0	0.0546	-0.6171	0.1152	0.0269	-0.4389	0.1190	0.5831	-1.7156	5.2274
1	-0.6246	-0.0324	0.1321	-0.0070	-0.0992	-0.4622	-3.1739	-4.8383	0.4888
2	0.0573	0.5488	-0.1127	0.0564	0.4182	-0.0755	-0.0952	-1.8778	-5.1062
0	0.0575	-0.6376	0.1119	0.0754	-0.4712	0.1227	0.6379	-1.6877	5.5800
1	-0.6458	-0.0393	0.1357	-0.0117	-0.1364	-0.4816	-3.1851	-5.1642	0.5952
2	0.0553	0.5676	-0.1138	0.0989	0.4890	-0.0500	-0.2514	-2.0838	-5.1560
0	0.0620	-0.6607	0.1070	0.0696	-0.3947	0.1669	0.5756	-1.9490	5.8900
1	-0.6657	-0.0651	0.1564	-0.0395	-0.2022	-0.3079	-3.0548	-5.5772	0.5538
2	0.0534	0.5914	-0.1166	0.0860	0.4698	-0.0941	-0.1963	-2.3664	-5.6050
0	0.0663	-0.6768	0.0998	0.1078	-0.3974	0.1430	0.7640	-2.6594	5.8770
1	-0.6835	-0.0905	0.1763	0.0274	-0.1478	-0.4548	-3.1651	-5.7917	0.5107
2	0.0501	0.6098	-0.1216	0.1263	0.3666	-0.1340	-0.1951	-2.7408	-5.7363
0	0.0681	-0.6991	0.0940	0.0831	-0.4653	0.1228	0.6589	-2.2334	6.2140
1	-0.7066	-0.1081	0.1896	-0.0535	-0.1243	-0.5579	-3.2449	-5.9074	0.5083
2	0.0494	0.6290	-0.1254	0.1459	0.4650	-0.0537	-0.2387	-2.8508	-5.7147
0	0.0726	-0.7248	0.0902	0.0266	-0.6687	0.1296	0.6903	-2.7247	5.9063
1	-0.7343	-0.1897	0.2692	0.0098	-0.1236	-0.6079	-3.1287	-6.2143	0.6585
2	0.0480	0.6541	-0.1281	0.0436	0.6268	-0.0627	-0.0964	-2.8358	-6.1188
0	0.0744	-0.7513	0.0857	0.1489	-0.4056	0.0467	0.8422	-3.3272	6.3939
1	-0.7550	-0.2069	0.2837	0.1345	-0.0986	-0.3573	-2.5959	-6.7899	0.6958
2	0.0475	0.6820	-0.1296	0.1557	0.4975	-0.0307	-0.4371	-3.4451	-5.8509
0	0.0714	-0.7704	0.0833	0.0474	-0.3790	-0.0083	0.6760	-2.6519	6.5752
1	-0.7731	-0.1312	0.2088	0.0609	-0.0610	-0.3280	-3.1368	-6.5850	0.4548
2	0.0514	0.7001	-0.1312	0.1355	0.3590	0.0633	-0.2502	-3.9740	-6.3371
0	0.0702	-0.7867	0.0804	0.1360	-0.3607	0.0240	0.7549	-2.9637	6.0799
1	-0.7838	2.1765	-2.1002	0.1124	-0.1013	-0.4154	-3.1694	-6.2972	0.5818
2	0.0539	0.7180	-0.1303	0.1432	0.2959	-0.0115	-0.1176	-3.2861	-6.2025
0	0.0674	-0.8089	0.0764	0.1484	-0.6379	0.0237	0.7053	-2.9656	6.4206
1	-0.7571	2.8404	-2.7663	0.1444	-0.1442	-0.6253	-3.3856	-6.4540	0.5700
2	0.0580	0.7374	-0.1319	0.1915	0.5768	0.0348	-0.2376	-3.0323	-6.0460
0	0.0631	-0.8351	0.0690	0.2819	-0.5007	0.0931	0.5522	-3.0407	6.7879
1	-0.7331	2.8253	-2.7580	0.1715	-0.2047	-0.4762	-3.1383	-6.9575	0.4368
2	0.0635	0.7632	-0.1343	0.2820	0.5598	-0.0428	-0.1997	-3.2762	-6.2185
0	0.0569	-0.8590	0.0610	0.2051	-0.5375	0.0167	0.5966	-3.4309	7.3615
1	-0.7078	2.8287	-2.7647	0.1389	-0.1183	-0.6712	-3.5195	-7.4268	0.2573
2	0.0712	0.7864	-0.1404	0.2530	0.5033	0.0168	0.0403	-3.8742	-6.8132
0	0.0508	-0.8879	0.0569	0.1718	-0.5965	0.0063	0.4186	-3.2332	7.5966
1	-0.6776	2.8377	-2.7762	0.1023	-0.1409	-0.5166	-3.4244	-7.6511	0.2988
2	0.0779	0.8119	-0.1415	0.2302	0.6406	0.0698	0.0855	-3.9824	-7.0368
0	0.0484	-0.9126	0.0518	0.1194	-0.5753	0.0736	0.5068	-4.0522	7.5870
1	-0.6533	2.8613	-2.8021	0.0890	-0.0805	-0.6064	-3.4049	-7.9519	0.1994
2	0.0835	0.8396	-0.1432	0.1718	0.5453	-0.0401	0.2291	-4.0914	-7.2621
0	0.0465	-0.9397	0.0504	0.0594	-0.5533	-0.0275	0.4524	-4.0936	7.9347
1	-0.6283	2.8754	-2.8144	0.0358	-0.0361	-0.4223	-3.0775	-8.4598	0.1834
2	0.0864	0.8636	-0.1435	0.1308	0.5974	0.0717	0.2307	-4.5825	-7.2995
0	0.0467	-0.9581	0.0487	0.0497	-0.2148	0.0981	0.3702	-4.0051	8.2210
1	-0.6160	2.8958	-2.8351	-0.0403	-0.1141	-0.0498	-2.8608	-8.7331	0.2352
2	0.0886	0.8887	-0.1410	0.0785	0.3726	-0.0243	0.2720	-4.9774	-7.6026
0	0.0484	-0.9621	0.0444	0.0848	-0.0233	0.1000	0.5651	-4.6093	7.7870
1	-0.6136	2.9053	-2.8462	-0.0046	-0.0946	-0.1636	-2.9510	-8.6898	0.2331
2	0.0868	0.8958	-0.1427	0.0821	0.0377	-0.0920	0.2210	-5.2711	-7.5851
0	0.0486	-0.9707	0.0450	-0.0264	-0.3152	-0.1130	0.4779	-4.3889	7.4970
1	-0.6025	2.9179	-2.8547	0.0360	0.0436	-0.2533	-3.2156	-8.4774	0.1800
2	0.0853	0.9007	-0.1427	-0.0133	0.2431	0.0821	0.2630	-5.1662	-7.4893
0	0.0491	-0.9754	0.0462	0.0548	0.1375	0.0851	0.4862	-3.9593	7.7030
1	-0.6053	2.9232	-2.8586	-0.0477	-0.1819	0.4186	-2.5519	-8.6180	0.5616
2	0.0846	0.9122	-0.1367	0.0409	0.0292	0.0082	0.1122	-5.0036	-7.3288
0	0.0517	-0.9521	0.0370	0.0805	0.6416	0.1969	0.5862	-4.6974	7.7348
1	-0.6325	2.9214	-2.8621	-0.0594	-0.1486	0.6309	-2.6538	-8.6146	0.2625
2	0.0824	0.9002	-0.1414	0.1020	-0.6200	-0.2664	0.0640	-5.3356	-7.3859
0	0.0545	-0.9264	0.0327	-0.0021	0.6574	0.1012	0.5979	-3.9083	7.7796
1	-0.6631	2.9189	-2.8604	-0.1415	-0.0927	0.8038	-2.8396	-8.2617	0.2593
2	0.0783	0.8738	-0.1482	0.0454	-0.5587	-0.1200	0.1539	-5.1978	-7.2856
0	0.0653	-0.8752	0.0255	-0.0868	1.5643	0.4406	0.3692	-2.6382	7.7640
1	-0.7299	3.0368	-2.9853	-0.4488	-0.3610	1.9936	-2.2854	-7.8229	0.5577
2	0.0704	0.8374	-0.1528	-0.0883	-1.1701	-0.3689	0.2190	-4.8887	-7.3626
0	0.0808	-0.7921	0.0073	0.2134	1.6074	0.4444	0.9906	-5.3073	5.9415
1	-0.7638	-0.6649	0.7015	-0.0705	-0.2588	1.3876	-3.2381	-7.2296	0.6473
2	0.0517	0.7649	-0.1685	-0.0086	-1.9576	-0.6791	-0.0150	-4.5795	-6.9143
0	0.0821	-0.7338	-0.0023	0.1043	1.1615	0.0990	0.7704	-2.5647	6.4887
1	-0.7076	-0.2680	0.2992	-0.0788	-0.1117	1.1814	-3.2426	-6.2701	0.4567
2	0.0411	0.6925	-0.1839	0.1424	-1.2114	-0.1639	-0.4295	-4.0895	-6.0472
0	0.0880	-0.6781	-0.0059	-0.0344	1.3860	0.2478	0.5534	-1.9965	6.3184
1	-0.6491	-0.2632	0.2915	-0.2063	-0.1701	1.2013	-3.0472	-5.8627	0.6551
2	0.0352	0.6371	-0.1885	-0.0226	-1.2519	-0.2342	-0.0380	-3.0066	-6.1890
0	0.0957	-0.6182	-0.0113	0.0175	1.2738	0.1129	1.0668	-2.2132	5.6417
1	-0.5944	-0.2538	0.2792	-0.1062	-0.0481	1.3047	-2.9765	-5.3615	0.7874
2	0.0225	0.5785	-0.1932	-0.0074	-1.2604	-0.2345	-0.3337	-2.8322	-5.7774
0	0.1001	-0.5608	-0.0119	-0.0526	1.3844	0.1286	0.8303	-1.1242	5.3003
1	-0.5304	-0.2445	0.2687	-0.2255	-0.1119	1.3082	-3.0657	-4.4266	0.8192
2	0.0145	0.5233	-0.1947	-0.0136	-1.3482	-0.1700	-0.5056	-2.3449	-5.2501
0	0.1112	-0.5036	-0.0136	-0.0733	1.2770	0.3404	1.0575	-0.7802	4.4585
1	-0.4740	-0.2638	0.2830	-0.2896	-0.1762	1.2961	-2.9083	-3.6489	1.0677
2	0.0026	0.4654	-0.1959	-0.0764	-1.2385	-0.3573	-0.4145	-1.3657	-4.8733
0	0.1254	-0.4463	-0.0163	-0.0381	1.2753	0.3052	1.0820	-0.8191	4.0743
1	-0.4134	-0.2766	0.2897	-0.2696	-0.1628	1.3060	-2.6494	-3.2446	1.1686
2	-0.0150	0.4090	-0.1994	-0.0595	-1.2746	-0.3669	-0.7536	-1.1732	-4.1906
0	0.1396	-0.3907	-0.0183	-0.0527	1.3893	0.4011	1.3276	0.0009	3.5844
1	-0.3548	-0.2908	0.2976	-0.3431	-0.2571	1.3912	-2.3285	-2.6472	1.5471
2	-0.0329	0.3503	-0.2027	-0.0524	-1.3012	-0.4114	-0.9382	-0.9633	-3.8406
0	0.1589	-0.3213	-0.0238	0.0621	1.4734	0.3686	1.6873	-0.9382	3.1046
1	-0.2822	-0.3005	0.2941	-0.1638	-0.2316	1.5376	-2.0627	-2.5323	1.5635
2	-0.0542	0.2894	-0.2082	-0.0008	-1.4433	-0.4961	-1.2890	-0.7512	-3.2897
0	0.1715	-0.2575	-0.0269	-0.0021	1.4086	0.2670	1.6743	-0.2313	2.6053
1	-0.2202	-0.2990	0.2845	-0.1989	-0.1758	1.3273	-1.9601	-1.9061	1.6635
2	-0.0720	0.2267	-0.2128	-0.0020	-1.4081	-0.3461	-1.3909	-0.9920	-2.9780
0	0.1838	-0.1990	-0.0290	0.0425	1.3112	0.3077	1.7449	0.2561	2.0326
1	-0.1606	-0.3016	0.2775	-0.1903	-0.2414	1.5613	-1.6064	-1.3773	1.8120
2	-0.0891	0.1633	-0.2148	0.0175	-1.2553	-0.3461	-1.5524	-0.3151	-2.3372
0	0.1994	-0.1344	-0.0302	-0.0321	1.4076	0.3361	1.8871	-0.1066	1.2456
1	-0.0956	-0.3075	0.2738	-0.2691	-0.1828	1.3432	-1.1225	-0.8802	1.7766
2	-0.1066	0.1049	-0.2172	-0.0215	-1.4181	-0.4313	-1.5557	-0.1529	-1.8775
0	0.2140	-0.0767	-0.0291	-0.0210	1.3963	0.3734	2.1969	0.3002	0.6855
1	-0.0265	-0.3135	0.2690	-0.2741	-0.2731	1.6579	-0.5484	-0.4117	2.1888
2	-0.1255	0.0466	-0.2170	-0.0306	-1.2776	-0.4121	-1.7662	-0.0101	-1.1886
0	0.2339	-0.0037	-0.0270	-0.0393	1.5135	0.3569	2.4156	-0.3942	0.0108
1	0.0510	-0.3229	0.2651	-0.2652	-0.1877	1.4665	0.1994	0.1103	2.1578
2	-0.1490	-0.0198	-0.2163	-0.0419	-1.5005	-0.5181	-2.0526	-0.0288	-0.4626
0	0.2455	0.0574	-0.0248	0.0453	1.3281	0.1997	2.4172	-0.5587	-0.8538
1	0.1089	-0.3247	0.2567	-0.1346	-0.1302	1.2452	0.4682	0.4215	2.3400
2	-0.1689	-0.0834	-0.2137	-0.0096	-1.3823	-0.3505	-2.3525	-0.2368	0.2670
0	0.2539	0.1140	-0.0226	-0.0368	1.1572	0.1983	2.4852	0.0741	-1.4988
1	0.1613	-0.3247	0.2489	-0.1579	-0.1136	1.1351	0.7810	0.9841	2.4365
2	-0.1825	-0.1400	-0.2119	-0.0198	-1.1957	-0.2652	-2.4627	0.0462	0.7702
0	0.2628	0.1665	-0.0200	0.0413	1.0713	0.1944	2.5743	-0.0092	-1.9610
1	0.2093	-0.3269	0.2421	-0.1229	-0.1460	0.9569	1.5158	1.2783	2.6087
2	-0.1957	-0.1934	-0.2077	0.0324	-1.0380	-0.2576	-2.6312	0.2433	1.5861
0	0.2691	0.2052	-0.0205	0.0609	0.6517	0.0774	2.8080	-0.7746	-2.1957
1	0.2425	-0.3282	0.2353	-0.0106	-0.0369	0.4627	1.2987	1.2912	2.5103
2	-0.2069	-0.2368	-0.2073	0.0936	-0.8602	-0.1842	-2.7935	0.0608	1.9543
0	0.2710	0.2234	-0.0183	0.0065	0.3471	0.0828	2.5672	0.1880	-2.8285
1	0.2571	-0.3272	0.2327	-0.0504	-0.0652	0.4354	1.9065	1.6837	2.7014
2	-0.2117	-0.2616	-0.2062	-0.0056	-0.3537	-0.0497	-2.7055	0.3396	2.1164
0	0.2753	0.2414	-0.0179	0.0658	0.4274	0.1037	2.6785	-0.4610	-2.6781
1	0.2760	-0.3300	0.2307	0.0263	-0.0653	0.1895	2.0039	1.4745	2.6363
2	-0.2166	-0.2786	-0.2051	0.0744	-0.4787	-0.1471	-2.8637	0.1435	2.4978
0	0.2771	0.2502	-0.0182	0.0402	0.2641	0.0620	2.4920	0.2851	-2.2395
1	0.2848	-0.3305	0.2293	-0.1513	-0.0504	0.4492	2.1447	1.3762	2.5966
2	-0.2207	-0.2916	-0.2050	0.0377	-0.1536	-0.0089	-2.8272	-0.0228	2.4122
0	0.2837	0.2771	-0.0135	-0.0231	0.6436	0.1533	2.8204	-0.8342	-3.0751
1	0.3139	-0.3344	0.2300	-0.0556	-0.0384	0.4193	2.3254	1.4839	2.6557
2	-0.2259	-0.3092	-0.2019	-0.0332	-0.6644	-0.2361	-2.7101	-0.2615	2.1953
0	0.2853	0.2911	-0.0107	0.0152	-0.1117	-0.0065	2.8858	-0.8286	-3.5751
1	0.3134	-0.3338	0.2286	0.0676	0.0154	-0.2575	2.1460	1.7144	2.7755
2	-0.2326	-0.3328	-0.1978	0.0223	-0.0833	-0.0037	-3.0371	-0.1447	3.0221
0	0.2823	0.2734	-0.0108	-0.0081	-0.7541	-0.1298	2.8410	-0.7963	-2.8752
1	0.2808	-0.3314	0.2328	0.1396	0.1308	-1.2046	1.6310	1.5592	2.6459
2	-0.2304	-0.3244	-0.1979	0.0510	0.4834	0.1511	-3.1197	0.0418	3.1168
0	0.2708	0.2139	-0.0106	-0.0614	-1.9123	-0.4154	2.7688	-1.6362	-2.6675
1	0.2009	-0.3249	0.2435	0.3699	0.4321	-2.2324	0.8685	1.3325	2.2977
2	-0.2203	-0.2849	-0.1974	0.0067	1.4226	0.3795	-2.8618	0.3459	2.5397
0	0.2485	0.1185	-0.0075	-0.1764	-2.1979	-0.4650	2.3113	0.0727	-0.5671
1	0.1019	-0.3136	0.2578	0.2180	0.4090	-2.1449	0.8014	0.7333	2.2862
2	-0.1948	-0.2006	-0.1962	-0.0298	2.1904	0.6857	-2.6233	0.0763	1.9088
0	0.2299	0.0303	0.0025	-0.2838	-1.7869	-0.2999	2.0897	1.0142	0.2056
1	0.0260	-0.3087	0.2759	0.0261	0.3342	-1.5499	0.5692	0.3453	2.2377
2	-0.1680	-0.1071	-0.1881	-0.1421	1.9972	0.5749	-2.2635	-0.0623	0.6952
0	0.2185	-0.0349	0.0152	-0.1991	-1.2843	-0.2734	2.0962	-0.1843	-0.0715
1	-0.0384	-0.3053	0.2949	0.1159	0.3923	-1.2285	0.3058	0.0194	2.0955
2	-0.1505	-0.0338	-0.1746	-0.1674	1.3615	0.3574	-2.0729	-0.1282	0.0048
0	0.2058	-0.0866	0.0259	-0.1414	-0.9774	-0.2055	1.8373	0.8309	0.4828
1	-0.0844	-0.3002	0.3062	0.0489	0.1922	-0.8959	-0.2280	-0.2025	2.1683
2	-0.1334	0.0245	-0.1611	-0.0869	1.0687	0.3811	-2.1347	-0.2410	-0.1328
0	0.2004	-0.1306	0.0332	-0.0732	-1.0869	-0.1103	2.0358	-0.1942	0.8014
1	-0.1295	-0.3035	0.3197	0.0824	0.1693	-1.1837	-0.9602	-0.4630	2.0718
2	-0.1233	0.0661	-0.1522	-0.0349	0.9772	0.2044	-2.0134	0.2562	-0.5851
0	0.1949	-0.1837	0.0397	-0.1126	-1.2935	-0.1574	2.0945	-0.1809	1.5261
1	-0.1896	-0.3088	0.3386	0.0910	0.2203	-1.3380	-1.3232	-1.0081	1.8702
2	-0.1150	0.1134	-0.1450	-0.0267	1.2032	0.2701	-1.8945	0.1164	-1.1110
0	0.1875	-0.2424	0.0462	-0.0451	-1.3319	-0.2213	1.9091	-0.3510	2.0565
1	-0.2488	-0.3126	0.3549	0.1697	0.2112	-1.3199	-1.3691	-1.6291	1.8621
2	-0.1031	0.1765	-0.1349	0.0059	1.3379	0.3421	-1.8606	-0.3052	-1.6194
0	0.1775	-0.3048	0.0520	0.0135	-1.3287	-0.2336	1.7298	-0.3446	2.3727
1	-0.3067	-0.3151	0.3680	0.2171	0.1520	-1.3002	-1.6943	-1.9265	1.7992
2	-0.0904	0.2332	-0.1267	0.0380	1.2918	0.3500	-1.7319	-0.6338	-2.1175
0	0.1686	-0.3566	0.0541	0.0979	-1.0859	-0.2159	1.6463	-0.7210	3.0323
1	-0.3583	-0.3160	0.3754	0.2899	0.1009	-1.0394	-1.6200	-2.6162	1.6384
2	-0.0769	0.2907	-0.1199	0.1174	1.1559	0.2996	-1.6114	-0.7737	-2.5952
0	0.1548	-0.4047	0.0537	0.2112	-0.9196	-0.2597	1.5160	-0.5686	3.2622
1	-0.4036	-0.3027	0.3661	0.3820	0.0269	-0.8318	-1.8547	-2.8805	1.6851
2	-0.0625	0.3374	-0.1158	0.2157	0.9829	0.3521	-1.5384	-1.3196	-3.0251
0	0.1413	-0.4398	0.0477	0.3248	-0.8201	-0.2292	1.4862	-1.2103	3.5748
1	-0.4466	-0.2779	0.3399	0.5224	-0.0098	-0.9685	-2.5357	-3.2185	1.3195
2	-0.0464	0.3750	-0.1162	0.3395	0.7122	0.2538	-1.3656	-1.2395	-3.4216
0	0.1191	-0.4850	0.0412	0.4559	-1.1283	-0.5127	1.1556	-1.4784	4.1942
1	-0.4997	-0.2156	0.2788	0.6447	0.0871	-1.0755	-2.6737	-3.6407	1.0560
2	-0.0246	0.4162	-0.1186	0.4719	1.0574	0.5329	-1.1411	-1.3457	-3.5264
0	0.0960	-0.5316	0.0367	0.2875	-0.9127	-0.2150	0.7788	-0.2535	5.0752
1	-0.5448	-0.1584	0.2218	0.3334	-0.1784	-0.9259	-3.1259	-4.0161	1.0794
2	0.0039	0.4615	-0.1181	0.3744	0.9046	0.3956	-0.7368	-1.5162	-4.4713
0	0.0863	-0.5760	0.0214	0.6047	-0.9842	0.0827	0.8334	-1.6968	3.9659
1	-0.5864	-0.1192	0.1680	0.5020	-0.4343	-0.9605	-2.6848	-4.1742	1.1488
2	0.0196	0.5032	-0.1229	0.4943	0.9463	-0.0190	-0.7031	-0.7673	-4.4570
0	0.0703	-0.6198	0.0015	0.4564	-0.8270	-0.1475	0.8670	-2.4982	6.5287
1	-0.6238	-0.0158	0.0516	0.4094	-0.1011	-0.6821	-2.4261	-5.4816	0.2862
2	0.0359	0.5435	-0.1394	0.6630	0.9279	0.1359	-0.6865	-2.5455	-4.4271
0	0.0598	-0.6487	-0.0051	0.2990	-0.6589	0.0186	0.6265	-1.5616	5.2113
1	-0.6509	0.0783	-0.0485	0.2693	-0.2653	-0.7116	-2.8928	-5.3999	0.6438
2	0.0539	0.5772	-0.1461	0.3511	0.6358	0.1157	0.0671	-3.1599	-5.7694
0	0.0503	-0.6873	-0.0164	0.3650	-1.1340	-0.1400	0.7989	-3.4115	5.7163
1	-0.6951	0.2964	-0.2721	0.4598	0.0700	-1.3940	-3.2904	-5.4467	0.2457
2	0.0652	0.6090	-0.1545	0.4648	0.9243	0.0897	-0.3059	-2.2634	-5.1726
0	0.0285	-0.7547	-0.0129	0.1883	-1.3080	-0.4360	0.0251	-2.2103	7.2513
1	-0.7263	1.1442	-1.1114	0.3438	0.1702	-1.1742	-3.2424	-6.4634	-0.2109
2	0.0859	0.6625	-0.1526	0.3662	1.4106	0.5505	0.0261	-2.9767	-5.5315
0	0.0168	-0.8082	-0.0051	0.0279	-1.2445	-0.2124	-0.0089	-3.0826	6.8848
1	-0.7162	1.9259	-1.8849	0.2294	0.1544	-1.3018	-3.5737	-6.8573	-0.2187
2	0.1058	0.7201	-0.1399	0.1070	1.1120	0.3479	0.8423	-3.2811	-6.8748
0	0.0082	-0.8603	0.0017	0.1088	-0.8973	-0.2305	-0.2196	-2.9024	7.6521
1	-0.6797	2.3055	-2.2566	0.2280	0.0979	-0.7524	-2.7968	-7.5662	-0.2437
2	0.1166	0.7778	-0.1267	0.1547	1.1099	0.3543	0.6151	-3.5984	-6.6572
0	-0.0013	-0.9009	0.0081	0.1250	-1.0485	-0.2992	0.1917	-4.5807	6.9950
1	-0.6405	2.4551	-2.3988	0.3986	0.0846	-1.0926	-3.3978	-7.9163	-0.1053
2	0.1267	0.8181	-0.1161	0.1381	0.8658	0.3141	0.7058	-4.3753	-7.0311
0	-0.0158	-0.9430	0.0096	0.3893	-0.6800	-0.0059	-0.2543	-2.7976	7.7388
1	-0.6002	2.5103	-2.4564	0.2533	-0.3317	-0.7166	-2.6720	-8.1418	0.1924
2	0.1398	0.8623	-0.1049	0.3545	0.9078	0.2731	0.3547	-4.3740	-6.6188
0	-0.0283	-0.9716	-0.0005	0.2780	-0.5837	-0.0763	-0.0891	-5.1949	8.3968
1	-0.5694	2.5366	-2.4899	0.1990	-0.0404	-0.3460	-2.6796	-9.1517	-0.7807
2	0.1531	0.8935	-0.1072	0.3401	0.6362	0.0267	0.7763	-4.7664	-7.1697
0	-0.0345	-0.9864	0.0003	0.0239	-0.0707	-0.0131	-0.2855	-4.4664	8.3541
1	-0.5623	2.5385	-2.4880	0.0022	0.0270	0.0963	-2.6315	-9.1479	-0.7179
2	0.1625	0.9171	-0.1049	0.1250	0.1435	0.0864	1.2367	-5.9259	-7.8662
0	-0.0330	-0.9827	0.0017	-0.0815	0.1354	0.0274	-0.1664	-4.8079	8.3188
1	-0.5692	2.5416	-2.4844	-0.0739	0.1284	0.1250	-3.0125	-9.0390	-0.6529
2	0.1624	0.9185	-0.1014	0.0051	-0.1836	0.0061	1.1267	-5.6115	-7.6424
0	-0.0278	-0.9765	0.0094	-0.1620	0.4513	-0.0926	-0.3257	-3.7380	8.2196
1	-0.5852	2.5250	-2.4569	-0.1382	0.0888	0.8556	-2.5450	-8.8534	-0.5381
2	0.1572	0.9143	-0.0952	-0.1030	-0.1767	0.1195	1.0474	-5.4956	-7.4985
0	-0.0159	-0.9250	0.0076	-0.2069	1.8393	0.4700	-0.6901	-2.5113	9.1361
1	-0.6500	2.3895	-2.3209	-0.6176	-0.2441	2.2551	-2.4160	-8.5314	-0.4469
2	0.1486	0.8854	-0.0918	-0.1614	-1.3087	-0.3609	1.1688	-5.2219	-7.6944
0	0.0117	-0.8118	-0.0046	-0.2853	3.0950	0.7224	-0.1759	-3.3821	8.1886
1	-0.7297	1.0113	-0.9486	-0.7740	-0.2549	3.2147	-2.6448	-7.6707	-0.1590
2	0.1237	0.8001	-0.1057	-0.3735	-2.7494	-0.8123	1.1921	-5.0920	-7.9828
0	0.0418	-0.6755	-0.0109	-0.3900	2.7906	0.4206	0.4597	-4.0705	5.7700
1	-0.6320	0.0444	0.0199	-0.5570	0.0308	2.2710	-3.6477	-5.8886	-0.0961
2	0.0855	0.6656	-0.1220	-0.4353	-3.1116	-0.7492	0.6458	-4.5267	-6.8149
0	0.0634	-0.5768	-0.0038	-0.3217	1.1722	0.1948	0.5454	-2.4949	3.9061
1	-0.5670	-0.0840	0.1563	-0.3627	0.1058	0.9474	-4.2141	-4.2549	0.4383
2	0.0517	0.5449	-0.1227	-0.3551	-1.7094	-0.3144	0.0280	-2.2517	-5.0518
0	0.0754	-0.5474	0.0059	-0.2342	0.4449	0.0913	0.6996	-1.2440	3.9527
1	-0.5400	-0.1297	0.2104	-0.1882	0.0819	0.4693	-3.0149	-3.7998	0.7979
2	0.0337	0.4989	-0.1148	-0.2584	-0.5367	-0.0956	-0.4216	-0.8693	-4.0624
0	0.0820	-0.5268	0.0111	-0.1173	0.5708	0.0921	0.7797	-0.6429	4.8134
1	-0.5161	-0.1533	0.2384	-0.1804	-0.0089	0.7003	-2.6092	-3.9982	0.8089
2	0.0235	0.4782	-0.1075	-0.0965	-0.4411	-0.0619	-0.5208	-1.4101	-4.1004
0	0.0896	-0.4956	0.0135	-0.0605	0.8095	0.1432	0.7490	-1.2584	4.6301
1	-0.4809	-0.1727	0.2587	-0.1586	-0.0286	0.8088	-2.6997	-4.1343	0.7929
2	0.0139	0.4496	-0.1041	-0.0831	-0.7848	-0.1680	-0.4147	-1.6059	-4.5255
0	0.0965	-0.4575	0.0165	-0.1266	0.8158	0.0650	1.0811	-1.2195	4.2659
1	-0.4422	-0.1837	0.2725	-0.1384	0.0752	0.6923	-2.6195	-3.7683	0.8052
2	0.0041	0.4148	-0.1021	-0.0773	-0.8052	-0.1291	-0.4609	-1.7662	-4.4300
0	0.1011	-0.4324	0.0233	-0.1182	0.2356	0.0061	1.0331	-1.0622	3.3478
1	-0.4259	-0.1904	0.2853	-0.0469	0.1204	0.0367	-2.8222	-3.0413	0.9619
2	-0.0039	0.3827	-0.0965	-0.1105	-0.4143	-0.0222	-0.6111	-1.1803	-3.8766
0	0.1010	-0.4301	0.0298	-0.0794	0.0574	-0.0621	1.0864	-0.5862	3.4776
1	-0.4232	-0.1899	0.2912	-0.0336	0.0656	0.2576	-2.1196	-3.0921	1.1333
2	-0.0068	0.3753	-0.0888	-0.0745	-0.0144	0.0989	-0.8080	-0.8998	-3.3322
0	0.1030	-0.4169	0.0341	-0.0634	0.4908	0.1024	0.7726	-0.2945	3.9456
1	-0.4040	-0.1952	0.2987	-0.1374	-0.0222	0.5518	-2.1770	-3.1729	0.9640
2	-0.0082	0.3682	-0.0827	-0.0229	-0.3239	-0.0228	-0.7704	-1.2222	-3.4571
0	0.1089	-0.3926	0.0366	-0.0674	0.6032	0.0705	1.1660	-1.0374	3.6635
1	-0.3752	-0.2028	0.3072	-0.0868	0.0246	0.7008	-2.1759	-3.2730	0.9693
2	-0.0149	0.3478	-0.0801	-0.0581	-0.5522	-0.1281	-0.5141	-1.1494	-3.8109
0	0.1125	-0.3617	0.0419	-0.1424	0.7722	0.0559	1.1734	-0.2652	3.5715
1	-0.3424	-0.2038	0.3118	-0.1773	0.0254	0.7949	-2.1131	-2.7782	1.1612
2	-0.0215	0.3197	-0.0765	-0.0652	-0.6952	-0.0563	-0.8023	-1.3788	-3.4926
0	0.1204	-0.3270	0.0465	-0.1165	0.8797	0.2149	1.2572	-0.1721	3.1895
1	-0.3047	-0.2165	0.3255	-0.2711	-0.0952	0.9251	-1.9686	-2.5707	1.4468
2	-0.0294	0.2893	-0.0724	-0.1174	-0.7855	-0.1771	-0.8720	-0.8049	-3.2787
0	0.1323	-0.2834	0.0472	-0.0658	1.0484	0.1735	1.5147	-1.1216	2.7451
1	-0.2577	-0.2273	0.3342	-0.1166	0.0633	0.9711	-1.7482	-2.2905	1.1705
2	-0.0451	0.2466	-0.0705	-0.0648	-1.0470	-0.3059	-1.0807	-0.8033	-2.8567
0	0.1350	-0.2394	0.0552	-0.2271	0.9304	-0.0201	1.2804	0.2041	2.4180
1	-0.2183	-0.2200	0.3346	-0.1430	0.1520	0.9907	-1.9097	-1.6620	1.1722
2	-0.0540	0.2038	-0.0663	-0.1571	-0.9092	-0.0072	-0.9862	-0.8797	-2.6267
0	0.1407	-0.1962	0.0644	-0.1067	0.9797	0.1759	1.2933	0.0823	1.1301
1	-0.1658	-0.2215	0.3364	-0.1352	-0.0715	1.0674	-1.2498	-1.1042	1.6197
2	-0.0608	0.1643	-0.0565	-0.1878	-0.9479	-0.1751	-1.0843	0.0714	-2.0679
0	0.1462	-0.1519	0.0672	-0.0668	1.0204	0.0374	1.5873	-0.4069	1.4892
1	-0.1221	-0.2211	0.3360	-0.1226	0.0454	1.0285	-0.8876	-1.0079	1.3251
2	-0.0718	0.1213	-0.0528	-0.0421	-1.0208	-0.1555	-1.4016	-0.1798	-1.3365
0	0.1498	-0.1059	0.0739	-0.1151	1.0509	0.1481	1.3454	0.6255	0.5134
1	-0.0725	-0.2213	0.3356	-0.1856	-0.1077	1.1394	-0.6219	-0.2639	1.6921
2	-0.0785	0.0762	-0.0477	-0.1291	-1.0054	-0.1183	-1.2103	-0.2606	-1.2634
0	0.1584	-0.0602	0.0754	0.0536	1.0436	0.1590	1.5815	-0.3061	0.1764
1	-0.0238	-0.2261	0.3337	-0.0431	-0.1047	1.0439	-0.2087	-0.1570	1.5725
2	-0.0898	0.0321	-0.0441	0.0001	-1.0400	-0.2877	-1.5873	0.2850	-0.3409
0	0.1630	-0.0101	0.0761	-0.0705	1.1100	0.0904	1.5680	0.1299	0.3402
1	0.0246	-0.2254	0.3299	-0.1509	-0.0410	1.1619	-0.0999	-0.1436	1.4082
2	-0.1003	-0.0172	-0.0449	-0.0198	-1.0581	-0.1546	-1.5118	-0.2532	-0.3407
0	0.1689	0.0406	0.0811	-0.0541	1.1891	0.1689	1.5309	0.1050	-0.6775
1	0.0783	-0.2281	0.3292	-0.1626	-0.1006	1.2232	0.3309	0.3915	1.6370
2	-0.1092	-0.0651	-0.0408	-0.0810	-1.1432	-0.2366	-1.4534	0.0521	-0.0806
0	0.1752	0.0938	0.0844	-0.0386	1.2347	0.1591	1.7007	0.2808	-0.7738
1	0.1331	-0.2313	0.3274	-0.2062	-0.0816	1.2285	0.6938	0.7921	1.6554
2	-0.1205	-0.1162	-0.0375	-0.0134	-1.2001	-0.2393	-1.6605	0.1028	0.6521
0	0.1814	0.1420	0.0895	-0.0822	1.1369	0.1618	1.6938	-0.0616	-1.6041
1	0.1846	-0.2347	0.3283	-0.1710	-0.0774	1.1322	0.8556	1.0061	1.7070
2	-0.1320	-0.1691	-0.0334	-0.1022	-1.1580	-0.2431	-1.6719	0.2354	0.8774
0	0.1884	0.1910	0.0945	-0.0606	1.1535	0.2042	1.9839	0.0767	-1.8276
1	0.2349	-0.2394	0.3303	-0.2411	-0.0690	1.0997	1.5349	1.3843	1.8770
2	-0.1430	-0.2183	-0.0281	-0.0659	-1.1377	-0.2687	-1.8529	0.2641	1.4825
0	0.1952	0.2406	0.1009	-0.0730	1.0225	0.1757	1.9621	-0.2519	-2.6521
1	0.2804	-0.2432	0.3328	-0.2043	-0.0541	1.0140	1.9356	1.5548	1.9005
2	-0.1543	-0.2676	-0.0218	-0.0914	-1.0414	-0.2368	-1.9820	0.1343	2.0860
0	0.2015	0.2908	0.1080	-0.0892	1.1710	0.1627	2.0045	-0.4503	-2.6953
1	0.3350	-0.2459	0.3338	-0.1928	-0.0185	1.2219	2.7153	1.4663	1.9520
2	-0.1642	-0.3126	-0.0151	-0.0862	-1.0809	-0.2457	-2.1570	-0.2198	2.5872
0	0.2043	0.3447	0.1139	0.0266	1.2220	0.1094	1.8546	-0.0312	-3.5922
1	0.3903	-0.2458	0.3296	-0.1271	-0.0998	1.4155	3.1537	1.8638	2.2258
2	-0.1734	-0.3671	-0.0084	-0.0475	-1.1265	-0.1545	-2.2271	-0.5140	2.9061
0	0.2116	0.4086	0.1140	0.0673	1.5299	0.1592	2.1761	-1.1447	-3.6622
1	0.4570	-0.2508	0.3238	-0.1182	-0.0986	1.4056	3.5944	1.8573	2.0634
2	-0.1828	-0.4206	-0.0068	0.0707	-1.5342	-0.3008	-2.4165	-0.4860	3.4833
0	0.2130	0.4694	0.1170	-0.0576	1.0536	0.0064	2.2060	-1.2563	-4.8461
1	0.5103	-0.2483	0.3182	-0.1218	0.0208	1.0538	4.0221	2.3088	2.1212
2	-0.1932	-0.4890	-0.0035	-0.0548	-1.1783	-0.1031	-2.3323	-0.7228	4.0077
0	0.2136	0.5164	0.1223	-0.1087	1.0223	0.0795	2.1717	-1.4466	-5.2647
1	0.5570	-0.2477	0.3180	-0.1541	0.0902	0.7920	4.5659	2.6177	2.0549
2	-0.1963	-0.5359	0.0012	-0.0844	-1.0860	-0.1717	-2.4227	-0.4682	4.7160
0	0.2092	0.5504	0.1282	-0.1364	0.5452	-0.0672	2.1489	-1.2663	-5.9632
1	0.5818	-0.2412	0.3176	-0.0859	0.0913	0.5834	4.9987	2.8341	2.1754
2	-0.1974	-0.5765	0.0083	-0.1415	-0.6530	0.0232	-2.4327	-0.6147	5.2493
0	0.2082	0.5803	0.1322	-0.0304	0.7946	0.1171	2.1178	-1.0346	-5.4346
1	0.6147	-0.2414	0.3172	-0.1716	-0.0494	0.8408	5.4061	2.6509	2.2467
2	-0.1947	-0.6038	0.0123	-0.0295	-0.7111	-0.1082	-2.6341	-0.6360	5.7623
0	0.2089	0.6159	0.1377	-0.0737	0.8771	0.0443	2.1051	-1.6248	-5.8109
1	0.6520	-0.2412	0.3170	-0.1186	0.0193	0.9106	5.6889	2.5196	2.0435
2	-0.1989	-0.6388	0.0171	-0.0830	-0.8074	-0.1303	-2.4559	-1.0926	5.4994
0	0.2067	0.6531	0.1439	-0.1657	0.7423	0.1327	1.6939	-0.9115	-6.1125
1	0.6872	-0.2403	0.3192	-0.2712	-0.0706	0.7866	5.5238	2.9309	2.0101
2	-0.2004	-0.6766	0.0220	-0.1179	-0.7984	-0.0969	-2.4410	-1.1939	5.7653
0	0.2129	0.6898	0.1584	-0.0764	1.0546	0.5056	1.9439	-1.1651	-6.5539
1	0.7345	-0.2524	0.3318	-0.5562	-0.4357	1.3693	6.8212	2.7981	2.5938
2	-0.2050	-0.7114	0.0330	-0.1889	-0.8394	-0.4630	-2.3727	-0.5488	6.0923
0	0.2256	0.7441	0.1746	-0.0591	0.8286	0.2109	2.7513	-4.1961	-7.5637
1	0.7867	-0.2634	0.3391	-0.0790	0.0051	0.5438	6.9983	2.4592	2.2385
2	-0.2220	-0.7616	0.0500	-0.0944	-1.0773	-0.4698	-2.8757	-1.8711	6.7448
0	0.2247	0.7672	0.1779	-0.0400	0.3890	0.0250	2.1636	-2.3327	-6.8563
1	0.8052	-0.2619	0.3374	-0.1579	-0.0170	0.5195	7.1565	2.4529	2.2773
2	-0.2279	-0.7979	0.0563	-0.0015	-0.3809	-0.0083	-3.0431	-2.3519	7.3618
0	0.2229	0.7894	0.1863	-0.1839	0.3944	0.0765	2.4424	-3.3032	-7.1014
1	0.8263	-0.2596	0.3424	-0.1697	0.1056	0.3849	7.2610	2.3299	2.2168
2	-0.2284	-0.8181	0.0596	-0.1693	-0.4496	-0.1513	-2.5681	-1.9922	6.7120
0	0.2158	0.8066	0.1913	-0.1550	0.3771	0.0004	2.0000	-2.3586	-6.8420
1	0.8458	-0.2524	0.3451	-0.2299	0.0841	0.4104	7.5485	2.3734	2.1809
2	-0.2247	-0.8357	0.0654	-0.1195	-0.3294	0.0478	-2.7613	-2.5167	7.0583
0	0.2092	0.8237	0.2014	-0.2508	0.2560	0.0679	2.1491	-3.1380	-7.8015
1	0.8603	-0.2464	0.3526	-0.1659	0.1288	0.1965	7.6661	2.7362	2.1469
2	-0.2196	-0.8548	0.0708	-0.2373	-0.3585	-0.0965	-2.4568	-2.0988	7.0347
0	0.2023	0.8327	0.2071	-0.1173	0.1152	0.0158	1.8391	-2.3969	-7.7694
1	0.8650	-0.2409	0.3563	-0.0613	0.0708	-0.1558	7.4966	3.0230	2.0959
2	-0.2132	-0.8672	0.0775	-0.1103	-0.1758	0.0247	-2.7943	-2.2486	7.8073
0	0.1956	0.8159	0.2133	-0.2647	-1.0401	-0.0299	2.3485	-3.1586	-8.9856
1	0.8260	-0.2307	0.3671	-0.1091	0.2895	-1.5888	6.7761	3.8708	2.1045
2	-0.2084	-0.8674	0.0797	-0.1843	0.4613	0.0642	-2.4199	-1.2600	7.7245
0	0.1859	0.7475	0.2197	-0.1471	-1.3807	-0.0168	2.1585	-1.4849	-7.4542
1	0.7551	-0.2213	0.3811	-0.0337	0.0739	-1.0464	7.7462	3.2456	2.4835
2	-0.1944	-0.8111	0.0798	-0.1193	1.5476	0.2225	-2.9665	-0.7141	8.3291
0	0.1822	0.6992	0.2210	0.0507	-0.9683	-0.1181	1.8700	-2.8056	-7.5238
1	0.7070	-0.2173	0.3831	0.3159	0.1968	-1.4254	6.7844	2.8551	1.9428
2	-0.1862	-0.7534	0.0763	0.0114	0.9124	0.1178	-2.8704	-1.9648	7.3886
0	0.1722	0.6332	0.2130	-0.0371	-1.7169	-0.3034	1.8983	-1.6586	-6.4301
1	0.6277	-0.2037	0.3794	0.2474	0.1909	-1.6563	5.8796	2.9857	2.0173
2	-0.1758	-0.7006	0.0644	0.0955	1.5606	0.4845	-2.5600	-1.5766	7.0183
0	0.1648	0.5640	0.2080	0.0818	-1.4505	-0.1080	1.5423	-0.7990	-5.6317
1	0.5595	-0.1985	0.3782	0.2166	0.0445	-1.5592	5.2216	2.8345	1.8452
2	-0.1587	-0.6207	0.0502	0.1339	1.4887	0.3132	-2.3325	-0.9820	6.2524
0	0.1602	0.4849	0.2026	0.0725	-1.9684	-0.2217	1.4751	-1.5044	-5.3002
1	0.4694	-0.1915	0.3744	0.3573	0.1636	-2.0383	3.9690	2.7877	1.4060
2	-0.1497	-0.5535	0.0393	0.1451	1.6749	0.3044	-2.0302	-0.4399	5.4595
0	0.1491	0.3898	0.1956	0.0594	-1.7268	-0.1929	1.1763	0.0722	-3.5816
1	0.3809	-0.1821	0.3699	0.2063	0.0901	-1.5940	4.0227	2.2711	1.4037
2	-0.1327	-0.4611	0.0262	0.1642	1.8998	0.4601	-1.7627	-0.5324	4.8449
0	0.1434	0.3160	0.1924	0.0581	-1.5573	-0.1314	1.3738	-0.9377	-3.6855
1	0.3091	-0.1771	0.3665	0.3224	0.0662	-1.5836	3.1518	1.8043	1.4029
2	-0.1183	-0.3821	0.0171	0.1102	1.5143	0.2531	-1.5401	-0.5031	3.8819
0	0.1356	0.2458	0.1858	0.1276	-1.4181	-0.2303	1.3870	-0.5270	-2.4845
1	0.2375	-0.1684	0.3559	0.3416	0.0871	-1.4915	2.4658	1.3621	1.3061
2	-0.1056	-0.3118	0.0091	0.2157	1.4705	0.3487	-1.6982	-0.7445	3.3676
0	0.1264	0.1782	0.1808	0.0303	-1.6935	-0.2232	1.2568	-0.3244	-2.0802
1	0.1708	-0.1589	0.3472	0.3263	0.1346	-1.7077	1.3887	1.4431	1.1907
2	-0.0910	-0.2487	0.0005	0.1614	1.4984	0.3604	-1.4404	-0.2560	2.4374
0	0.1166	0.1079	0.1790	0.1004	-1.3285	-0.1985	1.0702	0.2133	-1.2065
1	0.1052	-0.1479	0.3376	0.2503	0.0877	-1.1484	1.7739	0.8481	1.3191
2	-0.0746	-0.1754	-0.0034	0.1248	1.5904	0.3651	-1.2979	0.1821	1.9315
0	0.1107	0.0574	0.1763	0.0170	-0.9627	-0.0445	1.1224	0.5076	-0.2794
1	0.0563	-0.1424	0.3332	0.0742	0.0413	-0.9659	0.7749	0.4625	1.1398
2	-0.0614	-0.1189	-0.0082	0.1472	1.0258	0.2145	-1.2657	-0.4339	1.1408
0	0.1079	0.0095	0.1778	0.0077	-0.9749	-0.0871	1.1160	-0.0640	-0.4400
1	0.0127	-0.1383	0.3310	0.1567	0.0375	-0.8956	0.3011	0.2148	1.0707
2	-0.0542	-0.0711	-0.0090	0.0577	0.9803	0.1667	-1.0807	-0.0061	0.4174
0	0.1037	-0.0297	0.1771	0.0538	-0.7820	-0.0688	1.1472	0.1460	0.3055
1	-0.0275	-0.1324	0.3256	0.1200	0.0738	-0.8152	0.0449	-0.0310	0.9875
2	-0.0467	-0.0298	-0.0098	0.1346	0.8146	0.1685	-1.1359	-0.1684	0.3619
0	0.0991	-0.0653	0.1776	0.0321	-0.7406	-0.1083	1.0399	0.3719	0.3088
1	-0.0610	-0.1247	0.3198	0.1472	-0.0063	-0.5465	-0.2357	-0.2096	1.0585
2	-0.0387	0.0084	-0.0104	0.0620	0.7865	0.2082	-0.9616	-0.1126	-0.2718
0	0.0968	-0.0875	0.1746	0.1162	-0.3387	-0.0024	0.9713	0.3465	0.8945
1	-0.0803	-0.1231	0.3161	0.0012	0.0218	-0.5628	-0.2772	-0.3279	0.9822
2	-0.0324	0.0361	-0.0117	0.1564	0.3798	0.0582	-1.0161	-0.1128	-0.5156
0	0.0948	-0.1106	0.1729	0.0800	-0.6176	-0.0502	0.9342	0.0703	0.5287
1	-0.1110	-0.1182	0.3128	0.1861	-0.0395	-0.5258	-1.3361	-0.5680	0.8983
2	-0.0291	0.0538	-0.0138	0.0936	0.5240	0.1069	-0.8099	0.2143	-0.9114
0	0.0924	-0.1379	0.1731	-0.0213	-0.7439	-0.0745	0.9034	0.0748	0.8259
1	-0.1446	-0.1139	0.3108	0.0595	0.1621	-1.1478	-1.3642	-0.2321	0.7149
2	-0.0240	0.0813	-0.0145	0.0565	0.6074	0.1190	-0.7754	0.2394	-1.0360
0	0.0879	-0.1911	0.1782	-0.0400	-1.2732	-0.0621	0.8265	0.5145	1.3175
1	-0.2020	-0.1036	0.3041	0.0483	0.0136	-1.1116	-1.3586	-0.7147	0.9556
2	-0.0167	0.1222	-0.0108	0.0218	1.2796	0.2379	-0.7397	0.7812	-0.9906
0	0.0880	-0.2392	0.1790	0.0423	-0.8786	-0.0045	1.0048	-0.3738	2.2345
1	-0.2448	-0.1048	0.3082	0.0339	0.0753	-0.9365	-1.0525	-1.7283	0.8650
2	-0.0108	0.1746	-0.0076	0.0585	1.0209	0.0888	-0.8027	-0.0921	-1.5776
0	0.0857	-0.2807	0.1795	0.0194	-1.0172	-0.0557	0.9278	-0.2055	2.2602
1	-0.2888	-0.0988	0.3042	0.1504	-0.0482	-0.9413	-1.8933	-1.8740	0.8204
2	-0.0053	0.2188	-0.0063	0.0867	0.9629	0.1718	-0.7484	-0.7548	-2.1994
0	0.0849	-0.3279	0.1770	0.1222	-0.8401	0.0360	0.8459	-0.6790	2.9331
1	-0.3334	-0.0975	0.3007	0.0594	0.0114	-0.9008	-1.5141	-2.2731	0.7311
2	-0.0001	0.2629	-0.0058	0.1463	0.9418	0.0610	-0.6742	-0.4339	-2.2844
0	0.0815	-0.3673	0.1745	0.1145	-0.8990	-0.1067	0.8544	-0.9175	3.0744
1	-0.3736	-0.0858	0.2902	0.1676	0.0231	-0.9179	-2.1744	-2.8225	0.6804
2	0.0055	0.3049	-0.0076	0.1542	0.8558	0.1746	-0.5771	-1.2327	-2.9037
0	0.0767	-0.4057	0.1733	0.0734	-0.9082	-0.0847	0.7539	-0.8441	3.7794
1	-0.4184	-0.0740	0.2810	0.0125	0.2252	-1.3945	-2.4006	-2.8600	0.5389
2	0.0139	0.3436	-0.0072	0.1531	0.8665	0.1567	-0.4526	-0.9874	-3.3080
0	0.0691	-0.4687	0.1780	0.0047	-1.5629	-0.2234	0.6967	-0.7060	3.7051
1	-0.4867	-0.0347	0.2485	0.3622	0.0112	-1.2987	-3.0817	-3.3514	0.6058
2	0.0239	0.3935	-0.0018	0.0599	1.4572	0.3833	-0.2987	-0.8188	-3.5962
0	0.0644	-0.5187	0.1779	0.1370	-0.5990	0.0395	0.5195	-0.6923	5.3206
1	-0.5219	-0.0202	0.2340	-0.0591	-0.0055	-0.5257	-1.5813	-4.2034	0.7098
2	0.0360	0.4571	0.0054	0.1556	0.9968	0.1364	-0.3886	-1.3371	-3.8636
0	0.0607	-0.5404	0.1745	0.1058	-0.5653	-0.1845	0.9645	-2.5491	5.0653
1	-0.5465	0.0121	0.2043	0.2577	0.0912	-0.5026	-3.0380	-5.1071	0.3707
2	0.0403	0.4826	0.0034	0.1726	0.4232	0.1092	-0.2378	-2.5699	-4.8684
0	0.0519	-0.5584	0.1758	0.1147	-0.0220	-0.0723	0.4077	-1.1013	5.4191
1	-0.5530	0.0439	0.1734	0.0930	0.0129	-0.0401	-2.6720	-4.8704	0.4238
2	0.0507	0.5065	0.0073	0.1602	0.2083	0.1544	-0.1770	-2.4774	-5.0139
0	0.0477	-0.5689	0.1799	-0.1052	-0.4413	-0.2384	0.5447	-2.2625	5.2877
1	-0.5684	0.0685	0.1572	0.1336	0.2531	-0.4261	-3.4465	-4.9242	-0.0181
2	0.0556	0.5113	0.0089	-0.0085	0.2791	0.1927	0.2099	-1.9740	-5.3207
0	0.0441	-0.5754	0.1904	-0.0997	0.4962	-0.0256	0.0990	0.2713	5.9245
1	-0.5581	0.0718	0.1605	-0.0717	-0.0727	1.1195	-1.9862	-5.0028	0.4784
2	0.0611	0.5289	0.0213	-0.0772	0.0727	0.1958	0.2681	-2.1208	-5.2787
0	0.0514	-0.5123	0.1888	0.0453	2.2380	0.2786	0.3620	-1.1452	5.9534
1	-0.4738	-0.0044	0.2324	-0.2081	-0.2119	2.4947	-1.3830	-5.0169	0.4571
2	0.0549	0.4982	0.0227	0.0058	-1.7131	-0.3722	0.1578	-3.0254	-5.3052
0	0.0611	-0.4024	0.1857	-0.0500	2.6289	0.1546	0.5092	-1.8299	4.6344
1	-0.3511	-0.0517	0.2777	-0.1618	-0.0368	2.5068	-2.4037	-3.9189	0.1503
2	0.0378	0.3999	0.0141	-0.0704	-2.5848	-0.4141	0.0332	-2.9871	-5.0009
0	0.0669	-0.2889	0.1914	-0.1408	2.0351	0.0544	0.5555	-0.8296	1.7737
1	-0.2448	-0.0667	0.2937	0.0014	-0.1140	1.8792	-2.5374	-1.6397	0.5088
2	0.0200	0.2800	0.0144	-0.1832	-2.3049	-0.2315	0.0010	-1.5686	-3.6554
0	0.0727	-0.2099	0.1947	-0.0206	1.4868	0.1680	0.5708	0.1673	1.2860
1	-0.1687	-0.0823	0.3068	-0.2241	-0.0923	1.4239	-1.1594	-0.5299	0.7493
2	0.0072	0.1919	0.0186	-0.0832	-1.5908	-0.2247	-0.5268	0.4220	-1.5958
0	0.0799	-0.1484	0.1953	0.0033	1.1520	0.0988	0.9866	-0.4219	0.6634
1	-0.1135	-0.0945	0.3193	-0.0224	-0.0593	1.0631	-1.2681	-0.5315	0.7643
2	-0.0060	0.1273	0.0189	-0.0364	-1.3397	-0.2508	-0.6325	0.2561	-1.1810
0	0.0822	-0.1055	0.1955	0.0197	0.8938	0.0587	0.7659	0.4485	0.6710
1	-0.0716	-0.0980	0.3208	-0.0649	-0.0807	0.8726	-0.9846	-0.2101	0.8131
2	-0.0148	0.0736	0.0194	0.0301	-0.9130	-0.1035	-0.8576	0.2086	-0.7420
0	0.0872	-0.0680	0.1954	0.0307	0.6959	0.1304	0.9497	0.2043	0.1100
1	-0.0358	-0.1062	0.3249	-0.0402	-0.1219	0.6505	-0.7126	0.0560	0.9141
2	-0.0216	0.0362	0.0191	0.0237	-0.7593	-0.1802	-0.8138	0.5718	-0.5565
0	0.0923	-0.0404	0.1951	0.0292	0.6388	0.1142	1.0873	0.2815	0.1335
1	-0.0062	-0.1125	0.3274	-0.0420	-0.1245	0.8066	-0.2384	-0.0045	1.0088
2	-0.0297	0.0054	0.0184	0.0232	-0.5970	-0.1404	-0.9507	0.2884	-0.2719
0	0.0986	-0.0030	0.1935	0.0702	0.9445	0.1620	0.9481	0.2289	-0.0612
1	0.0375	-0.1224	0.3315	-0.0867	-0.1681	1.0175	0.2618	0.1115	1.0050
2	-0.0375	-0.0251	0.0174	0.0584	-0.8652	-0.2080	-1.0494	-0.0380	-0.1458
0	0.1054	0.0405	0.1924	0.0427	0.9507	0.1257	1.1277	-0.3248	-0.4820
1	0.0807	-0.1300	0.3343	-0.0690	-0.0957	0.9848	0.3471	0.2055	0.9323
2	-0.0482	-0.0668	0.0154	0.0382	-0.9646	-0.2278	-1.0029	-0.0685	0.1438
0	0.1098	0.0871	0.1943	-0.0410	1.0625	0.0696	0.9827	-0.2176	-0.8352
1	0.1294	-0.1339	0.3375	-0.1110	-0.0114	0.9634	0.8130	0.4998	0.8471
2	-0.0581	-0.1157	0.0162	-0.0359	-1.0308	-0.1566	-0.9590	-0.3163	0.4924
0	0.1116	0.1275	0.1985	-0.0556	0.7475	0.0444	1.0740	-0.1060	-1.9952
1	0.1648	-0.1356	0.3405	-0.0689	-0.0116	0.6988	0.9645	1.2319	1.0377
2	-0.0638	-0.1545	0.0196	-0.0601	-0.8651	-0.1156	-1.0025	-0.0057	0.9880
0	0.1137	0.1612	0.2013	-0.0023	0.7258	0.0596	1.1291	-0.1828	-1.9104
1	0.1997	-0.1375	0.3427	-0.0369	-0.0249	0.8293	1.6136	1.1718	1.1248
2	-0.0687	-0.1894	0.0233	-0.0145	-0.6934	-0.1110	-1.2198	0.3526	1.8070
0	0.1157	0.1993	0.2013	0.0538	1.0652	0.0688	1.1935	0.0134	-1.7908
1	0.2387	-0.1393	0.3422	-0.0512	-0.0835	1.1172	1.9999	1.0294	1.2418
2	-0.0735	-0.2226	0.0245	0.0386	-0.9135	-0.1136	-1.3163	-0.1771	1.8782
0	0.1172	0.2443	0.2015	-0.0169	0.7292	-0.0442	1.4262	-0.7268	-3.3013
1	0.2786	-0.1383	0.3399	0.0660	0.0702	0.4051	1.5971	1.7993	1.1476
2	-0.0799	-0.2689	0.0247	0.0153	-1.0375	-0.0978	-1.3646	-0.3159	1.9653
0	0.1139	0.2611	0.2027	-0.0074	0.1693	-0.0412	1.1252	0.2509	-3.3691
1	0.2881	-0.1344	0.3373	0.0192	0.0195	0.1609	1.9726	2.3359	1.2643
2	-0.0795	-0.2951	0.0258	0.0074	-0.3229	0.0576	-1.4714	0.6385	2.8810
0	0.1127	0.2679	0.2033	0.0257	0.1580	-0.0088	1.2143	0.1268	-2.9287
1	0.2954	-0.1332	0.3363	0.0124	-0.0089	0.2067	2.2268	1.9902	1.2634
2	-0.0781	-0.3035	0.0257	0.0427	-0.1495	0.0091	-1.4663	0.6041	3.0800
0	0.1137	0.2773	0.2032	0.0484	0.2783	0.0454	1.1724	0.2026	-3.0358
1	0.3055	-0.1347	0.3356	0.0169	-0.0638	0.2945	2.2470	1.9594	1.2711
2	-0.0788	-0.3114	0.0249	0.0476	-0.2390	-0.0436	-1.4290	0.3605	2.7408
0	0.1157	0.2909	0.2019	0.0794	0.3396	0.0410	1.1685	0.0912	-3.0693
1	0.3202	-0.1370	0.3334	0.0243	-0.0925	0.3721	2.3799	1.9352	1.2624
2	-0.0818	-0.3242	0.0233	0.0887	-0.3251	-0.0522	-1.5018	0.1860	2.8857
0	0.1188	0.3066	0.2010	0.0432	0.3103	0.0753	1.3177	-0.1197	-3.1665
1	0.3349	-0.1405	0.3327	-0.0118	-0.0473	0.1837	2.3226	2.0219	1.2231
2	-0.0855	-0.3391	0.0211	0.0809	-0.3671	-0.0890	-1.4633	0.1846	2.9248
0	0.1201	0.3106	0.2020	0.0063	-0.0822	0.0098	1.2440	-0.2991	-3.6903
1	0.3341	-0.1408	0.3326	0.0112	-0.0212	-0.0651	2.5755	2.1942	1.2796
2	-0.0888	-0.3497	0.0204	0.0303	-0.0061	-0.0064	-1.4640	0.3719	3.1949
0	0.1213	0.3078	0.2017	0.0820	-0.0171	0.0253	1.2585	-0.3272	-3.5126
1	0.3324	-0.1422	0.3312	0.0693	-0.0560	-0.0170	2.8397	2.0333	1.3267
2	-0.0893	-0.3466	0.0194	0.0833	0.0330	-0.0247	-1.5721	0.1736	3.4540
0	0.1231	0.3057	0.1996	0.0683	-0.0493	0.0510	1.1995	-0.0418	-3.2594
1	0.3295	-0.1444	0.3290	0.0294	-0.0955	-0.0755	2.5562	1.9922	1.2436
2	-0.0904	-0.3455	0.0159	0.1016	0.0308	-0.0184	-1.4826	0.0217	3.2075
0	0.1261	0.3008	0.1979	0.0941	-0.1426	0.0488	1.3407	-0.3232	-3.2574
1	0.3235	-0.1473	0.3273	0.0503	-0.0661	-0.1269	2.6000	1.8777	1.3023
2	-0.0927	-0.3421	0.0129	0.1198	0.1218	-0.0387	-1.4871	0.1679	3.1647
