0	0.0000	0.0000	0.0000	0.0000	0.0000	0.0000	0.0000	0.0000	0.0000
0	0.0000	0.0000	0.0000	0.0000	0.0000	0.0000	0.0000	0.0000	0.0000
0	0.0000	0.0000	0.0000	0.0000	0.0000	0.0000	0.0000	0.0000	0.0000
0	-0.0644	-0.0337	0.0350	0.0086	0.0030	-0.0157	-0.5356	0.1340	-0.0876
1	-0.0114	0.0339	0.0474	0.0408	-0.0179	-0.0064	-0.3124	0.0205	-0.3673
2	0.0363	-0.0495	-0.0590	0.0447	0.0000	0.0401	0.3088	0.0764	0.0079
0	-0.0665	-0.0338	0.0333	0.0397	0.0238	-0.0746	-0.4118	-0.0740	0.2696
1	-0.0106	0.0381	0.0427	0.0602	0.0133	0.0653	-0.1407	-0.1789	-0.3532
2	0.0389	-0.0516	-0.0607	-0.0658	-0.1104	0.0204	0.5253	-0.0132	-0.3743
0	-0.0687	-0.0310	0.0348	-0.0941	0.0704	-0.0308	-0.5028	0.2040	0.0925
1	-0.0073	0.0398	0.0446	-0.0403	0.0456	0.0355	-0.3942	0.0348	-0.4531
2	0.0396	-0.0539	-0.0580	-0.0528	-0.0058	0.0071	0.4286	0.4011	-0.0634
0	-0.0696	-0.0305	0.0373	-0.0228	-0.0429	-0.0169	-0.3714	0.0932	-0.3737
1	-0.0084	0.0407	0.0455	0.0112	0.0100	-0.0508	-0.2623	0.2555	-0.2384
2	0.0406	-0.0523	-0.0577	-0.0384	0.0071	0.0267	0.2944	0.0800	0.0395
0	-0.0708	-0.0319	0.0387	-0.0680	0.0531	-0.0135	-0.6469	0.2827	0.2955
1	-0.0078	0.0416	0.0470	-0.0454	0.0172	0.0998	-0.0517	-0.0553	-0.4947
2	0.0405	-0.0549	-0.0558	-0.0615	-0.0659	-0.0093	0.5364	-0.0002	-0.0058
0	-0.0715	-0.0290	0.0416	-0.0427	-0.0075	-0.0395	-0.3472	-0.4938	-0.5473
1	-0.0063	0.0425	0.0484	0.0468	0.0442	-0.0438	0.1217	0.0371	-0.3734
2	0.0430	-0.0547	-0.0554	0.0177	0.0089	0.0980	0.1910	-0.1686	0.4129
0	-0.0756	-0.0299	0.0417	0.0020	-0.0217	-0.1170	-0.5684	-0.0467	0.0407
1	-0.0077	0.0496	0.0432	0.0852	0.0823	-0.0513	0.0651	-0.0132	-0.4019
2	0.0484	-0.0535	-0.0557	-0.0025	0.0787	0.1466	0.4861	0.0332	0.0473
0	-0.0819	-0.0336	0.0417	0.0332	-0.1643	-0.1642	-0.7921	0.1128	-0.2239
1	-0.0133	0.0600	0.0356	0.1396	0.0827	-0.1907	-0.4659	0.1358	-0.5950
2	0.0557	-0.0474	-0.0565	0.0330	0.1676	0.1461	0.7052	0.6522	-0.1412
0	-0.0885	-0.0417	0.0406	-0.0450	-0.1801	-0.0856	-0.8758	1.1339	0.9153
1	-0.0225	0.0697	0.0294	-0.0481	0.1236	-0.1625	-1.0587	0.2406	-0.8108
2	0.0600	-0.0400	-0.0532	-0.1788	0.1219	0.0775	0.9423	0.8894	-0.7557
0	-0.0912	-0.0493	0.0467	-0.1702	-0.1103	-0.0505	-0.5760	1.1063	0.0034
1	-0.0292	0.0728	0.0338	-0.0671	0.0777	-0.1444	-1.0526	0.6419	-0.4107
2	0.0614	-0.0337	-0.0473	-0.0847	0.2916	-0.0252	0.3870	1.7303	-0.0210
0	-0.0899	-0.0622	0.0506	-0.0478	-0.6872	0.1103	-0.6914	2.1154	-1.1294
1	-0.0490	0.0701	0.0368	-0.1027	-0.1295	-0.9596	-2.0867	1.8979	-0.2309
2	0.0577	0.0007	-0.0471	-0.0352	1.1191	-0.1959	0.4368	3.5470	0.2521
0	-0.0786	-0.1066	0.0512	-0.0698	-0.9909	0.4076	-0.7170	3.3367	0.3490
1	-0.0983	0.0499	0.0498	-0.3255	-0.3515	-0.8919	-1.9949	2.1579	-0.3123
2	0.0426	0.0427	-0.0501	0.0754	0.9231	-0.4908	0.4127	3.3980	0.0773
0	-0.0556	-0.1481	0.0454	0.3399	-1.5224	0.6742	-0.7890	4.1208	-4.0350
1	-0.1482	0.0172	0.0618	-0.1121	-0.9263	-2.2082	-2.8820	4.1741	0.2276
2	0.0209	0.1277	-0.0758	0.6118	3.0723	-0.9622	-0.1211	6.9171	2.4446
0	-0.0143	-0.2586	0.0123	0.5999	-3.0090	1.4423	-0.8093	3.5417	0.7199
1	-0.2799	-0.0812	0.1040	-0.6515	-1.5199	-2.4165	-2.3812	2.8501	-0.0970
2	-0.0233	0.2585	-0.1227	0.4460	2.0463	-1.4517	0.8352	1.8446	-0.4958
0	0.0430	-0.3577	-0.0307	0.5287	-1.8382	1.5640	0.1991	-1.6998	2.3115
1	-0.3574	-0.2393	0.2049	-0.5620	-1.4286	-1.6141	-0.2220	-2.4134	0.0223
2	-0.0637	0.3423	-0.1678	0.5250	1.6413	-1.2913	-0.1207	-3.3116	-2.2853
0	0.0943	-0.4407	-0.0805	0.5606	-1.5807	1.3014	0.4121	-3.5108	3.3188
1	-0.4133	-0.4116	0.3206	-0.4125	-1.3093	-1.8596	-0.6233	-4.2189	0.2614
2	-0.0936	0.4325	-0.2126	0.3488	2.2452	-0.9948	-0.0248	-3.4162	-2.9610
0	0.1316	-0.5345	-0.1219	0.3514	-2.0585	1.1614	0.5762	-4.1708	4.8051
1	-0.4867	-0.7073	0.5704	-0.4556	-1.0205	-1.7661	-0.0592	-6.1121	0.3820
2	-0.1194	0.5419	-0.2540	0.2811	1.4350	-0.7556	-0.2618	-6.7997	-4.3537
0	0.1623	-0.6226	-0.1614	0.3448	-1.1473	0.7319	1.2025	-6.9319	5.9644
1	-0.5197	-0.9874	0.8172	-0.0908	-0.6339	-0.7354	1.2403	-8.5350	0.6292
2	-0.1258	0.5922	-0.2786	0.2620	0.2825	-0.2633	-0.7750	-9.3267	-5.6309
0	0.1683	-0.6545	-0.1847	0.2570	0.3060	0.0778	1.4568	-6.7494	7.7359
1	-0.5237	-1.0167	0.8299	0.1781	-0.1094	0.8285	1.1654	-9.9576	0.7344
2	-0.1209	0.5779	-0.2866	0.1583	-1.3425	0.0057	-0.4151	-8.7832	-6.7812
0	0.1594	-0.6125	-0.1899	0.1522	1.7385	-0.1756	0.6464	-4.7383	7.3080
1	-0.4899	-0.7744	0.5825	0.2850	0.1718	1.9100	-0.2530	-8.7200	0.3920
2	-0.1119	0.4978	-0.2841	-0.1233	-1.9707	0.3097	0.1058	-6.4342	-6.3184
0	0.1445	-0.5303	-0.1788	-0.3777	1.8138	-0.5486	1.1962	-5.3530	6.4732
1	-0.4312	-0.5572	0.3812	0.1022	0.8357	1.5447	-1.3829	-7.1631	0.0711
2	-0.1016	0.4192	-0.2544	-0.3964	-1.6427	0.6867	0.1218	-4.9289	-4.9282
0	0.1216	-0.4501	-0.1454	-0.3138	1.7935	-0.7455	-0.0101	-2.9882	3.5205
1	-0.3683	-0.4017	0.2591	0.1986	0.7863	1.9967	0.1285	-5.0514	0.3488
2	-0.0847	0.3302	-0.2267	-0.3035	-2.5394	0.5570	0.0285	-4.2759	-2.8444
0	0.0959	-0.3461	-0.1202	-0.4692	2.8512	-0.7663	0.3243	-2.7560	3.9184
1	-0.2631	-0.2679	0.1568	-0.0034	1.1493	2.8046	0.5827	-3.8731	-0.1759
2	-0.0694	0.1998	-0.1904	-0.8704	-3.1923	0.8271	0.5768	-3.7383	-2.5130
0	0.0634	-0.2074	-0.0776	-0.7948	3.5014	-0.8720	-1.8077	0.7188	0.2341
1	-0.1218	-0.1669	0.1032	-0.3486	1.1259	3.5266	0.3722	-0.8365	-0.3272
2	-0.0570	0.0431	-0.1462	-1.1082	-3.6644	0.2714	0.6961	-0.6168	0.0563
0	0.0416	-0.0450	-0.0257	-1.4126	3.3323	-0.6149	0.1850	-3.6311	-1.1659
1	0.0202	-0.1187	0.1122	-0.5224	1.7332	2.8828	1.2653	0.7549	-0.5883
2	-0.0394	-0.1060	-0.0775	-1.6672	-2.3490	1.0552	0.7595	-0.6264	2.6760
0	-0.0078	0.0628	0.0434	-1.6065	1.4230	-1.1875	-1.0563	-0.7961	-5.5953
1	0.1101	-0.0382	0.1296	-0.2029	1.7174	1.2112	1.2465	3.4131	-0.1787
2	0.0092	-0.1884	-0.0117	-0.9639	-1.6619	0.8833	-0.3202	1.5870	4.9967
0	-0.0646	0.1369	0.0942	-0.9447	2.0078	-0.9223	-0.5689	0.2608	-2.2922
1	0.1905	0.0277	0.1376	-0.0005	1.5597	1.8642	2.3115	2.4258	-0.1013
2	0.0516	-0.2782	0.0279	-1.1665	-1.8978	1.1351	0.5796	0.2117	3.0312
0	-0.1225	0.2141	0.1335	-1.4458	1.6308	-1.1889	-1.8376	1.2877	-2.6491
1	0.2635	0.0995	0.1511	-0.2675	1.6388	1.7562	0.9373	3.2156	-1.5923
2	0.1068	-0.3667	0.0794	-0.9675	-2.2878	0.6407	1.3564	2.2248	3.9644
0	-0.1756	0.2979	0.1733	-0.8686	2.1544	-0.7244	-1.2883	1.8312	-5.9991
1	0.3473	0.1455	0.1721	0.0066	1.0444	1.5942	1.5983	5.2017	-0.4538
2	0.1425	-0.4511	0.1042	-0.4394	-1.0901	0.4949	0.1678	4.7061	6.6566
0	-0.2147	0.3648	0.1902	-0.3146	0.9811	-0.3124	-2.1848	5.3485	-7.0755
1	0.3958	0.1703	0.1801	-0.0436	0.1470	1.0262	0.8789	7.1429	-0.4595
2	0.1487	-0.4963	0.1094	-0.1013	-0.9907	-0.2102	0.5889	5.7234	6.4035
0	-0.2162	0.4103	0.1958	-0.0544	0.7796	0.2824	-1.5154	4.0708	-6.6450
1	0.4334	0.1600	0.1950	-0.2429	-0.3042	0.5320	0.8526	7.1691	-0.7854
2	0.1297	-0.5231	0.1125	0.1766	-0.0392	-0.5992	0.5264	5.6693	6.7070
0	-0.1931	0.4231	0.1992	0.3915	-0.0672	0.6645	-1.6032	3.4880	-8.4513
1	0.4372	0.1253	0.2050	-0.0752	-1.0113	-0.2090	1.6794	7.3466	-0.4608
2	0.0914	-0.5145	0.0995	0.6917	0.4879	-0.8464	0.0778	4.5570	7.5757
0	-0.1444	0.4091	0.1849	0.8272	-0.6913	0.9068	-1.2977	2.1775	-7.7063
1	0.4138	0.0709	0.2023	0.0131	-1.3495	-0.8386	2.5642	6.6630	-0.5847
2	0.0426	-0.4796	0.0742	0.9736	1.3399	-0.9802	0.1253	3.5916	7.4704
0	-0.0865	0.3622	0.1608	1.2732	-1.8395	1.0698	-1.3307	0.7954	-8.9597
1	0.3518	0.0098	0.1911	0.2815	-1.8745	-2.3640	2.4975	6.5498	-0.1128
2	-0.0155	-0.3863	0.0273	1.5652	3.2144	-1.0786	-0.2726	3.8614	8.6097
0	-0.0134	0.2371	0.1102	1.7946	-3.6632	1.2334	-1.2851	-1.2668	-6.7393
1	0.1977	-0.0791	0.1715	0.4091	-2.1058	-3.7850	2.8602	5.2439	-0.3090
2	-0.0715	-0.2031	-0.0498	1.5404	4.0701	-0.9312	0.4985	0.5067	6.2642
0	0.0550	0.0473	0.0414	1.5288	-4.2599	1.0243	-0.0943	-3.8503	-2.8296
1	0.0224	-0.1623	0.1716	0.5456	-1.7110	-4.2251	2.9838	1.7250	-0.6335
2	-0.0935	-0.0127	-0.1181	1.5212	4.3893	-0.5284	0.5837	-2.0309	3.4164
0	0.0871	-0.1440	-0.0264	1.5514	-4.3218	0.9194	-0.7821	-1.3874	-0.3990
1	-0.1745	-0.2598	0.1898	0.4374	-1.8750	-3.9339	1.7939	0.3696	-0.2309
2	-0.1025	0.1783	-0.1904	1.4690	3.6314	-0.9100	0.5781	-2.2673	1.3121
0	0.1165	-0.3198	-0.1026	1.4458	-3.1627	1.0844	0.1827	-4.3193	3.1800
1	-0.3135	-0.3895	0.2477	0.3146	-1.6239	-2.9072	2.0151	-2.9035	0.0931
2	-0.1065	0.3302	-0.2585	1.1154	2.8412	-0.5118	0.3999	-5.7028	-2.2304
0	0.1279	-0.4618	-0.1661	1.0438	-2.6971	0.5277	0.3344	-5.2159	4.8160
1	-0.4288	-0.5378	0.3457	0.3031	-1.0403	-2.2665	0.6492	-6.1316	-0.1463
2	-0.0951	0.4562	-0.3040	0.7794	1.9713	-0.4627	0.4338	-6.1159	-4.4494
0	0.1304	-0.5639	-0.2121	0.7415	-1.2765	0.5639	0.4052	-3.8292	6.4570
1	-0.4903	-0.6835	0.4538	0.2144	-0.8446	-0.6688	0.7476	-7.3334	0.2360
2	-0.0885	0.5119	-0.3389	0.5228	0.2102	-0.2531	0.2952	-7.1835	-5.7112
0	0.1276	-0.5930	-0.2441	0.3386	0.2149	0.1026	0.5361	-5.0258	8.0073
1	-0.4962	-0.6756	0.4235	0.0091	-0.1727	0.6101	-0.0416	-8.5573	-0.2383
2	-0.0850	0.5045	-0.3495	-0.1100	-0.8594	-0.1405	0.7845	-7.0899	-6.8910
0	0.1282	-0.5675	-0.2467	-0.2314	1.1866	-0.0360	0.7121	-5.4005	7.2028
1	-0.4585	-0.5907	0.3396	-0.1407	0.3502	1.5288	-0.2022	-8.4900	-0.1076
2	-0.0912	0.4441	-0.3358	-0.5444	-1.8773	0.1727	0.4059	-6.9972	-6.2195
0	0.1281	-0.4902	-0.2226	-0.6687	2.0235	-0.3701	0.6105	-4.9017	6.3951
1	-0.3842	-0.4654	0.2374	-0.2809	0.8498	2.2012	-0.1859	-7.2394	-0.0718
2	-0.0970	0.3498	-0.3006	-0.8979	-2.4259	0.3863	0.4472	-5.3650	-4.7093
0	0.1222	-0.3809	-0.1767	-1.0249	2.5194	-0.5565	0.5229	-3.3812	4.2330
1	-0.2720	-0.3467	0.1645	-0.3995	1.1666	2.6605	-0.1921	-4.9943	0.1719
2	-0.1000	0.2179	-0.2461	-1.0775	-3.1641	0.4350	0.0483	-4.0441	-2.9068
0	0.1099	-0.2507	-0.1237	-1.0828	3.3228	-0.5444	-0.2841	-1.8747	2.3745
1	-0.1369	-0.2578	0.1227	-0.4743	1.2137	3.4932	0.7509	-2.7358	0.2485
2	-0.1007	0.0584	-0.1922	-1.2964	-3.8136	0.2670	0.4202	-2.6253	-0.9585
0	0.0906	-0.0657	-0.0596	-1.4129	3.9534	-0.4871	-0.2162	-0.7969	0.6235
1	0.0331	-0.1915	0.1102	-0.6992	1.1946	3.6683	0.7946	-0.4697	0.0154
2	-0.0992	-0.1137	-0.1319	-1.2786	-3.2537	0.3666	0.1093	-1.0247	1.8611
0	0.0646	0.0873	-0.0034	-1.2700	2.6722	-0.7076	-0.5982	-3.1185	-3.7905
1	0.1797	-0.1290	0.1150	-0.5314	1.4047	2.3988	1.8446	1.9357	-0.6656
2	-0.0763	-0.2398	-0.0733	-1.4578	-2.2057	0.4744	0.7768	0.2752	3.9490
0	0.0240	0.1940	0.0548	-1.6233	1.5839	-0.5315	-0.2829	-1.7645	-4.7368
1	0.2608	-0.0788	0.1433	-0.6471	1.6426	1.1021	2.1577	3.0033	-0.6133
2	-0.0390	-0.3186	-0.0024	-1.4767	-1.1878	0.8573	-0.2009	0.3684	4.9261
0	-0.0302	0.2558	0.1170	-1.3795	1.1782	-0.8566	0.1176	-0.2532	-5.2756
1	0.3138	-0.0113	0.1663	-0.1371	1.5243	0.8687	3.2972	3.3224	0.6694
2	0.0133	-0.3749	0.0468	-0.9607	-0.7104	1.1203	-1.0476	0.6015	5.6124
0	-0.0937	0.2940	0.1526	-1.0047	0.5528	-1.1467	-0.4377	0.5294	-4.7452
1	0.3420	0.0580	0.1656	0.1216	1.4998	0.6598	2.7033	3.7998	-0.0072
2	0.0699	-0.4107	0.0731	-0.8040	-1.1239	1.1637	0.0345	0.8129	4.6426
0	-0.1543	0.3314	0.1723	-0.7976	1.0345	-1.1516	-1.1272	1.6595	-5.3876
1	0.3860	0.1246	0.1596	0.2181	1.1100	0.8762	2.2089	4.4728	-0.4326
2	0.1183	-0.4562	0.0884	-0.5050	-0.9522	0.7504	0.3514	2.8102	5.2152
0	-0.1978	0.3711	0.1828	-0.4251	0.9549	-0.4791	-1.6000	3.5811	-5.5278
1	0.4271	0.1575	0.1621	0.0267	0.4345	1.0709	1.7787	5.6726	-0.5091
2	0.1390	-0.5017	0.0962	-0.2622	-0.9894	0.1826	0.6705	3.8843	5.6716
0	-0.2145	0.4118	0.1888	-0.2087	0.4946	-0.1298	-1.5092	3.0405	-8.4344
1	0.4534	0.1662	0.1678	-0.0397	-0.0789	-0.1167	1.6628	7.5417	-0.4684
2	0.1389	-0.5132	0.0967	0.2327	0.3751	-0.3137	-0.2556	6.0683	8.5424
0	-0.2006	0.4053	0.1854	0.5737	-0.3628	0.6132	-1.5857	4.6709	-9.1067
1	0.4374	0.1386	0.1644	0.0994	-1.1462	-0.5425	2.7847	8.2128	0.3030
2	0.1035	-0.4924	0.0761	0.8690	0.9787	-0.7732	-0.4445	5.2586	8.6144
0	-0.1540	0.3750	0.1634	1.0464	-1.6671	0.8508	-1.2130	2.0073	-9.1282
1	0.3803	0.0867	0.1478	0.1799	-1.5727	-2.1994	1.9682	7.7286	-0.2871
2	0.0551	-0.4096	0.0378	1.1507	2.5509	-1.0142	0.0993	5.1686	8.0666
0	-0.0929	0.2827	0.1300	1.3371	-2.5398	1.2988	-1.1449	2.5989	-6.1626
1	0.2754	0.0149	0.1325	0.1517	-2.0425	-2.5500	2.0174	5.9827	-0.0752
2	-0.0047	-0.2923	-0.0144	1.4231	3.0199	-1.1629	0.0542	2.7162	6.0314
0	-0.0201	0.1609	0.0810	1.4486	-3.2650	1.2726	-0.7595	0.4789	-4.1516
1	0.1430	-0.0688	0.1244	-0.0090	-1.9482	-3.2628	0.8450	4.1405	-0.8988
2	-0.0621	-0.1335	-0.0759	0.8608	3.2336	-1.5122	1.7229	2.1585	2.5941
0	0.0599	0.0044	0.0328	0.8875	-2.8688	1.7398	-0.2718	-0.4699	-0.7615
1	0.0054	-0.1915	0.1710	-0.3164	-1.8187	-2.7541	0.8823	1.5155	-0.7031
2	-0.1175	0.0041	-0.1225	0.9616	3.0346	-1.1246	0.4625	-0.9026	1.6610
0	0.1194	-0.1240	-0.0124	1.1604	-3.1683	1.0252	0.9307	-4.5185	-2.1032
1	-0.1095	-0.2877	0.2112	0.3944	-1.4548	-3.1442	2.1498	-0.5627	0.5247
2	-0.1327	0.1510	-0.1791	1.2770	3.1210	-0.2577	-1.1899	-4.0957	2.0033
0	0.1350	-0.2697	-0.0734	1.3607	-2.7013	0.3560	0.1262	-2.5731	1.3208
1	-0.2457	-0.3630	0.2277	0.8281	-1.3890	-2.1368	2.4789	-2.4107	0.6293
2	-0.1177	0.2790	-0.2453	1.4922	2.0111	-0.4182	-0.2799	-3.8241	-0.7381
0	0.1314	-0.3829	-0.1485	1.4472	-2.0209	0.5031	0.0854	-3.5837	2.9573
1	-0.3390	-0.4220	0.2255	0.7190	-1.2391	-1.9850	0.5815	-3.6588	0.3024
2	-0.0991	0.3768	-0.3017	0.9003	2.0071	-0.1814	0.6009	-3.9191	-3.1165
0	0.1252	-0.4816	-0.1977	0.5474	-1.9504	0.1570	1.2442	-4.6478	5.9455
1	-0.4304	-0.5092	0.2817	0.3926	-0.4161	-1.7924	-0.4005	-5.8680	-0.1351
2	-0.0790	0.4712	-0.3220	0.5937	1.7342	0.1808	-0.0314	-5.2847	-4.2058
0	0.1106	-0.5698	-0.2220	0.6543	-1.3953	0.1016	-0.2303	-2.3710	5.4371
1	-0.5044	-0.6020	0.3546	0.2362	-0.5615	-1.0130	-0.4334	-6.2004	0.4212
2	-0.0617	0.5370	-0.3422	0.2543	0.7311	-0.2219	0.7301	-5.0432	-5.6548
0	0.1083	-0.6164	-0.2426	0.0478	-0.3553	0.1489	0.6603	-6.0468	8.2583
1	-0.5268	-0.6794	0.4201	-0.0471	-0.0453	-0.0189	-0.1337	-9.1833	-0.3952
2	-0.0613	0.5493	-0.3422	-0.1828	-0.5162	0.1459	0.7134	-8.9527	-7.3046
0	0.1068	-0.6048	-0.2336	-0.3910	1.1462	-0.3951	0.6426	-6.9712	8.6140
1	-0.5028	-0.5882	0.3429	-0.0259	0.7572	1.5708	0.9105	-10.3711	-0.4712
2	-0.0596	0.4930	-0.3137	-0.7138	-2.1060	0.5616	0.9546	-9.0553	-6.8300
0	0.0975	-0.5221	-0.1932	-0.9482	2.4596	-0.7012	-0.2333	-5.0450	7.1264
1	-0.4237	-0.4149	0.2104	-0.3593	1.2767	2.6494	0.5143	-8.2190	-0.7814
2	-0.0633	0.3818	-0.2623	-1.2940	-2.9968	0.5637	1.4743	-6.7802	-5.3818
0	0.0902	-0.3934	-0.1295	-1.3923	3.0740	-0.7814	-0.2516	-5.0178	3.4750
1	-0.2913	-0.2836	0.1443	-0.4213	1.5532	3.0323	0.8709	-5.0312	-0.3948
2	-0.0654	0.2303	-0.1912	-1.3983	-3.2292	0.5864	0.8080	-3.7253	-1.2101
0	0.0744	-0.2379	-0.0530	-1.8734	3.1442	-0.4054	-1.3757	-0.9821	3.6202
1	-0.1519	-0.2129	0.1470	-1.3218	1.9061	2.6205	-0.6051	-1.8441	-1.3042
2	-0.0738	0.0997	-0.0979	-2.4147	-1.8615	0.8784	2.2581	-0.6266	-1.4009
0	0.0580	-0.1348	0.0503	-1.9745	0.9983	-0.8525	-1.1903	-0.1807	-5.3506
1	-0.0716	-0.1599	0.2048	-0.6573	1.5732	1.4158	-0.3296	1.4990	0.2889
2	-0.0597	0.0219	-0.0133	-1.1346	-2.4549	0.4548	-1.2635	0.2420	3.0458
0	0.0328	-0.0361	0.1140	-1.0879	3.3053	-0.5740	0.7612	-0.3384	0.7636
1	0.0507	-0.1100	0.2169	-0.5259	1.6429	3.1635	2.6634	0.7638	0.8704
2	-0.0421	-0.1295	0.0501	-1.8089	-2.6243	1.1263	0.3731	-1.5038	1.6912
0	-0.0197	0.0927	0.1870	-2.0784	2.0078	-1.5315	-0.5333	-2.1198	-3.7790
1	0.1551	-0.0216	0.2345	-0.3473	2.4989	2.1553	1.3669	3.1743	-1.3813
2	0.0188	-0.2423	0.1327	-1.6973	-3.0023	1.1624	1.0447	0.8407	4.4349
0	-0.0926	0.1976	0.2559	-1.6944	3.2946	-1.1396	-1.8216	1.3705	-4.4600
1	0.2814	0.0601	0.2603	-0.3137	2.1226	2.9328	3.2783	4.2644	-0.7917
2	0.0776	-0.3781	0.1957	-1.6335	-2.4599	1.4596	1.0410	0.9056	6.0481
0	-0.1797	0.3215	0.3127	-1.5980	2.0302	-1.6890	-1.6533	-0.4702	-6.8072
1	0.3819	0.1520	0.2780	0.1073	2.1459	1.9815	2.9762	4.8860	-1.0392
2	0.1570	-0.4729	0.2381	-1.0449	-2.0381	1.4345	0.5735	1.7838	7.0620
0	-0.2638	0.4052	0.3371	-0.8469	1.7372	-1.2991	-2.2600	2.7427	-7.9329
1	0.4681	0.2317	0.2840	0.1852	1.0383	1.6074	2.4165	6.2717	-0.5087
2	0.2090	-0.5570	0.2514	-0.4555	-1.5534	0.3878	1.2719	5.4574	7.2192
0	-0.3036	0.4724	0.3453	-0.4302	1.1131	-0.2517	-3.1099	4.2877	-8.6212
1	0.5201	0.2532	0.2980	-0.1264	0.1782	0.3717	1.1935	8.2429	-1.6355
2	0.2149	-0.5802	0.2576	0.0322	0.4192	-0.1730	1.5557	7.3981	8.8196
0	-0.3035	0.4771	0.3504	0.3673	-0.7503	0.4389	-3.4578	4.7616	-11.6344
1	0.5003	0.2368	0.2950	-0.0789	-1.0432	-0.8102	2.1582	9.5660	-1.3950
2	0.1794	-0.5469	0.2429	0.7434	0.8502	-1.1276	1.3925	5.9805	9.5672
0	-0.2444	0.4426	0.3384	0.9908	-0.7938	1.3123	-2.9655	2.3479	-8.5397
1	0.4654	0.1712	0.2934	-0.1048	-1.7325	-0.9373	3.7445	7.4873	-1.7412
2	0.1134	-0.5049	0.2169	1.0725	1.5780	-1.1883	1.5026	3.4436	8.4663
0	-0.1719	0.3888	0.3148	1.3265	-1.9603	1.2609	-2.0693	1.0722	-8.9170
1	0.3957	0.0949	0.2789	0.1438	-2.0284	-2.0675	3.2185	6.6604	-1.2479
2	0.0446	-0.4159	0.1708	1.5133	2.4558	-1.4452	0.6451	3.0576	8.1958
0	-0.0949	0.3038	0.2766	1.7340	-2.6931	1.5953	-1.7584	0.1844	-8.1664
1	0.2875	0.0035	0.2605	0.3207	-2.5426	-3.4913	3.0836	6.2120	-0.5557
2	-0.0288	-0.2678	0.1002	1.9668	4.3120	-1.4255	0.3147	2.8918	8.5462
0	-0.0000	0.1342	0.2046	2.2889	-4.5497	1.7100	-1.6196	-1.6688	-6.3385
1	0.1036	-0.1073	0.2434	0.5149	-2.9333	-4.3221	3.4813	4.5458	-0.2539
2	-0.0900	-0.0631	-0.0024	2.1685	4.2578	-1.4685	0.8878	-1.3252	5.8448
0	0.0806	-0.0666	0.1031	2.2101	-4.3254	1.4271	-0.6590	-5.0631	-2.0165
1	-0.0986	-0.2397	0.2475	0.7989	-2.4564	-4.6096	3.0962	0.6799	-0.9156
2	-0.1132	0.1466	-0.1054	2.0482	5.2943	-0.7941	1.1048	-2.8605	3.2374
0	0.1145	-0.2922	0.0044	1.9329	-5.6888	1.0624	-0.6258	-4.6021	0.6070
1	-0.3232	-0.3984	0.3186	0.5685	-2.1315	-5.3606	1.2325	-0.8008	-0.7633
2	-0.1023	0.4131	-0.1995	1.6497	4.5516	-1.0309	1.4776	-4.1971	0.1209
0	0.1313	-0.5420	-0.0974	1.6517	-3.4379	1.2990	-0.3141	-3.9988	5.9590
1	-0.4868	-0.7141	0.5487	0.3581	-2.0432	-2.8476	2.4774	-4.6413	-0.3992
2	-0.0897	0.5760	-0.2828	1.3563	2.4711	-0.9550	1.0572	-7.6690	-4.0459
0	0.1347	-0.6661	-0.1742	1.2342	-2.1624	0.8867	0.6642	-6.8494	7.7616
1	-0.5605	-1.0945	0.8651	0.3363	-1.1797	-1.7787	0.6529	-8.6150	-0.4737
2	-0.0711	0.6776	-0.3330	0.7491	1.6570	-0.3321	0.9272	-8.4543	-6.6979
0	0.1269	-0.7543	-0.2194	0.6569	-1.4103	0.3310	0.4322	-5.9771	8.1671
1	-0.5931	-1.5104	1.2480	0.2764	-0.6634	-1.0227	-0.5518	-9.6231	-0.2796
2	-0.0544	0.7384	-0.3554	0.4939	0.7478	-0.2446	0.6357	-7.5819	-7.2679
0	0.1169	-0.8046	-0.2472	0.3845	-0.2905	0.2024	0.3090	-6.0946	9.3414
1	-0.6016	4.5776	1.4228	0.0669	-0.2636	0.1916	-0.6521	-10.4531	-0.1861
2	-0.0463	0.7500	-0.3668	-0.0296	-0.4834	-0.1021	0.9270	-8.4115	-8.4528
0	0.1156	-0.7975	-0.2531	-0.2195	0.7739	-0.0637	0.7713	-7.0239	9.5025
1	-0.5991	-1.5049	1.2249	-0.1187	0.2956	0.9750	-0.7384	-11.0496	-0.2548
2	-0.0520	0.7154	-0.3557	-0.4187	-1.1765	0.1451	0.6187	-8.5370	-8.1840
0	0.1201	-0.7493	-0.2343	-0.5128	1.5394	-0.3076	0.6748	-6.3621	8.0266
1	-0.5797	-1.1610	0.8987	-0.1772	0.6576	1.7874	-0.2551	-10.0662	0.2291
2	-0.0629	0.6377	-0.3275	-0.7487	-2.2378	0.3317	0.4072	-8.0399	-6.9473
0	0.1240	-0.6582	-0.1976	-0.9615	2.4910	-0.5539	0.6776	-6.0483	7.4799
1	-0.5048	-0.7228	0.4991	-0.3276	1.1664	2.6691	-0.0083	-8.5565	0.0138
2	-0.0773	0.5198	-0.2812	-1.0773	-3.0972	0.4400	0.4348	-6.9049	-5.4466
0	0.1254	-0.5285	-0.1429	-1.1537	3.2836	-0.5570	-0.2116	-3.8432	5.4743
1	-0.3804	-0.4737	0.2968	-0.6030	1.3095	3.4590	0.2162	-6.4731	-0.0317
2	-0.0945	0.3672	-0.2242	-1.5581	-3.4137	0.5832	1.0101	-5.2730	-3.6092
0	0.1224	-0.3712	-0.0708	-1.7627	2.9935	-0.9810	0.2308	-6.5627	2.3525
1	-0.2449	-0.3328	0.2277	-0.4862	2.1246	2.2260	-0.0175	-3.7557	-0.7877
2	-0.0893	0.2403	-0.1363	-1.6165	-1.9767	1.3612	0.4362	-3.4531	-0.3804
0	0.0839	-0.2553	0.0263	-1.4705	2.2462	-1.4585	-0.7369	-1.7344	-0.5213
1	-0.1527	-0.2135	0.1979	0.0487	1.9568	2.6124	1.6938	-1.3442	0.0280
2	-0.0546	0.1204	-0.0570	-1.2930	-2.6814	1.5232	0.7248	-2.1197	1.4142
0	0.0205	-0.1391	0.1010	-1.7876	1.8094	-2.0042	-0.3455	-2.5778	-0.4621
1	-0.0522	-0.0710	0.1649	-0.2055	2.8518	1.5685	0.0149	1.0397	-1.7027
2	0.0055	0.0237	0.0403	-1.9707	-2.3650	1.7599	1.8449	0.3514	1.0557
0	-0.0557	-0.0461	0.1946	-1.7880	3.4695	-1.6128	-2.0676	3.4747	-1.8866
1	0.0703	0.0292	0.1804	-0.2059	2.2599	4.0202	2.3168	2.7504	-0.4681
2	0.0561	-0.1424	0.1231	-1.6182	-4.3266	1.2180	0.9983	0.4514	3.8184
0	-0.1279	0.1307	0.2667	-1.8557	3.6387	-1.5566	-1.1154	-1.4927	-4.8705
1	0.2451	0.1140	0.2130	-0.3137	2.3859	3.4872	2.1995	4.5128	-1.0040
2	0.1222	-0.3229	0.2008	-1.6171	-4.0054	1.1716	1.1298	0.9256	5.7096
0	-0.2135	0.2985	0.3319	-1.5542	3.8533	-1.3210	-1.7124	-0.3342	-6.1214
1	0.4133	0.1923	0.2578	-0.0733	1.9968	3.0347	2.7666	5.1399	-0.9118
2	0.1840	-0.4685	0.2486	-1.2783	-2.2550	1.3132	0.8627	3.0312	8.0334
0	-0.2895	0.4071	0.3655	-0.9549	1.5956	-0.9638	-3.5048	4.0575	-10.6192
1	0.4998	0.2566	0.2795	0.0661	0.9015	1.5898	2.8839	8.2408	-0.6793
2	0.2251	-0.5466	0.2657	-0.1106	-1.8449	0.1723	0.5620	5.4540	9.7488
0	-0.3131	0.4858	0.3684	-0.0371	1.8301	-0.1615	-2.6346	2.9406	-7.7436
1	0.5719	0.2658	0.2953	0.0419	0.1200	1.0560	3.2763	7.8950	-1.5060
2	0.2269	-0.6111	0.2638	-0.1070	0.1489	-0.0506	1.7872	5.7357	8.9155
0	-0.3114	0.5056	0.3698	0.1997	-0.8137	0.4602	-3.9676	5.6449	-12.9360
1	0.5592	0.2517	0.2944	-0.0957	-1.0765	-0.9174	2.7044	10.7082	-1.5845
2	0.1961	-0.5778	0.2538	0.9432	0.9563	-1.1538	1.1708	7.3125	11.4796
0	-0.2540	0.4713	0.3572	1.2922	-0.8696	1.3600	-3.4043	2.7644	-9.5046
1	0.5203	0.1794	0.2850	0.0114	-1.9907	-1.0257	4.3490	8.3079	-1.7520
2	0.1161	-0.5288	0.2182	1.1807	1.5125	-1.3612	1.7993	3.4436	8.9919
0	-0.1659	0.4142	0.3301	1.2222	-1.9732	1.3424	-2.1469	0.0869	-8.0757
1	0.4513	0.0998	0.2729	-0.0154	-1.9211	-2.1048	3.7873	6.4488	-2.1978
2	0.0441	-0.4342	0.1789	1.3933	2.4877	-1.5074	1.1218	2.6530	8.2672
0	-0.0861	0.3263	0.2991	1.7076	-2.4553	1.6962	-1.7143	0.6095	-8.5025
1	0.3447	0.0038	0.2598	0.2839	-2.5379	-2.7065	4.0646	5.9945	-0.4885
2	-0.0325	-0.3181	0.1161	1.8412	3.2461	-1.4539	0.2645	1.3188	7.9857
0	0.0121	0.1891	0.2337	1.8980	-3.6696	1.5685	-1.0393	-2.4361	-5.4187
1	0.2035	-0.0971	0.2476	0.2979	-2.4316	-3.7790	3.3812	3.8160	-0.7260
2	-0.0950	-0.1459	0.0348	1.7953	4.0131	-1.3742	0.7894	-0.5836	5.7077
0	0.0900	0.0177	0.1591	2.0140	-3.5783	1.5118	-1.0837	-1.9461	-2.4328
1	0.0438	-0.2100	0.2527	0.5399	-2.6306	-3.2897	3.6001	1.6721	-0.4182
2	-0.1402	0.0227	-0.0606	2.0223	3.3656	-1.3810	0.5469	-2.4032	3.4775
0	0.1490	-0.1375	0.0657	2.0148	-3.3756	1.3198	0.4944	-5.6414	0.5652
1	-0.1093	-0.3422	0.2702	0.6534	-2.1911	-2.9946	2.4689	-1.8057	-0.2104
2	-0.1609	0.1973	-0.1631	1.6620	3.1302	-1.0450	0.4864	-4.4003	-0.1636
0	0.1836	-0.3027	-0.0292	1.6185	-2.9975	1.0730	0.8836	-5.5465	3.0867
1	-0.2359	-0.4701	0.3168	0.5917	-1.7310	-2.5919	1.7238	-4.3762	0.0838
2	-0.1601	0.3359	-0.2404	1.3916	2.0475	-0.7047	0.1774	-6.4187	-3.0464
0	0.1941	-0.4198	-0.1019	1.2735	-1.7309	0.6420	0.9099	-5.2344	6.0878
1	-0.3210	-0.5692	0.3576	0.4873	-0.9707	-1.4978	1.0461	-6.5803	0.0108
2	-0.1475	0.4231	-0.2883	0.6040	1.2349	-0.1324	0.3858	-7.0205	-5.3770
0	0.1911	-0.4965	-0.1434	0.5317	-0.8550	0.1765	0.7939	-4.0742	6.9108
1	-0.3672	-0.6227	0.3869	0.2862	-0.5461	-0.3672	0.2079	-7.8004	0.3160
2	-0.1384	0.4545	-0.3084	0.4453	-0.2109	-0.2636	-0.0311	-6.5880	-6.1779
0	0.1881	-0.5043	-0.1667	0.3352	0.7100	0.2067	0.8684	-4.0188	7.9120
1	-0.3578	-0.6016	0.3431	-0.0311	-0.2325	1.2100	-0.3054	-8.1986	0.5354
2	-0.1406	0.4187	-0.3221	-0.1178	-1.5810	-0.2027	0.1207	-6.5483	-6.9129
0	0.1915	-0.4500	-0.1704	-0.1917	1.7471	0.0027	1.2276	-4.8710	6.9020
1	-0.2960	-0.5254	0.2620	-0.1694	0.2781	1.8515	-0.7861	-7.7078	0.4160
2	-0.1483	0.3426	-0.3101	-0.5958	-1.9875	0.1046	-0.0076	-5.8208	-6.0263
0	0.1914	-0.3567	-0.1455	-0.8014	2.1524	-0.3045	1.1529	-4.2201	5.8588
1	-0.2155	-0.4472	0.2037	-0.4287	0.8691	2.2469	-0.6374	-6.5549	0.4068
2	-0.1558	0.2444	-0.2722	-0.9918	-2.4126	0.3040	-0.1265	-5.1069	-4.4343
0	0.1851	-0.2498	-0.0993	-1.1670	2.5741	-0.5168	0.8120	-4.0412	3.9561
1	-0.1110	-0.3666	0.1646	-0.5882	1.2614	2.7130	0.6025	-4.7265	0.3792
2	-0.1584	0.1175	-0.2139	-1.4443	-2.9577	0.4190	0.1989	-4.5787	-2.6417
0	0.1683	-0.1125	-0.0320	-1.5912	2.9721	-0.6681	0.3566	-5.0150	1.3238
1	0.0274	-0.2803	0.1464	-0.5953	1.8362	2.8552	2.3640	-3.2749	-0.2586
2	-0.1445	-0.0287	-0.1356	-1.8172	-3.0783	1.0620	0.7060	-5.7149	0.4686
0	0.1229	0.0264	0.0471	-2.2062	3.1067	-1.2509	-0.6307	-4.6885	1.5272
1	0.1619	-0.1800	0.1482	-1.0963	2.5867	3.3686	3.3928	-2.0757	-1.4852
2	-0.1032	-0.2002	-0.0241	-2.5610	-3.7523	0.6510	1.9605	-3.3762	1.2234
0	0.0590	0.1991	0.1579	-2.5333	3.6479	-0.6484	-0.9054	-3.0726	-4.1556
1	0.3260	-0.0998	0.1949	-1.3696	2.3542	3.6121	4.3845	1.3477	-0.1584
2	-0.0666	-0.3685	0.0767	-2.5603	-4.1510	0.8534	0.8584	-3.1603	5.2750
0	-0.0138	0.3725	0.2542	-2.8917	3.9503	-1.0069	-1.6859	-3.2881	-5.1713
1	0.4991	-0.0037	0.2529	-1.4567	2.8943	2.9039	5.5181	3.5915	-1.5820
2	0.0166	-0.5410	0.1927	-2.6968	-1.8717	1.3820	1.1574	0.4725	10.4424
0	-0.1248	0.4848	0.3471	-2.2154	1.5527	-1.2337	-2.9841	0.6055	-13.5089
1	0.5855	0.1057	0.3060	-0.5827	1.8165	2.1490	7.6796	8.3724	-0.0242
2	0.0948	-0.6419	0.2547	-1.3399	-2.8880	0.6413	-0.1760	1.4005	12.1464
0	-0.1968	0.5867	0.3871	-1.3444	2.9018	-0.7225	-1.6679	0.0808	-9.4630
1	0.7003	0.1654	0.3449	-0.4741	1.3955	2.3715	7.2229	7.4509	-0.7578
2	0.1426	-0.7534	0.2881	-1.2054	-1.9479	0.5154	0.5064	1.9272	10.6440
0	-0.2562	0.6871	0.4154	-1.0233	1.4254	-0.3615	-1.9800	1.6085	-12.7314
1	0.7705	0.2122	0.3785	-0.3853	0.6827	1.0998	5.7133	8.7688	-0.6482
2	0.1709	-0.8090	0.3101	-0.3993	-0.7914	-0.0479	-0.2175	4.4713	12.8503
0	-0.2725	0.7264	0.4306	-0.0449	0.6762	0.2259	-2.2491	2.2602	-13.9174
1	0.8023	0.2179	0.3959	-0.0982	-0.4020	0.5419	7.1963	9.8503	-0.3491
2	0.1550	-0.8326	0.3120	0.3819	-0.0673	-0.5242	-0.1317	3.4378	13.0871
0	-0.2486	0.7396	0.4326	0.6071	-0.0962	0.5944	-2.1880	0.6356	-12.9337
1	0.8073	0.1819	0.3950	0.1343	-1.1533	-0.1913	7.4999	8.6442	-0.9057
2	0.1098	-0.8242	0.2993	0.9125	0.4087	-0.8029	0.2552	2.0354	12.2430
0	-0.1983	0.7300	0.4251	1.0431	-0.5489	0.7332	-1.7783	-1.8662	-11.5183
1	0.7889	0.1279	0.3796	0.3741	-1.2752	-0.9677	7.8242	6.9759	-1.3558
2	0.0577	-0.7891	0.2746	1.0963	1.4316	-0.6465	0.5218	0.6162	11.3586
0	-0.1345	0.6750	0.4040	1.3439	-1.8188	0.7594	-1.6918	-1.2459	-12.0347
1	0.7250	0.0687	0.3505	0.6399	-1.7723	-1.8344	7.5767	6.8922	-0.7147
2	-0.0041	-0.7103	0.2322	1.8784	1.9046	-0.9254	-0.1991	0.6544	11.7173
0	-0.0541	0.5985	0.3641	2.1147	-1.9419	1.0045	-1.2085	-1.9062	-9.7256
1	0.6461	-0.0157	0.3092	0.9545	-2.2481	-2.1695	7.5247	5.9590	-0.1058
2	-0.0812	-0.6094	0.1641	2.1095	2.8600	-0.8280	-0.2246	-0.2612	10.1062
0	0.0248	0.5000	0.3114	2.1858	-3.3731	0.8537	-0.2707	-4.0708	-9.1590
1	0.5126	-0.1008	0.2671	1.1825	-2.2401	-3.9200	6.2010	4.9145	0.1321
2	-0.1401	-0.4363	0.0762	2.3869	4.1787	-0.6623	-0.6308	-0.8917	9.2507
0	0.1037	0.3204	0.2297	2.5709	-4.0446	0.8649	-0.7707	-2.9106	-5.3291
1	0.3328	-0.1892	0.2294	1.3446	-2.5408	-3.7436	5.8388	3.0540	0.4931
2	-0.1858	-0.2399	-0.0348	2.5859	4.3151	-0.7065	-0.1154	-2.0900	6.4168
0	0.1710	0.1097	0.1181	2.6783	-4.9130	0.7303	-0.0999	-5.8271	-4.4712
1	0.1322	-0.2827	0.2039	1.6745	-2.3030	-5.2063	3.7625	1.6449	0.4304
2	-0.1909	-0.0020	-0.1527	2.6916	5.0027	-0.0123	-0.4200	-4.5423	3.9958
0	0.1870	-0.1300	-0.0010	2.8313	-4.4285	0.3038	-1.2852	-3.1327	1.0891
1	-0.0851	-0.3579	0.1801	1.7899	-2.1412	-4.0521	3.6640	-2.1832	0.2977
2	-0.1554	0.2105	-0.2692	2.2881	3.3890	-0.0478	1.1937	-6.6505	-1.2434
0	0.1744	-0.3153	-0.1100	2.0025	-2.9619	0.1269	-0.1474	-4.1294	6.2900
1	-0.2491	-0.4129	0.1557	1.1330	-1.2630	-2.4348	1.7893	-5.5064	-0.8527
2	-0.1156	0.3479	-0.3393	1.2366	2.2045	-0.0043	1.5614	-6.2454	-4.8358
0	0.1554	-0.4386	-0.1733	1.0116	-1.8160	-0.0178	0.6063	-4.6835	6.1781
1	-0.3515	-0.4491	0.1507	0.7288	-0.5981	-1.1677	0.5941	-6.6336	-0.3053
2	-0.0825	0.4308	-0.3740	0.7922	0.7079	0.0587	0.4866	-6.1684	-5.1461
0	0.1348	-0.4923	-0.2075	0.7511	-0.4385	-0.0954	0.4862	-3.8294	5.5592
1	-0.3935	-0.4310	0.1069	0.6086	-0.3874	-0.3330	-0.8458	-6.6857	0.3177
2	-0.0573	0.4558	-0.3941	0.4370	0.1594	0.1018	0.3695	-4.6385	-6.0135
0	0.1174	-0.5109	-0.2273	0.1848	-0.0187	-0.0553	0.6374	-3.0631	8.3033
1	-0.4056	-0.4089	0.0760	-0.0052	0.0684	0.2317	-1.9969	-7.4601	-0.0003
2	-0.0526	0.4535	-0.3909	-0.2454	-0.4022	0.1414	0.6898	-4.9711	-7.3370
0	0.1150	-0.4998	-0.2184	-0.4185	0.7594	-0.2636	1.0254	-4.1768	7.9164
1	-0.3861	-0.3827	0.0638	-0.2244	0.5696	1.1051	-1.4245	-8.1015	0.2064
2	-0.0563	0.4137	-0.3650	-0.8591	-1.6101	0.1992	0.4799	-5.9148	-7.3078
0	0.1183	-0.4381	-0.1818	-1.1970	1.8213	-0.3277	0.7060	-3.8158	7.5996
1	-0.3108	-0.3367	0.0599	-0.7670	1.2203	1.9035	-1.3094	-6.9878	-0.2706
2	-0.0747	0.3260	-0.3059	-1.5867	-2.1310	0.3662	0.8703	-4.5869	-5.4706
0	0.1244	-0.3438	-0.1132	-1.6131	2.3687	-0.3888	-0.0943	-2.7714	3.9513
1	-0.2061	-0.2921	0.0783	-0.8749	1.3212	2.7009	0.2688	-4.6010	0.2802
2	-0.0929	0.2042	-0.2363	-1.5465	-3.1764	0.2986	0.0848	-4.4142	-2.2062
0	0.1227	-0.2088	-0.0408	-1.6517	3.2998	-0.4488	0.0944	-3.5130	2.4939
1	-0.0616	-0.2347	0.0868	-1.0450	1.5410	3.5080	1.6691	-3.2724	0.1380
2	-0.1047	0.0430	-0.1585	-1.9700	-3.8361	0.2385	0.6000	-4.1835	-0.3299
0	0.1086	-0.0202	0.0523	-2.0397	4.1518	-0.4220	-0.1471	-3.4022	-0.1639
1	0.1325	-0.1739	0.1144	-1.1394	1.6755	4.2264	3.5839	-1.0234	0.1107
2	-0.1058	-0.1562	-0.0672	-1.9610	-4.0256	0.3839	-0.1909	-3.6888	3.1036
0	0.0754	0.1719	0.1389	-2.0633	3.6860	-0.6384	0.3106	-3.9701	-3.4478
1	0.3219	-0.1025	0.1487	-1.1184	2.1607	3.5220	4.1878	1.3886	0.0662
2	-0.0720	-0.3456	0.0317	-2.4294	-3.4347	0.9622	0.2573	-2.8258	4.7910
0	-0.0003	0.3441	0.2343	-2.7242	2.6277	-1.3586	-0.7195	-5.2728	-6.3481
1	0.4497	-0.0023	0.1916	-0.8467	2.9829	1.6843	4.4578	2.9449	-1.1765
2	0.0137	-0.4562	0.1265	-2.4826	-1.6179	1.7598	0.7321	-1.1562	7.3887
0	-0.1124	0.4242	0.3083	-2.1739	1.6757	-1.6879	-2.4553	0.2527	-8.9042
1	0.5182	0.1120	0.2219	-0.3722	2.2894	2.0962	6.3958	5.5886	-0.4673
2	0.1116	-0.5539	0.1919	-1.5082	-2.3621	1.1612	0.4327	0.7932	9.6539
0	-0.2077	0.5209	0.3505	-1.4830	1.8466	-1.1099	-2.3186	0.7091	-10.0905
1	0.6076	0.1975	0.2523	-0.2643	1.6438	1.1598	4.8874	7.5974	-1.1784
2	0.1800	-0.6285	0.2286	-1.1120	-0.9005	0.8494	1.1087	4.3254	10.3588
0	-0.2720	0.5657	0.3750	-0.9306	0.7345	-0.6711	-2.7865	3.0249	-11.6900
1	0.6393	0.2504	0.2683	-0.0332	0.7348	0.5707	4.7652	9.0856	-1.2613
2	0.2112	-0.6561	0.2407	-0.2831	-0.3440	0.2232	0.7149	5.2233	11.4886
0	-0.2972	0.5863	0.3824	-0.1018	0.0208	0.0485	-3.2720	5.0048	-12.9783
1	0.6459	0.2569	0.2713	-0.0644	-0.4445	-0.2901	4.4650	10.7231	-1.0926
2	0.1996	-0.6479	0.2369	0.5558	0.7701	-0.5809	0.3577	6.7431	12.2056
0	-0.2644	0.5615	0.3761	0.9058	-0.9960	0.7043	-2.0252	2.0644	-11.6639
1	0.6102	0.2106	0.2554	0.2652	-1.4388	-1.2008	4.8176	9.3229	-0.6375
2	0.1469	-0.5975	0.2053	1.1761	1.6006	-0.9299	0.3670	4.0264	10.5014
0	-0.2036	0.5081	0.3518	1.3501	-1.7605	1.0401	-2.2027	0.8977	-9.9154
1	0.5466	0.1465	0.2285	0.3899	-1.8524	-2.0159	4.7447	7.3392	-1.1157
2	0.0854	-0.5159	0.1598	1.6181	2.4272	-1.0295	0.5844	2.1480	9.4237
0	-0.1287	0.4207	0.3114	1.7767	-2.4565	1.1445	-1.6588	-0.2673	-8.0949
1	0.4398	0.0653	0.1872	0.6300	-2.1612	-2.6682	4.8711	5.9717	-0.8282
2	0.0216	-0.4016	0.0929	1.8421	3.0176	-1.0157	0.5210	1.2178	8.4777
0	-0.0485	0.2953	0.2493	2.0779	-3.4653	1.1926	-1.5821	-1.0506	-7.3881
1	0.3042	-0.0145	0.1455	0.7756	-2.4518	-3.4534	4.1970	5.0292	-0.5620
2	-0.0360	-0.2436	0.0041	2.1115	3.4925	-1.0735	0.5602	0.0270	7.0722
0	0.0253	0.1453	0.1694	2.1844	-3.3609	1.1299	-0.8573	-2.9574	-3.6689
1	0.1565	-0.0962	0.1066	1.0125	-2.2560	-3.6511	3.9509	2.2215	-0.5175
2	-0.0686	-0.0811	-0.0912	2.1409	4.1405	-0.6335	0.3449	-2.0970	4.6836
0	0.0746	-0.0402	0.0701	2.1623	-4.1256	0.7555	-0.5270	-3.8186	-1.4918
1	-0.0317	-0.1649	0.0631	1.2017	-2.0368	-3.7354	3.4045	-0.0110	-0.1600
2	-0.0690	0.0987	-0.1888	2.2129	3.4438	-0.4155	0.2916	-4.0923	2.4177
0	0.0887	-0.2104	-0.0302	2.2505	-3.2214	0.3529	-0.1877	-4.5601	1.1494
1	-0.1833	-0.1953	0.0001	1.4767	-1.6426	-3.2754	2.6762	-2.2559	-0.1220
2	-0.0366	0.2611	-0.2838	1.8462	3.4200	0.0516	0.6568	-4.7118	-0.7771
0	0.0724	-0.3703	-0.1165	1.5324	-3.1321	0.1693	-0.5278	-2.6761	5.3479
1	-0.3322	-0.2033	-0.0581	0.7146	-1.2350	-2.4553	0.4235	-4.3009	-0.6438
2	-0.0073	0.3935	-0.3423	1.1154	1.9649	-0.5018	1.5117	-4.2613	-4.4146
0	0.0689	-0.4814	-0.1782	1.0674	-1.4888	0.5768	0.1036	-3.9109	5.9960
1	-0.4217	-0.2415	-0.0764	0.4173	-1.0156	-1.0111	0.1337	-6.7109	-0.2260
2	0.0051	0.4599	-0.3887	0.7320	0.6451	-0.3179	0.7039	-6.4330	-5.7059
0	0.0663	-0.5301	-0.2212	0.6286	-0.2692	0.3129	-0.0777	-3.4482	7.7288
1	-0.4460	-0.2490	-0.1024	0.0544	-0.6113	0.2165	-0.6989	-7.7153	-0.4593
2	0.0054	0.4642	-0.4118	0.1278	-0.4751	-0.4815	1.2197	-5.6200	-7.1081
0	0.0735	-0.5238	-0.2423	-0.0129	0.7461	0.4360	0.1553	-3.8205	8.5354
1	-0.4203	-0.2730	-0.0940	-0.4106	-0.1255	1.0649	-1.7175	-8.1542	-0.5840
2	-0.0123	0.4302	-0.4144	-0.5205	-1.2255	-0.2720	1.1835	-5.8267	-7.5904
0	0.0929	-0.4735	-0.2312	-0.7301	1.3528	0.0755	0.8378	-5.0589	7.5988
1	-0.3587	-0.2837	-0.0679	-0.5808	0.6034	1.4470	-1.4547	-7.9834	-0.3248
2	-0.0340	0.3649	-0.3823	-0.9272	-1.7512	0.1091	0.2288	-5.6740	-5.6380
0	0.1037	-0.4028	-0.1932	-0.9417	2.0095	-0.2015	0.4149	-3.3222	5.1364
1	-0.2777	-0.2604	-0.0556	-0.6307	0.8178	2.2911	-0.2970	-6.0207	0.3860
2	-0.0504	0.2782	-0.3439	-1.1825	-2.5149	0.0541	0.1051	-4.7983	-4.3908
0	0.1110	-0.2953	-0.1432	-1.4355	2.6398	-0.2135	0.6232	-4.0364	5.1851
1	-0.1660	-0.2323	-0.0350	-0.9439	1.3067	2.7017	-0.0758	-5.1769	0.0990
2	-0.0693	0.1482	-0.2734	-1.7267	-2.9493	0.3908	0.5524	-4.8153	-3.1357
0	0.1045	-0.1489	-0.0588	-1.7974	3.1998	-0.5489	-0.8056	-2.2573	1.1008
1	-0.0150	-0.1788	-0.0051	-1.0284	1.4845	3.1272	1.4492	-2.0370	-0.2971
2	-0.0742	-0.0013	-0.1911	-1.7735	-3.0194	0.3089	0.6549	-2.4015	0.6734
0	0.0872	-0.0067	0.0207	-1.8306	2.7202	-0.4846	-0.2087	-3.1080	-2.0386
1	0.1126	-0.1341	0.0307	-0.9845	1.6908	2.7464	2.3822	0.7711	-0.1706
2	-0.0658	-0.1430	-0.1059	-1.8475	-3.0599	0.3956	0.3326	-1.2919	3.2213
0	0.0550	0.1318	0.1035	-1.9145	3.1811	-0.4620	-0.3483	-0.7155	-3.3589
1	0.2525	-0.0846	0.0735	-1.1057	1.5908	3.0519	3.6028	2.5544	0.0286
2	-0.0491	-0.2886	-0.0242	-1.7955	-2.7634	0.5221	-0.1854	-0.1985	5.5011
0	0.0082	0.2712	0.1812	-1.6656	2.1582	-0.8320	0.0081	-1.0560	-8.1179
1	0.3635	-0.0272	0.1078	-0.5421	1.5870	1.8053	3.6089	5.4949	0.4705
2	-0.0075	-0.3947	0.0411	-1.2579	-1.5318	0.7262	-1.1678	2.3247	8.3437
0	-0.0452	0.3456	0.2277	-1.0761	0.9825	-0.7080	-0.2430	1.6248	-10.0965
1	0.4208	0.0288	0.1255	-0.0657	0.9260	0.3363	3.0212	7.7209	1.1334
2	0.0306	-0.4340	0.0724	-0.4484	-0.0531	0.5308	-1.9478	5.0361	9.0143
0	-0.0799	0.3586	0.2449	-0.2638	-0.1054	-0.3493	0.4243	3.1209	-8.1971
1	0.4220	0.0544	0.1235	0.0914	0.2234	-0.0963	2.9528	7.1702	1.7353
2	0.0451	-0.4332	0.0748	0.0168	0.1194	0.1678	-2.2116	3.8099	7.3250
0	-0.0882	0.3543	0.2430	0.1732	-0.2867	-0.1821	1.4891	1.6159	-7.6252
1	0.4128	0.0588	0.1109	0.3757	-0.2558	-0.4681	2.8190	6.1149	2.1058
2	0.0459	-0.4158	0.0580	0.4437	0.9121	-0.1021	-2.4234	3.8389	6.7098
0	-0.0776	0.3198	0.2246	0.5872	-1.4370	0.3272	0.6357	2.7353	-8.9648
1	0.3604	0.0393	0.0908	0.3688	-0.9318	-1.9495	2.0651	7.2182	1.9149
2	0.0258	-0.3380	0.0242	0.9850	2.2225	-0.3965	-2.2000	4.3368	7.9801
0	-0.0452	0.2349	0.1922	1.1682	-2.2400	0.5758	0.6375	1.6322	-7.5037
1	0.2610	-0.0037	0.0614	0.6373	-1.6059	-2.1135	3.3592	5.9541	2.0078
2	-0.0039	-0.2438	-0.0328	1.7620	2.2264	-0.7233	-2.2539	2.3254	7.0403
0	0.0046	0.1340	0.1239	2.0244	-2.4257	0.7433	0.6278	-0.6987	-5.5825
1	0.1611	-0.0603	0.0133	1.1213	-2.0092	-2.5839	2.7704	4.1252	1.7770
2	-0.0335	-0.1196	-0.1310	2.0865	2.8811	-0.5527	-1.3889	0.4924	4.8026
0	0.0435	0.0126	0.0342	2.1283	-2.9312	0.6215	-0.0799	-1.5988	-1.7128
1	0.0354	-0.1086	-0.0439	1.1804	-1.9402	-2.9646	1.5222	1.1045	0.4742
2	-0.0410	0.0099	-0.2207	1.9972	3.0723	-0.4975	0.0846	-1.1081	1.6895
0	0.0672	-0.1264	-0.0568	1.8596	-2.8795	0.6369	-0.3029	-2.3429	1.8565
1	-0.0945	-0.1521	-0.0913	0.8406	-1.6699	-2.5490	1.1614	-1.8902	-0.3567
2	-0.0396	0.1429	-0.3034	1.4614	2.4572	-0.5195	1.0893	-3.2926	-1.3203
0	0.0817	-0.2471	-0.1314	1.4237	-2.2470	0.5897	-0.3086	-3.2302	2.7202
1	-0.1989	-0.1928	-0.1201	0.6875	-1.3730	-1.8865	1.1328	-3.4125	-0.5180
2	-0.0322	0.2387	-0.3651	1.2936	1.6576	-0.3958	0.8398	-4.3232	-2.2056
0	0.0853	-0.3431	-0.2003	1.2152	-1.3050	0.3690	-0.1376	-3.3159	4.9951
1	-0.2740	-0.2131	-0.1592	0.5960	-0.9643	-1.0528	0.1271	-5.1347	-0.5321
2	-0.0197	0.2987	-0.4124	0.7777	0.8863	-0.2051	0.9993	-4.6765	-4.7119
0	0.0817	-0.3922	-0.2405	0.5776	-0.6155	0.1289	0.4236	-3.3833	6.2678
1	-0.3099	-0.2144	-0.1862	0.3387	-0.3859	-0.3682	-0.8057	-6.0041	-0.5218
2	-0.0089	0.3265	-0.4323	0.3417	0.1327	0.0400	0.7272	-4.6279	-5.4163
0	0.0743	-0.4074	-0.2553	0.2154	0.0263	-0.1384	0.7460	-2.9537	5.5432
1	-0.3185	-0.1943	-0.2149	0.2659	-0.0171	0.1334	-1.2407	-5.7392	0.1058
2	0.0023	0.3265	-0.4345	0.1248	-0.2640	0.2366	-0.1649	-3.7866	-4.7749
0	0.0640	-0.4026	-0.2567	0.1200	0.2973	-0.3121	1.1419	-2.4848	3.8264
1	-0.3111	-0.1559	-0.2507	0.4266	0.1627	0.3641	-1.1822	-4.7450	0.9047
2	0.0185	0.3125	-0.4301	0.1398	-0.5206	0.4370	-0.8096	-2.9576	-3.8435
0	0.0436	-0.3817	-0.2524	-0.1160	0.8304	-0.4666	0.6896	-0.3262	5.7618
1	-0.2813	-0.1009	-0.2916	-0.0050	0.5405	1.2840	-1.8935	-3.8793	0.2168
2	0.0305	0.2694	-0.4120	-0.6198	-1.6455	0.2779	0.6237	-1.8433	-5.2266
0	0.0339	-0.3173	-0.2233	-0.8812	1.9385	-0.3717	0.5864	-0.1097	5.2096
1	-0.2039	-0.0782	-0.2765	-0.4528	1.0894	2.0915	-1.9932	-2.8934	-0.2587
2	0.0283	0.1792	-0.3619	-1.3045	-2.1327	0.5672	0.6878	-1.5744	-3.8637
0	0.0213	-0.2186	-0.1581	-1.6387	2.1466	-0.6209	-0.3537	0.1391	3.6516
1	-0.1129	-0.0520	-0.2333	-0.9909	1.5116	2.2894	-1.7100	-1.7789	-0.4814
2	0.0233	0.0775	-0.2838	-1.8470	-2.6240	0.1914	1.1430	-0.4961	-2.6474
0	0.0171	-0.1134	-0.0823	-1.8264	2.9750	-0.0912	-0.5062	-0.0350	1.6499
1	0.0083	-0.0512	-0.1548	-1.2968	1.1875	3.2328	0.3375	-0.9843	0.4291
2	0.0034	-0.0633	-0.2037	-1.7795	-3.5472	-0.1968	0.0808	-1.6572	0.1511
0	0.0181	0.0381	-0.0045	-1.7322	3.7066	0.0896	-0.2065	-1.4100	-0.5468
1	0.1716	-0.0504	-0.0806	-1.3079	1.0182	3.8580	2.0271	0.0859	0.5747
2	-0.0142	-0.2322	-0.1292	-1.6877	-3.9993	-0.3366	-0.2833	-1.9450	2.6807
0	0.0110	0.2308	0.0757	-1.7431	4.1004	0.1481	-0.3800	-2.1931	-2.2515
1	0.3626	-0.0368	-0.0106	-1.4423	1.2117	3.8687	3.7033	1.9328	-0.1686
2	-0.0172	-0.4054	-0.0501	-1.9749	-3.4454	-0.0866	0.1541	-1.6032	4.6771
0	-0.0170	0.3894	0.1520	-1.7804	2.5314	-0.2727	0.4469	-3.9587	-9.3808
1	0.4906	0.0007	0.0449	-0.6781	1.1910	1.6797	4.1644	4.2028	0.7208
2	0.0116	-0.5134	0.0129	-0.8745	-1.4476	0.4150	-2.1679	0.5632	9.2647
0	-0.0572	0.4720	0.1917	-0.6296	1.5338	-0.4333	-0.2893	-0.0814	-8.4487
1	0.5590	0.0349	0.0628	-0.1991	0.6098	1.8053	5.8656	5.2042	1.1930
2	0.0317	-0.5920	0.0319	-0.5923	-1.7719	0.2297	-1.3379	0.1414	8.1540
0	-0.0820	0.5467	0.2050	-0.5588	1.5075	-0.3547	0.2595	-1.7897	-8.2292
1	0.6268	0.0580	0.0742	-0.0704	0.5024	1.2368	5.5454	4.6553	0.4820
2	0.0466	-0.6553	0.0429	-0.2214	-1.1874	0.0645	-1.0839	0.5794	8.2021
0	-0.0977	0.6054	0.2101	-0.0585	1.0548	-0.0694	-0.4344	-1.3121	-8.5418
1	0.6761	0.0664	0.0779	0.1130	0.0199	0.7731	5.9121	4.7368	0.3800
2	0.0474	-0.6924	0.0398	0.0664	-0.2195	0.1227	-0.7579	0.3015	8.4853
0	-0.1001	0.6274	0.2055	0.1278	-0.2349	-0.1229	-0.6646	-1.7112	-9.1797
1	0.6787	0.0668	0.0691	0.2536	-0.2112	-0.6158	5.3197	4.7639	-0.1667
2	0.0451	-0.6728	0.0263	0.3060	0.8900	-0.0103	-0.4020	0.8210	8.2504
0	-0.0923	0.5977	0.1952	0.3524	-0.9705	0.1570	-0.6986	-0.6958	-7.3525
1	0.6411	0.0545	0.0564	0.1649	-0.5098	-0.9345	5.3696	4.2869	-0.0479
2	0.0312	-0.6331	0.0112	0.4359	0.8803	-0.2375	-0.3675	-0.2523	6.9740
0	-0.0719	0.5601	0.1855	0.4979	-0.8474	0.2752	-0.2163	-1.5438	-6.5711
1	0.6038	0.0325	0.0444	0.2864	-0.6253	-0.8558	5.5603	3.2786	0.0929
2	0.0118	-0.5929	-0.0100	0.5996	1.0685	-0.1497	-0.7039	-0.9801	6.5000
