0	0.0000	0.0000	0.0000	0.0000	0.0000	0.0000	0.0000	0.0000	0.0000
0	0.0000	0.0000	0.0000	0.0000	0.0000	0.0000	0.0000	0.0000	0.0000
0	0.0000	0.0000	0.0000	0.0000	0.0000	0.0000	0.0000	0.0000	0.0000
0	-0.0220	0.0019	0.0672	-0.0080	0.0722	0.0020	-0.2746	0.2044	-0.1947
1	0.0029	-0.0189	-0.0774	0.0125	0.0031	0.0715	-0.0164	0.2173	-0.2644
2	-0.0012	-0.0570	-0.0235	0.0070	-0.0807	-0.0098	0.2350	0.1687	0.1982
0	-0.0225	0.0040	0.0700	-0.0825	0.0683	0.0046	-0.2706	0.5153	-0.1194
1	0.0057	-0.0182	-0.0777	-0.0227	0.0196	0.0561	-0.0930	0.2513	-0.2793
2	-0.0009	-0.0594	-0.0227	-0.0618	-0.0574	-0.0007	0.2651	0.3300	0.0995
0	-0.0223	0.0065	0.0745	-0.1073	0.0880	0.0148	-0.3080	0.3394	-0.0808
1	0.0080	-0.0182	-0.0742	-0.0913	0.0569	0.0715	-0.2436	0.3737	-0.2531
2	-0.0015	-0.0619	-0.0191	-0.0966	-0.0716	-0.0194	0.2727	0.4615	0.1064
0	-0.0208	0.0115	0.0825	-0.1874	0.0758	0.0583	-0.2557	-0.1236	-0.4557
1	0.0112	-0.0196	-0.0680	-0.1249	0.0795	0.1331	-0.1828	0.3174	-0.3388
2	-0.0029	-0.0660	-0.0140	-0.1660	-0.1388	-0.0644	0.4304	0.4267	0.0152
0	-0.0219	0.0125	0.0886	-0.0775	0.0992	-0.0640	-0.2300	0.0664	-0.0346
1	0.0153	-0.0239	-0.0568	-0.1503	0.0997	0.0249	-0.0054	0.2410	-0.3019
2	-0.0047	-0.0678	-0.0065	-0.0977	-0.0397	0.0442	0.0251	-0.1612	0.5229
0	-0.0276	0.0174	0.0949	-0.1800	0.0713	-0.1680	-0.0501	-0.4085	-0.2245
1	0.0179	-0.0214	-0.0535	-0.0243	0.1314	0.1673	0.1781	-0.0289	-0.1545
2	-0.0018	-0.0728	-0.0024	-0.1278	-0.1370	0.1195	0.1168	-0.2471	0.0163
0	-0.0365	0.0218	0.1033	-0.1351	0.2678	-0.1254	-0.6585	0.9551	-0.5889
1	0.0222	-0.0118	-0.0526	-0.0057	0.2809	0.0560	0.0694	0.0948	-0.3047
2	0.0061	-0.0760	0.0058	-0.1450	-0.1269	0.1833	0.2374	0.0771	0.4285
0	-0.0413	0.0316	0.1095	-0.1420	0.0526	-0.0416	-0.6578	0.4751	-1.2897
1	0.0310	-0.0015	-0.0518	-0.0328	0.1692	0.2971	0.2475	0.8228	-0.4263
2	0.0105	-0.0872	0.0116	-0.1302	-0.2274	0.0636	0.4641	0.7042	0.7421
0	-0.0428	0.0302	0.1150	-0.1001	0.0198	-0.0167	-0.5765	0.4201	-0.5863
1	0.0366	0.0017	-0.0483	-0.0897	0.1006	-0.0333	-0.0443	1.1115	-0.5185
2	0.0120	-0.0876	0.0169	-0.0971	0.0466	0.0066	0.5004	0.9707	0.9968
0	-0.0446	0.0301	0.1217	-0.2085	-0.0349	-0.0286	-0.4333	0.3875	-0.5936
1	0.0359	0.0026	-0.0443	-0.0621	0.0937	0.0545	0.1491	0.8371	-0.5660
2	0.0130	-0.0881	0.0212	-0.1598	-0.0289	0.0306	0.5683	0.4961	0.4622
0	-0.0473	0.0217	0.1292	-0.1159	-0.4287	-0.0761	-0.5755	0.2822	-1.5504
1	0.0350	0.0046	-0.0378	-0.1140	0.1592	-0.1323	-0.1259	0.7978	-0.4846
2	0.0153	-0.0833	0.0289	-0.1235	0.2286	0.0949	0.2652	0.7566	0.9078
0	-0.0471	-0.0185	0.1337	-0.1455	-1.4500	0.2496	-0.8501	1.8678	-0.8560
1	0.0192	0.0106	-0.0376	-0.0248	0.0750	-0.7734	-0.3060	1.2505	-0.4034
2	0.0196	-0.0528	0.0325	-0.0819	1.2023	0.0241	0.4386	1.8073	1.1860
0	-0.0281	-0.0859	0.1378	-0.0634	-1.0871	0.4488	-0.2051	1.2918	0.8355
1	-0.0351	0.0061	-0.0347	-0.3263	-0.1876	-1.5416	-1.2370	1.6582	-0.4161
2	0.0118	0.0123	0.0356	-0.0988	1.4050	-0.2915	0.4714	1.8460	0.3359
0	-0.0088	-0.1281	0.1386	-0.0866	-1.1028	0.4283	0.3073	0.4487	0.5116
1	-0.0925	-0.0195	-0.0178	-0.3361	-0.3072	-0.9322	-0.4893	0.4357	-0.0688
2	-0.0032	0.0603	0.0347	-0.0756	0.9437	-0.3425	0.0264	0.2672	-0.6712
0	0.0143	-0.1867	0.1396	-0.1491	-1.3601	0.6870	-0.2748	1.8672	1.6518
1	-0.1424	-0.0527	0.0058	-0.3563	-0.2863	-1.3266	-1.4655	0.0535	0.2124
2	-0.0200	0.1205	0.0342	-0.1338	1.4608	-0.4299	-0.0406	1.2503	-0.9005
0	0.0478	-0.2455	0.1382	-0.1064	-1.4484	0.7651	0.5636	0.0052	1.0759
1	-0.2021	-0.1037	0.0459	-0.6245	-0.4794	-1.2830	-1.8484	-0.0040	0.1567
2	-0.0446	0.1771	0.0323	-0.1816	1.3860	-0.6430	0.1084	0.9999	-1.4271
0	0.0818	-0.3188	0.1305	-0.0169	-1.3775	0.7522	0.4004	0.5079	2.8102
1	-0.2621	-0.1814	0.1086	-0.5091	-0.5060	-1.5830	-1.7007	-0.6845	0.5475
2	-0.0721	0.2501	0.0256	-0.0603	1.6160	-0.5667	-0.5483	0.1909	-1.4917
0	0.1124	-0.3738	0.1208	-0.0544	-1.2561	0.7050	0.9151	-0.8910	2.7781
1	-0.3262	-0.2792	0.1887	-0.5069	-0.5427	-1.2343	-1.6929	-1.6550	0.6493
2	-0.0982	0.3155	0.0146	-0.0810	1.2594	-0.6156	-0.2705	-0.6865	-2.9018
0	0.1384	-0.4353	0.1088	0.0949	-1.4717	0.6217	1.0438	-1.3136	2.8760
1	-0.3738	-0.3925	0.2854	-0.4462	-0.5022	-1.3332	-1.9512	-2.4161	0.7708
2	-0.1201	0.3784	0.0036	0.0264	1.5006	-0.5013	-0.7517	-1.0647	-2.6805
0	0.1638	-0.5096	0.0876	0.0848	-1.3395	0.6557	1.2225	-1.4984	4.4025
1	-0.4307	-0.5428	0.4172	-0.2850	-0.5660	-1.3959	-1.7042	-2.9661	1.1176
2	-0.1358	0.4483	-0.0128	0.1134	1.4187	-0.5267	-0.7540	-1.5700	-3.3149
0	0.1818	-0.5677	0.0706	0.2230	-1.1765	0.4997	1.4169	-2.0052	4.2775
1	-0.4777	-0.7453	0.5993	-0.3224	-0.5209	-1.3141	-2.0656	-3.9987	1.1361
2	-0.1508	0.5141	-0.0297	0.1145	1.3282	-0.4312	-1.0452	-2.4704	-4.0845
0	0.1936	-0.6170	0.0473	0.2891	-1.0488	0.5519	1.6071	-2.3506	5.0882
1	-0.5095	-0.9545	0.7913	-0.1327	-0.5654	-1.0233	-1.8159	-4.5695	1.5730
2	-0.1574	0.5648	-0.0476	0.2611	1.0405	-0.4687	-1.1888	-2.6505	-4.3916
0	0.2030	-0.6699	0.0265	0.2349	-1.0717	0.3423	1.8170	-3.0710	5.5114
1	-0.5296	-1.1810	0.9973	-0.1402	-0.5552	-1.0892	-2.3524	-4.9568	1.5610
2	-0.1626	0.6174	-0.0679	0.2009	1.1480	-0.3388	-1.1626	-3.0090	-5.1874
0	0.2094	-0.7127	0.0051	0.2227	-0.6730	0.4804	1.6801	-2.6207	6.3495
1	-0.5428	-1.4634	1.2633	-0.0497	-0.4572	-0.9131	-2.2772	-5.7784	1.6224
2	-0.1634	0.6686	-0.0849	0.2284	0.7974	-0.4034	-1.0085	-3.3342	-5.7086
0	0.2165	-0.7443	-0.0137	0.2010	-0.5985	0.3037	2.0176	-3.6992	6.0797
1	-0.5411	4.6039	1.4603	-0.1499	-0.4782	-0.6353	-2.4478	-6.2839	1.5988
2	-0.1672	0.7015	-0.1025	0.1769	0.6349	-0.3299	-1.2276	-3.9217	-5.9525
0	0.2217	-0.7727	-0.0288	0.1542	-0.4891	0.3994	1.5727	-2.7357	6.0907
1	-0.5345	4.4316	1.6184	-0.0885	-0.3118	-0.6150	-2.2469	-6.6308	1.7737
2	-0.1684	0.7335	-0.1155	0.1210	0.5894	-0.3066	-1.2430	-3.9625	-5.9576
0	0.2263	-0.7906	-0.0481	0.2334	-0.2828	0.3258	2.0541	-4.0895	6.2279
1	-0.5242	4.3066	1.7306	-0.1213	-0.4283	-0.3604	-2.2133	-6.5766	1.7578
2	-0.1713	0.7551	-0.1311	0.2151	0.2712	-0.3651	-1.2495	-4.0782	-5.8770
0	0.2284	-0.8167	-0.0635	0.1823	-0.5596	0.3403	1.7092	-3.1740	6.3985
1	-0.5172	4.2281	1.7928	-0.0309	-0.3235	-0.4397	-2.2656	-6.9769	1.8010
2	-0.1705	0.7773	-0.1450	0.1714	0.6016	-0.2282	-1.2878	-4.1573	-5.9872
0	0.2320	-0.8410	-0.0817	0.2548	-0.5044	0.3980	1.9454	-3.7130	6.0044
1	-0.5043	4.1079	1.9008	-0.0937	-0.3981	-0.4510	-2.3084	-6.9942	1.8461
2	-0.1708	0.8001	-0.1576	0.1985	0.4814	-0.3399	-1.2366	-4.1267	-6.0853
0	0.2309	-0.8714	-0.1028	0.3417	-0.6708	0.3142	1.9539	-4.3101	6.8476
1	-0.4907	4.0125	1.9801	-0.0094	-0.4890	-0.5634	-2.1973	-7.1064	2.0388
2	-0.1687	0.8267	-0.1747	0.3259	0.6458	-0.3121	-1.5319	-4.3774	-5.9079
0	0.2301	-0.9039	-0.1229	0.1970	-0.5124	0.3339	1.9180	-4.3992	7.6148
1	-0.4751	3.8961	2.0805	0.0186	-0.4223	-0.6218	-2.2832	-7.6525	1.8960
2	-0.1623	0.8611	-0.1912	0.2233	0.5739	-0.3047	-1.1072	-4.9011	-6.8851
0	0.2323	-0.9341	-0.1377	0.1595	-0.6419	0.2892	1.9924	-4.5595	7.1248
1	-0.4555	3.8065	2.1563	-0.0867	-0.3289	-0.5920	-2.5126	-8.3529	1.6935
2	-0.1612	0.8884	-0.2030	0.1324	0.6703	-0.2368	-1.0814	-5.1855	-7.1849
0	0.2338	-0.9682	-0.1514	0.0819	-0.8879	0.2863	2.0694	-5.0340	7.5828
1	-0.4328	3.7336	2.2193	-0.0467	-0.3218	-0.6281	-2.3290	-8.4165	1.9218
2	-0.1593	0.9194	-0.2129	0.1605	0.7007	-0.2202	-1.3125	-5.3314	-6.9179
0	0.2389	-1.0114	-0.1620	0.0294	-0.6969	0.2359	2.1193	-5.0305	8.2495
1	-0.4023	3.6619	2.2836	-0.1600	-0.2439	-0.9995	-2.6026	-8.6646	1.8671
2	-0.1601	0.9611	-0.2203	0.0200	0.9843	-0.1924	-1.1948	-5.4164	-7.2454
0	0.2404	-1.0169	-0.1689	0.0460	0.3250	0.0997	2.3052	-5.4298	8.6056
1	-0.3717	3.6126	2.3294	-0.0869	-0.1839	-0.2131	-1.7468	-9.3265	1.9562
2	-0.1615	0.9853	-0.2268	0.0678	-0.1581	-0.1598	-1.3710	-7.1939	-7.7424
0	0.2402	-0.9968	-0.1711	0.1022	0.5163	0.0281	2.0720	-4.9963	7.1860
1	-0.3779	3.6224	2.3162	-0.0308	-0.0356	0.4297	-1.6556	-9.7961	1.9600
2	-0.1621	0.9713	-0.2294	0.0390	-0.4873	-0.0708	-1.4148	-6.6607	-7.7379
0	0.2377	-0.9834	-0.1717	-0.0408	-0.0157	-0.0541	2.2880	-5.3887	7.5039
1	-0.3998	3.6535	2.2833	0.0819	-0.0749	0.4785	-2.1498	-8.9427	2.1482
2	-0.1596	0.9506	-0.2313	0.0576	-0.2813	-0.0116	-1.4870	-5.6493	-7.1237
0	0.2370	-0.9876	-0.1688	0.0495	0.0230	-0.0255	1.9238	-4.2331	7.5215
1	-0.4059	3.6599	2.2819	0.0027	0.0814	-0.1595	-2.8440	-8.6881	1.9423
2	-0.1596	0.9515	-0.2263	0.0000	0.1300	0.0508	-1.3238	-5.1133	-7.2077
0	0.2337	-0.9730	-0.1704	0.0799	0.6173	0.0271	2.1147	-4.3622	8.1699
1	-0.4052	3.6517	2.2957	0.0576	-0.0500	0.1882	-2.3409	-8.5994	2.0596
2	-0.1571	0.9463	-0.2251	0.1001	-0.4090	-0.0739	-1.3556	-5.6421	-7.3434
0	0.2310	-0.9355	-0.1719	0.0910	1.1996	0.0003	2.0683	-3.8687	7.8588
1	-0.4256	3.6836	2.2627	0.0401	-0.0583	0.7690	-2.1414	-8.8109	2.0330
2	-0.1555	0.9178	-0.2277	0.0845	-0.9523	-0.0953	-1.3850	-5.7957	-7.5160
0	0.2290	-0.8725	-0.1727	0.0101	1.4783	-0.0357	2.2157	-4.2483	7.1767
1	-0.4693	3.7934	2.1492	0.0522	-0.0515	1.4145	-2.1327	-8.4953	2.0474
2	-0.1548	0.8604	-0.2319	0.0320	-1.4630	-0.1287	-1.3439	-5.3570	-7.2874
0	0.2274	-0.8007	-0.1697	-0.0205	1.9642	-0.0482	2.0126	-2.7038	7.1205
1	-0.5170	4.0186	1.9216	0.0418	0.0683	1.6054	-2.4059	-7.7107	1.9788
2	-0.1563	0.7916	-0.2333	0.0179	-1.6765	-0.0769	-1.4542	-4.8105	-6.7048
0	0.2253	-0.7073	-0.1674	0.0503	2.1021	-0.0895	2.0587	-3.1401	5.5899
1	-0.5520	4.4338	1.5049	0.0168	0.0583	2.1945	-2.1714	-6.8940	2.0157
2	-0.1595	0.7027	-0.2356	0.0305	-2.1461	-0.1300	-1.4180	-4.1716	-6.1907
0	0.2189	-0.6005	-0.1678	0.1470	2.5496	-0.1027	1.8412	-2.0955	5.2185
1	-0.5465	-1.2661	0.9173	0.1147	0.0265	2.1817	-2.3196	-5.9775	1.9997
2	-0.1602	0.6133	-0.2391	0.1132	-2.2712	-0.1451	-1.5393	-3.3495	-5.2435
0	0.2119	-0.4906	-0.1675	0.0411	2.8041	-0.1135	1.7765	-1.3475	4.8401
1	-0.4883	-0.8028	0.4463	0.1767	0.0262	2.6671	-1.8899	-4.8646	1.8266
2	-0.1605	0.4964	-0.2448	0.0616	-2.7222	-0.1254	-1.3439	-2.8794	-4.7235
0	0.2034	-0.3603	-0.1691	0.1193	3.1863	-0.1748	1.8725	-1.1982	4.1800
1	-0.3884	-0.5380	0.1749	0.1524	0.0431	2.9128	-1.8667	-3.9091	1.7601
2	-0.1636	0.3719	-0.2491	0.1465	-3.0222	-0.1647	-1.6038	-2.1584	-3.5332
0	0.1930	-0.2148	-0.1668	0.0688	3.5406	-0.2901	1.8415	-1.1844	2.1108
1	-0.2616	-0.3887	0.0173	0.1540	0.1261	3.3880	-1.3136	-3.0093	1.7267
2	-0.1676	0.2319	-0.2525	-0.0026	-3.3834	-0.1391	-1.4000	-1.9907	-2.9215
0	0.1780	-0.0452	-0.1733	0.1840	4.0545	-0.2684	1.7751	-0.1785	2.0655
1	-0.1115	-0.2959	-0.0816	0.3221	0.1124	3.8046	-0.4486	-1.6324	1.8360
2	-0.1697	0.0721	-0.2572	0.2276	-3.9468	-0.1545	-1.8996	-1.3453	-1.1622
0	0.1669	0.1329	-0.1654	-0.3137	3.2752	-0.1655	1.2431	-0.6390	-2.4036
1	0.0585	-0.2360	-0.1542	0.0805	0.1810	3.9822	-0.2487	-0.4076	1.5575
2	-0.1766	-0.0973	-0.2568	-0.2727	-3.7317	-0.1843	-1.1930	-0.3261	-0.7337
0	0.1639	0.2538	-0.1596	0.0408	2.3193	0.0919	0.9602	0.3527	-3.7530
1	0.2222	-0.2068	-0.1806	-0.1375	0.1788	2.9864	0.4373	2.1642	1.2900
2	-0.1850	-0.2354	-0.2443	-0.0985	-2.5222	-0.2857	-1.6374	1.9405	3.0987
0	0.1676	0.3535	-0.1562	-0.1211	2.1043	0.1029	1.4309	-0.5130	-3.4924
1	0.3277	-0.2022	-0.1912	-0.1272	-0.0950	2.2749	1.8644	3.2471	1.3931
2	-0.1985	-0.3374	-0.2409	-0.0957	-2.1717	-0.3535	-1.5511	1.0970	3.4216
0	0.1667	0.4375	-0.1536	0.0772	1.7098	-0.0011	1.2779	-0.3144	-5.6895
1	0.4302	-0.2016	-0.1963	-0.1504	0.0207	2.0026	2.7994	2.6939	1.1968
2	-0.2099	-0.4375	-0.2323	-0.0480	-1.7641	-0.1907	-1.8644	0.2717	4.1293
0	0.1702	0.5189	-0.1610	0.1184	1.7443	0.0167	1.4963	-0.4848	-4.5581
1	0.5096	-0.2002	-0.2060	0.0739	-0.1746	1.7645	4.0274	3.4626	1.6893
2	-0.2195	-0.5115	-0.2341	0.1747	-1.7433	-0.2178	-2.1136	0.1877	5.2618
0	0.1720	0.5991	-0.1584	-0.0610	1.6264	0.1267	1.3558	-1.0063	-6.0355
1	0.5920	-0.2019	-0.2195	-0.0817	-0.0516	1.7403	4.3669	3.2418	1.2658
2	-0.2293	-0.5935	-0.2329	-0.1014	-1.5911	-0.2774	-1.6483	0.1065	4.8610
0	0.1759	0.6749	-0.1520	-0.1103	1.6533	0.2141	1.5221	-1.7821	-6.1686
1	0.6725	-0.2044	-0.2226	-0.1867	-0.1116	1.7316	5.2598	3.3603	1.4736
2	-0.2396	-0.6674	-0.2248	-0.0928	-1.7101	-0.3636	-2.0353	-0.5474	5.8498
0	0.1784	0.7400	-0.1416	-0.0761	1.1773	0.1924	1.5327	-2.2605	-7.2440
1	0.7478	-0.2092	-0.2218	-0.3097	-0.0654	1.4801	5.8521	3.2427	1.5389
2	-0.2496	-0.7410	-0.2122	-0.1761	-1.2150	-0.2934	-2.2798	-0.9392	6.7034
0	0.1814	0.7820	-0.1352	-0.0876	0.7417	0.1414	1.7608	-3.3082	-7.6309
1	0.8022	-0.2127	-0.2180	-0.2153	-0.1171	1.1351	6.8588	3.1069	1.7549
2	-0.2575	-0.7929	-0.2032	-0.1115	-0.8994	-0.2585	-2.4549	-1.5157	7.1603
0	0.1812	0.7970	-0.1296	-0.0859	-0.2277	0.0668	1.8663	-3.4482	-8.5846
1	0.8371	-0.2157	-0.2148	-0.1658	-0.0192	0.4608	7.0727	3.0448	1.6889
2	-0.2604	-0.8196	-0.1970	-0.1044	-0.0864	-0.0907	-2.4498	-1.4304	7.5505
0	0.1796	0.7525	-0.1260	-0.0784	-1.6233	0.0398	1.7390	-2.6529	-8.0355
1	0.8344	-0.2155	-0.2095	-0.0721	0.0409	-0.6763	6.9471	3.5317	1.7876
2	-0.2573	-0.7995	-0.1970	-0.0515	1.1310	0.1047	-2.6686	-0.7394	8.0385
0	0.1740	0.6483	-0.1209	-0.2394	-3.0477	-0.0573	1.7235	-1.7781	-6.3979
1	0.7728	-0.2131	-0.1992	-0.0771	0.1085	-2.0043	6.2340	3.9002	1.7752
2	-0.2469	-0.7210	-0.2009	-0.1550	2.5862	0.3730	-2.4692	-0.0518	7.3352
0	0.1662	0.5055	-0.1096	-0.3646	-3.3263	0.0769	1.2653	-0.4895	-4.5990
1	0.6323	-0.2040	-0.1766	-0.1753	0.3090	-3.3498	4.9379	3.8989	1.5626
2	-0.2256	-0.5891	-0.2012	-0.2974	3.2066	0.3650	-2.0467	0.2479	6.0866
0	0.1636	0.3363	-0.0884	-0.3618	-3.7723	0.1185	1.5525	-0.8183	-4.2031
1	0.4823	-0.2012	-0.1453	-0.3963	0.2393	-3.5201	4.0202	3.5380	1.2525
2	-0.2059	-0.4290	-0.1891	-0.3889	3.6317	0.2571	-1.6672	0.5230	4.9553
0	0.1686	0.1833	-0.0750	-0.2099	-3.1916	0.2851	1.1481	0.6017	-1.8620
1	0.3214	-0.2091	-0.1059	-0.2880	0.1558	-3.8031	3.3091	3.2824	1.4162
2	-0.1921	-0.2714	-0.1774	-0.2334	3.5438	0.1735	-1.8575	0.3600	4.3696
0	0.1775	0.0470	-0.0675	-0.0065	-3.3003	0.1753	1.6346	-0.8349	-2.4004
1	0.1643	-0.2334	-0.0612	-0.2891	-0.0182	-3.1266	2.2737	2.2070	1.2387
2	-0.1871	-0.1332	-0.1681	-0.1053	3.0834	0.1017	-1.6600	0.1555	2.5016
0	0.1837	-0.1016	-0.0743	0.2284	-2.9932	0.1988	1.4530	0.4115	1.1408
1	0.0328	-0.2632	-0.0225	0.0376	-0.1357	-3.4746	1.1500	1.7245	1.6351
2	-0.1782	0.0152	-0.1679	0.2259	3.3288	0.1791	-2.0326	0.1729	1.9378
0	0.1901	-0.2407	-0.0816	0.0527	-3.1307	0.0963	2.0903	-1.7794	1.2641
1	-0.1167	-0.3101	0.0235	0.0163	-0.2571	-2.7656	0.4293	0.2021	1.5819
2	-0.1707	0.1556	-0.1739	0.0892	2.8457	0.0984	-1.3749	-0.5887	-0.6241
0	0.1917	-0.3765	-0.0846	0.0972	-2.6505	0.1231	1.4495	0.0362	3.9433
1	-0.2409	-0.3737	0.0888	0.0120	-0.0825	-3.2535	-1.0551	-1.1040	1.5946
2	-0.1606	0.2901	-0.1711	0.0961	3.0926	0.2416	-1.7115	-1.0715	-1.6459
0	0.1961	-0.4758	-0.0928	0.1748	-2.1380	0.1690	1.9641	-2.2036	3.6649
1	-0.3680	-0.4863	0.2053	-0.0518	-0.2022	-2.2200	-0.7524	-2.5484	1.7325
2	-0.1538	0.4093	-0.1709	0.1332	2.0640	-0.0105	-1.2935	-2.0212	-3.3385
0	0.1911	-0.5912	-0.1039	0.2658	-2.3526	-0.0326	1.7901	-2.2296	5.4008
1	-0.4545	-0.6401	0.3564	0.1083	-0.2006	-2.3215	-1.7286	-3.6621	1.8013
2	-0.1447	0.5102	-0.1730	0.3150	2.3635	0.2109	-1.6237	-2.2970	-3.6011
0	0.1879	-0.7064	-0.1070	0.0273	-3.0292	0.0422	1.6080	-3.0355	5.1279
1	-0.5404	-0.9292	0.6454	0.1119	-0.0840	-2.4588	-2.2088	-4.4689	1.6795
2	-0.1305	0.6147	-0.1698	0.0686	2.6170	0.2540	-1.0554	-2.4773	-4.8553
0	0.1834	-0.8354	-0.1160	0.4579	-2.3825	0.2080	1.0848	-2.2837	6.6618
1	-0.5842	4.4815	1.5249	0.0469	-0.1664	-3.1261	-2.8284	-5.2585	1.7197
2	-0.1194	0.7527	-0.1632	0.3271	2.7667	0.0978	-1.3364	-3.0378	-4.7460
0	0.1729	-0.9318	-0.1328	0.2271	-2.2844	0.0687	1.8278	-5.2718	8.1416
1	-0.5332	3.7942	2.2051	0.2093	-0.4955	-1.9823	-1.6413	-6.4436	1.8742
2	-0.1033	0.8495	-0.1716	0.3742	2.0734	0.0488	-0.9611	-4.8748	-6.1415
0	0.1700	-1.0270	-0.1447	0.3295	-1.6484	0.3872	0.8404	-3.1645	8.0412
1	-0.4583	3.5171	2.4766	0.0077	-0.2260	-2.2877	-2.9015	-8.2564	1.2520
2	-0.0938	0.9410	-0.1708	0.2003	2.1500	-0.0543	-0.4274	-4.9494	-7.4530
0	0.1609	-1.0967	-0.1674	0.4601	-1.8148	0.2049	1.5823	-7.1845	7.2720
1	-0.3834	3.3932	2.5896	0.0262	-0.6253	-1.3055	-1.9684	-8.7464	1.5464
2	-0.0839	1.0138	-0.1840	0.4221	1.5194	-0.2287	-0.6986	-6.0874	-7.0961
0	0.1435	-1.1805	-0.1853	0.5869	-1.5623	0.3709	0.7996	-4.8918	8.5176
1	-0.3144	3.2989	2.6703	0.2000	-0.4976	-1.9577	-2.1803	-9.5662	1.3639
2	-0.0659	1.0950	-0.1914	0.5157	1.8158	-0.0940	-0.7795	-6.6804	-7.0294
0	0.1265	-1.2330	-0.2106	0.4627	-0.7254	0.3776	1.2441	-6.5997	10.1571
1	-0.2452	3.2230	-3.5530	0.1238	-0.7255	-1.3336	-1.6190	-10.0732	1.3569
2	-0.0448	1.1626	-0.2067	0.5499	1.1093	-0.3651	-0.2344	-7.4439	-7.8899
0	0.1250	-1.2265	-0.2273	-0.0375	0.8892	0.3162	0.8433	-5.8362	10.3894
1	-0.2108	3.1771	-3.5250	-0.0202	-0.4330	-0.0601	-1.1828	-11.3389	0.7815
2	-0.0317	1.1850	-0.2236	0.0926	-0.3659	-0.3901	0.3025	-8.8123	-9.3282
0	0.1344	-1.1662	-0.2373	-0.2119	1.8483	0.2336	1.0093	-6.3169	9.7968
1	-0.2411	3.1788	-3.5356	-0.2196	-0.2412	1.3768	-1.3518	-11.6631	0.5623
2	-0.0357	1.1434	-0.2403	-0.1288	-1.4326	-0.4384	0.2996	-8.5621	-9.2955
0	0.1490	-1.0673	-0.2410	-0.2639	2.4284	0.2196	0.9559	-5.9850	8.4167
1	-0.3206	3.2223	2.7019	-0.3068	-0.0261	2.2645	-1.6248	-11.2027	0.7044
2	-0.0507	1.0502	-0.2551	-0.2766	-2.3279	-0.4449	0.0218	-7.8982	-8.5241
0	0.1615	-0.9702	-0.2448	-0.1291	1.6700	0.1908	1.8239	-6.0696	6.7811
1	-0.4305	3.3330	2.5908	-0.3029	-0.0580	2.2767	-2.0273	-9.6730	1.0755
2	-0.0676	0.9508	-0.2675	-0.1618	-1.9592	-0.4163	-0.5106	-6.3063	-7.0402
0	0.1672	-0.9028	-0.2431	-0.0690	1.3482	-0.0539	1.1409	-4.4391	6.7852
1	-0.5045	3.4772	2.4440	-0.1511	0.0047	1.5216	-2.3623	-8.5114	1.5076
2	-0.0796	0.8764	-0.2748	-0.0968	-1.3836	-0.1631	-0.9845	-5.5102	-6.3476
0	0.1710	-0.8493	-0.2416	-0.1437	1.0680	0.1784	1.1700	-3.5514	7.3524
1	-0.5570	3.6432	2.2809	0.0128	0.0428	1.2992	-2.4444	-7.6547	1.1036
2	-0.0861	0.8181	-0.2752	-0.1174	-1.1955	-0.2142	-0.3859	-4.4083	-6.5901
0	0.1805	-0.8090	-0.2394	-0.0930	0.8792	0.0561	1.3159	-3.5272	6.1799
1	-0.5911	3.9075	2.0166	-0.2799	0.0484	0.8676	-3.2605	-7.3079	1.0268
2	-0.0990	0.7746	-0.2761	-0.2090	-0.8241	-0.1555	-0.4528	-3.9468	-6.7870
0	0.1816	-0.7671	-0.2379	-0.0436	1.0005	-0.0154	1.5542	-3.4047	6.8755
1	-0.6061	4.2414	1.6856	-0.0548	0.0252	0.9411	-2.6532	-7.0391	1.3363
2	-0.1059	0.7315	-0.2752	-0.0404	-0.9982	-0.0942	-0.8986	-4.2701	-6.2645
0	0.1853	-0.7239	-0.2297	-0.2978	0.8341	-0.1404	1.7641	-3.5216	6.9480
1	-0.6128	-1.6458	1.2916	-0.0916	0.1219	0.9230	-2.8762	-6.9093	1.3241
2	-0.1111	0.6907	-0.2712	-0.2252	-0.8836	0.0013	-0.6717	-3.8545	-6.6885
0	0.1882	-0.6827	-0.2075	-0.4925	1.0132	-0.3468	1.5756	-2.6803	6.5701
1	-0.5994	-1.2776	0.9365	-0.1399	0.4580	0.8574	-2.9932	-6.7860	1.1777
2	-0.1185	0.6520	-0.2550	-0.4323	-0.9548	0.2542	-0.6603	-3.9666	-6.6819
0	0.1915	-0.6297	-0.1809	-0.4809	1.1672	-0.2511	1.4403	-2.4030	5.5176
1	-0.5744	-1.0011	0.6839	-0.1915	0.6005	1.0449	-2.7581	-6.2696	1.2972
2	-0.1265	0.6047	-0.2296	-0.5022	-1.1664	0.2124	-0.7714	-3.3320	-6.1092
0	0.1951	-0.5710	-0.1531	-0.5783	1.1940	-0.2549	1.6225	-2.3346	5.2132
1	-0.5344	-0.7936	0.5007	-0.2154	0.5611	1.1357	-2.5111	-5.4290	1.4906
2	-0.1365	0.5456	-0.2031	-0.5151	-1.2195	0.2013	-0.9128	-2.8980	-5.1486
0	0.1970	-0.5156	-0.1240	-0.5191	1.1956	-0.3155	1.4649	-2.2019	3.9102
1	-0.4836	-0.6511	0.3854	-0.2687	0.6328	1.1521	-2.1726	-5.0382	1.4131
2	-0.1460	0.4903	-0.1757	-0.5519	-1.1961	0.2547	-0.9849	-2.8288	-4.6107
0	0.1940	-0.4517	-0.0972	-0.3717	1.2694	-0.3242	1.4514	-2.0649	3.2120
1	-0.4352	-0.5552	0.3160	-0.1899	0.5889	1.2172	-1.5485	-4.3478	1.5497
2	-0.1514	0.4326	-0.1492	-0.4321	-1.3053	0.2158	-1.1833	-2.5124	-3.6046
0	0.1848	-0.3983	-0.0772	-0.2969	1.0509	-0.4528	1.5007	-2.2073	2.8243
1	-0.3794	-0.4655	0.2493	-0.0287	0.4999	1.1845	-1.3201	-3.7298	1.5238
2	-0.1512	0.3657	-0.1248	-0.2871	-1.1630	0.3182	-1.2417	-2.1953	-3.0445
0	0.1616	-0.3583	-0.0583	-0.1360	0.5875	-0.5625	0.4872	-0.4873	3.6517
1	-0.3361	-0.3916	0.1959	0.2256	0.5525	0.8376	-1.4478	-3.2988	1.3480
2	-0.1384	0.3224	-0.1055	-0.0595	-0.6936	0.5550	-1.1119	-1.6619	-2.5219
0	0.1481	-0.3248	-0.0322	-0.6675	0.7936	-0.4776	1.3221	-1.6819	3.3553
1	-0.3125	-0.3191	0.1438	0.0899	0.5765	0.6694	-1.9998	-2.8765	0.7249
2	-0.1244	0.2899	-0.0852	-0.5058	-0.8424	0.3779	0.0663	-1.0793	-3.8502
0	0.1328	-0.2933	0.0031	-0.5803	0.5800	-0.5425	0.9090	-0.0814	1.7687
1	-0.2797	-0.2791	0.1359	-0.1383	0.9022	0.6992	-1.7567	-3.0419	0.6087
2	-0.1169	0.2539	-0.0502	-0.5762	-0.6685	0.5935	-0.5125	-1.4634	-3.0450
0	0.1185	-0.2646	0.0302	-0.4136	0.6870	-0.5020	1.0874	-0.4909	1.4104
1	-0.2544	-0.2377	0.1324	-0.0814	0.7518	0.5392	-1.3557	-1.8364	1.1798
2	-0.1064	0.2245	-0.0187	-0.4308	-0.6537	0.4406	-1.0569	-0.3260	-1.5682
0	0.0985	-0.2320	0.0534	-0.3076	0.6480	-0.5390	0.8085	-0.0600	1.1956
1	-0.2256	-0.1979	0.1247	0.0724	0.6984	0.6694	-0.8403	-1.2676	1.1193
2	-0.0928	0.1895	0.0070	-0.3108	-0.7164	0.5115	-0.9451	-0.5521	-1.3566
0	0.0777	-0.1907	0.0702	-0.2059	1.1994	-0.4318	0.5541	0.9996	2.1291
1	-0.1979	-0.1545	0.1085	0.1454	0.6080	0.6607	-1.0766	-1.0459	0.9613
2	-0.0761	0.1542	0.0270	-0.1863	-0.9479	0.4157	-0.7085	-0.1162	-1.3743
0	0.0608	-0.1315	0.0841	-0.2794	1.4112	-0.4245	0.8492	0.0216	0.8571
1	-0.1489	-0.1125	0.0897	0.1162	0.5124	1.4108	-0.9587	-0.9508	0.6821
2	-0.0642	0.0975	0.0409	-0.2426	-1.4933	0.3183	-0.3924	-0.1934	-1.6409
0	0.0456	-0.0660	0.0987	-0.2890	1.4812	-0.3196	0.2672	0.4095	-0.0360
1	-0.0876	-0.0829	0.0809	0.0325	0.4969	1.4388	-0.9616	-0.3171	0.6536
2	-0.0545	0.0274	0.0564	-0.2697	-1.5598	0.1985	-0.3357	0.5043	-0.6620
0	0.0311	-0.0045	0.1173	-0.3834	1.2758	-0.2593	0.0972	0.5898	-0.6558
1	-0.0238	-0.0631	0.0819	-0.0655	0.5009	1.3049	-0.6667	0.4111	0.2960
2	-0.0476	-0.0338	0.0722	-0.3920	-1.2129	0.2325	-0.1850	0.7342	0.1696
0	0.0202	0.0557	0.1314	-0.3361	1.5415	-0.2941	-0.0605	-0.3659	-1.5605
1	0.0330	-0.0474	0.0906	-0.1325	0.4349	1.4246	0.3922	0.6333	0.3049
2	-0.0424	-0.0952	0.0888	-0.3195	-1.5912	0.1463	-0.2350	-0.1076	0.9407
0	0.0046	0.1189	0.1469	-0.2736	1.1258	-0.2581	-0.0802	0.0865	-2.6936
1	0.0979	-0.0332	0.0988	-0.0924	0.5034	1.4119	1.0743	1.1136	-0.1860
2	-0.0352	-0.1593	0.1033	-0.3481	-1.2886	0.1992	-0.0170	0.3231	1.9888
0	-0.0059	0.1792	0.1517	-0.0480	1.2942	-0.1070	-0.0728	-0.5300	-2.8505
1	0.1504	-0.0183	0.1049	0.0447	0.3310	1.3092	1.2369	1.7312	0.0945
2	-0.0290	-0.2170	0.1117	-0.0871	-1.4540	0.0090	-0.2333	0.7575	2.5630
0	-0.0174	0.2245	0.1538	-0.1710	0.9530	-0.2394	-0.5202	0.8761	-1.9587
1	0.2100	-0.0122	0.1075	0.0740	0.2182	1.0586	1.3251	1.8361	0.0362
2	-0.0256	-0.2693	0.1131	-0.0857	-0.9924	0.1885	-0.1724	0.4020	2.4352
0	-0.0295	0.2563	0.1628	-0.3269	0.5535	-0.2113	-0.5582	-0.0837	-3.3584
1	0.2555	0.0010	0.1071	-0.0579	0.3064	0.8180	1.1350	1.8308	-0.5163
2	-0.0173	-0.3091	0.1193	-0.2852	-0.6734	0.1463	0.5025	0.9584	2.3704
0	-0.0432	0.2802	0.1726	-0.1587	0.5059	-0.2142	-0.5409	0.1059	-3.7455
1	0.2831	0.0146	0.1141	-0.0855	0.3761	0.4875	2.0182	2.4541	-0.6251
2	-0.0053	-0.3374	0.1307	-0.1998	-0.4989	0.1793	0.1864	0.6571	3.5894
0	-0.0536	0.3096	0.1753	-0.0973	0.7722	-0.1699	-0.8491	0.2895	-3.6054
1	0.3049	0.0270	0.1162	0.0247	0.2691	0.6376	2.5110	2.5031	-0.4461
2	0.0029	-0.3631	0.1334	-0.1155	-0.7208	0.1325	0.2040	0.4327	3.6894
0	-0.0637	0.3325	0.1773	-0.1050	0.3532	-0.1304	-0.8054	0.3878	-3.3962
1	0.3364	0.0362	0.1174	0.0402	0.2307	0.6162	2.2498	2.6253	-0.7925
2	0.0105	-0.3929	0.1343	-0.0886	-0.3771	0.1474	0.4549	0.9770	3.6714
0	-0.0700	0.3583	0.1804	-0.1216	0.8880	-0.0884	-0.8053	-0.1247	-3.2803
1	0.3545	0.0449	0.1175	-0.0295	0.1647	0.4900	2.3007	2.4260	-0.7485
2	0.0159	-0.4119	0.1356	-0.1150	-0.6675	0.0331	0.5456	0.2781	3.4364
0	-0.0767	0.4019	0.1858	-0.2191	1.0976	-0.0885	-0.6573	-0.9031	-3.8119
1	0.3891	0.0494	0.1236	-0.0848	0.1945	0.9999	3.2005	2.0323	-0.8609
2	0.0187	-0.4523	0.1395	-0.1888	-1.0581	-0.0018	0.5601	-0.4656	3.5969
0	-0.0875	0.4538	0.1934	-0.2289	1.0323	-0.1621	-0.7785	-1.2253	-4.8572
1	0.4355	0.0546	0.1344	-0.1225	0.2572	1.1010	3.5191	2.0338	-0.8417
2	0.0232	-0.5040	0.1468	-0.2315	-1.0835	0.0550	0.4063	-0.7043	4.3065
0	-0.0990	0.4968	0.1977	-0.1974	1.1040	-0.1728	-1.0488	-0.8759	-5.1500
1	0.4805	0.0629	0.1442	-0.0623	0.3056	0.9865	3.9657	2.3327	-0.8499
2	0.0306	-0.5487	0.1521	-0.2035	-1.0175	0.1078	0.3959	-0.5641	5.1307
0	-0.1115	0.5539	0.1989	-0.1344	1.4509	-0.2440	-1.1303	-1.0634	-5.3086
1	0.5291	0.0736	0.1529	-0.0294	0.2936	1.2176	4.7779	2.7603	-1.0627
2	0.0381	-0.5989	0.1552	-0.1500	-1.3746	0.1143	0.6032	-0.9903	5.5699
0	-0.1255	0.6176	0.1994	-0.2697	1.2082	-0.1925	-1.2034	-1.1868	-6.1051
1	0.5903	0.0846	0.1604	0.0501	0.3167	1.5202	4.9349	2.8225	-1.2358
2	0.0466	-0.6639	0.1556	-0.1800	-1.4991	0.1251	0.7351	-0.8365	5.6475
0	-0.1377	0.6554	0.2046	-0.2208	0.6076	-0.0428	-1.7134	-0.2564	-7.4562
1	0.6428	0.0966	0.1700	-0.0978	0.3523	1.0498	4.5248	3.3324	-1.3618
2	0.0573	-0.7153	0.1600	-0.2563	-0.8354	0.0880	0.8603	0.2894	6.3107
0	-0.1404	0.6607	0.2119	-0.1753	-0.3809	0.1088	-1.4972	-1.3254	-7.9991
1	0.6743	0.1058	0.1807	-0.1772	0.0779	0.3511	4.6913	4.5338	-1.3568
2	0.0617	-0.7356	0.1651	-0.1823	0.0574	-0.0927	0.9158	1.2519	7.5524
0	-0.1397	0.6263	0.2185	-0.0165	-0.7665	0.1128	-1.4189	-0.7581	-6.8598
1	0.6628	0.1062	0.1860	-0.1838	0.0090	-0.6760	4.9176	4.6684	-1.5020
2	0.0634	-0.7114	0.1685	-0.0683	0.8047	-0.0405	0.7296	0.7061	7.7139
0	-0.1338	0.5991	0.2218	0.0257	-0.5290	0.3069	-1.5236	-0.1313	-5.9803
1	0.6282	0.1040	0.1831	-0.0800	-0.0964	-0.7091	5.3603	4.1709	-1.3328
2	0.0615	-0.6788	0.1665	0.0064	0.6052	-0.1732	0.7465	-0.1103	6.7147
0	-0.1211	0.5686	0.2281	0.0116	-0.7634	0.3171	-1.3078	-1.2747	-6.1850
1	0.6014	0.0951	0.1833	-0.1911	-0.2705	-0.5122	5.0805	3.5248	-1.2769
2	0.0513	-0.6511	0.1673	0.0051	0.7078	-0.2553	0.8630	-0.1475	6.1760
0	-0.1087	0.5321	0.2332	0.0895	-0.4626	0.2961	-1.2043	-0.9973	-5.1770
1	0.5672	0.0816	0.1855	-0.1857	-0.2492	-0.7900	4.9434	3.1873	-1.3248
2	0.0418	-0.6149	0.1677	0.0364	0.7473	-0.2241	0.6524	-0.7703	6.1506
0	-0.0952	0.5240	0.2316	0.2506	-0.0305	0.1909	-0.7838	-1.9496	-5.3721
1	0.5390	0.0680	0.1865	-0.0920	-0.3163	-0.2014	5.4156	2.5169	-1.0593
2	0.0290	-0.5981	0.1639	0.1741	0.1140	-0.2687	0.4292	-1.5406	5.6014
0	-0.0860	0.5312	0.2212	0.2541	0.4402	0.0610	-0.9998	-0.9715	-4.2286
1	0.5366	0.0551	0.1839	0.1396	-0.2652	0.0386	5.1237	2.1799	-0.8988
2	0.0186	-0.5986	0.1529	0.2819	-0.1281	-0.0941	0.2774	-1.5834	5.3811
0	-0.0804	0.5809	0.2136	0.1652	1.5236	-0.0122	-0.7211	-1.6562	-4.6044
1	0.5533	0.0466	0.1769	0.1179	-0.1823	0.8437	5.1820	2.0277	-1.0531
2	0.0097	-0.6304	0.1415	0.1745	-1.3028	-0.1494	0.6265	-2.1654	4.7359
0	-0.0794	0.6701	0.2069	0.0996	2.4701	-0.0263	-1.0592	-1.0192	-5.0754
1	0.6137	0.0418	0.1779	0.1041	-0.0136	1.7770	5.6044	2.0772	-1.0614
2	0.0032	-0.7045	0.1351	0.1005	-1.9845	-0.1416	0.4615	-1.9373	5.3471
0	-0.0794	0.8073	0.2023	0.0252	3.2829	-0.0594	-0.7510	-3.2532	-7.0189
1	0.7213	0.0403	0.1853	0.0783	-0.0023	3.0291	6.5486	2.7019	-1.1207
2	-0.0054	-0.8199	0.1326	0.0620	-3.2786	-0.2686	0.5814	-2.3820	6.3987
0	-0.0823	0.9485	0.1980	0.0217	2.8293	-0.0184	-1.0467	-3.0057	-8.1852
1	0.8680	0.0413	0.1994	0.0250	0.1045	3.0529	7.2768	3.1803	-1.1168
2	-0.0124	-0.9681	0.1341	-0.0171	-2.8534	-0.1539	0.1870	-2.1419	8.2512
0	-0.0792	1.0753	0.2030	-0.0567	2.9140	0.3532	-1.1988	-4.0649	-8.5936
1	0.9973	0.0470	0.2137	-0.0974	0.0200	2.8863	8.1961	3.5644	-0.9022
2	-0.0184	-1.0938	0.1389	-0.0969	-2.9592	-0.4428	0.3663	-2.2846	8.8805
0	-0.0793	1.1841	0.2164	-0.2064	1.8781	0.1955	-0.6225	-6.7587	-10.3505
1	1.1152	0.0493	0.2387	-0.3622	-0.1226	2.6797	9.0863	3.2973	-1.0591
2	-0.0256	-1.2120	0.1568	-0.2271	-2.3110	-0.4596	0.3570	-3.1490	9.5518
0	-0.0844	1.2512	0.2224	-0.1049	1.0310	0.0633	-0.8897	-6.8409	-10.7336
1	1.2150	0.0588	0.2683	-0.2679	0.0668	1.5515	10.2368	2.7779	-1.1026
2	-0.0233	-1.2976	0.1690	-0.1427	-1.2680	-0.2043	-0.1158	-4.3847	10.9496
0	-0.0918	1.2749	0.2241	-0.2547	0.1001	0.0204	-0.7238	-6.7921	-10.6386
1	1.2680	0.0678	0.2846	-0.1641	0.0983	0.6711	11.2470	2.4771	-1.1828
2	-0.0192	-1.3368	0.1710	-0.1929	-0.4618	-0.0467	0.1122	-4.7955	10.9936
0	-0.1023	1.2606	0.2270	-0.1592	-0.5498	0.0611	-1.1546	-6.1535	-10.6054
1	1.2754	0.0782	0.2932	-0.2140	0.1622	-0.2014	11.2277	2.4187	-1.1369
2	-0.0092	-1.3344	0.1695	-0.1779	0.4274	0.0128	0.0247	-4.6168	11.0678
0	-0.1079	1.2299	0.2290	-0.1577	-0.7766	0.0202	-1.0850	-6.1689	-9.7664
1	1.2498	0.0836	0.2959	-0.1644	0.0371	-0.6554	11.4262	2.4905	-1.1116
2	-0.0030	-1.3071	0.1661	-0.1171	0.7233	0.0336	0.1187	-4.8693	10.8534
0	-0.1165	1.1908	0.2302	-0.2011	-0.9663	-0.0421	-1.2400	-6.2254	-9.8462
1	1.2166	0.0863	0.2951	-0.1567	0.1136	-0.8306	11.2023	2.1932	-1.3982
2	0.0047	-1.2728	0.1612	-0.1696	0.8669	0.0946	0.4197	-4.9632	10.2405
0	-0.1231	1.1448	0.2299	-0.0784	-1.1249	-0.0374	-1.0328	-5.7428	-9.8954
1	1.1727	0.0920	0.2919	-0.0980	0.1263	-1.0834	10.9031	2.3201	-1.5176
2	0.0148	-1.2264	0.1536	-0.0765	1.0766	0.1281	0.4119	-4.5810	10.4145
0	-0.1257	1.0909	0.2263	0.0233	-1.5058	-0.0879	-1.3670	-5.4336	-9.8668
1	1.1229	0.0936	0.2829	0.0036	0.0703	-1.1700	10.7801	2.5862	-1.3454
2	0.0204	-1.1762	0.1427	0.0483	1.3325	0.2094	0.2800	-4.2114	10.4224
0	-0.1271	0.9964	0.2201	0.0945	-2.3579	-0.0669	-1.4169	-4.7237	-9.6261
1	1.0605	0.0928	0.2666	0.0875	0.0825	-1.7881	9.9439	2.9694	-1.4936
2	0.0267	-1.1036	0.1271	0.0391	2.0790	0.2901	0.5129	-3.2777	10.1207
0	-0.1257	0.8785	0.2116	0.0904	-2.9221	-0.1114	-1.2514	-3.1881	-7.8685
1	0.9515	0.0921	0.2417	0.1123	0.0448	-2.7844	8.9805	3.3367	-1.4607
2	0.0353	-0.9879	0.1070	0.1442	2.8224	0.3969	0.4458	-2.5540	9.6709
0	-0.1263	0.7573	0.2070	0.0428	-2.6246	0.0221	-1.5692	-1.9812	-7.1244
1	0.8226	0.0944	0.2136	0.0576	0.0650	-2.8419	7.8550	3.6640	-1.5646
2	0.0444	-0.8771	0.0900	0.0780	2.6393	0.2923	0.8221	-2.0654	8.4809
0	-0.1220	0.6335	0.2026	0.1691	-2.9468	0.1124	-1.3120	-1.6405	-6.6381
1	0.7051	0.0955	0.1908	-0.0067	-0.1026	-2.7860	6.8588	3.6409	-1.5937
2	0.0517	-0.7554	0.0765	0.1922	2.8883	0.2361	0.7180	-1.1717	7.8824
0	-0.1154	0.5212	0.1961	0.1992	-2.2028	0.0774	-1.3442	-0.8199	-4.6706
1	0.5779	0.0936	0.1636	0.0620	-0.2022	-2.6966	5.7929	3.5661	-1.2741
2	0.0552	-0.6382	0.0613	0.2350	2.4647	0.1591	0.6537	-1.1955	6.8641
0	-0.1088	0.4325	0.1860	0.2919	-1.7427	-0.0538	-0.8590	-1.6898	-4.3486
1	0.4785	0.0917	0.1400	0.0871	-0.2283	-1.9781	5.0980	2.6688	-1.4281
2	0.0572	-0.5402	0.0454	0.2771	1.8423	0.1102	0.8304	-1.3685	5.2996
0	-0.1111	0.3617	0.1730	0.2288	-1.9404	-0.1691	-1.4005	-0.7193	-3.7160
1	0.4022	0.0931	0.1155	0.2617	-0.1416	-1.7360	4.1482	2.0338	-1.2476
2	0.0638	-0.4673	0.0278	0.3052	1.7571	0.3073	0.6308	-1.1514	4.6280
0	-0.1132	0.2743	0.1638	0.1362	-1.5650	0.0199	-1.3571	0.0441	-2.8307
1	0.3207	0.1053	0.0821	0.2532	-0.0658	-1.9000	2.7621	2.1024	-1.4829
2	0.0764	-0.3824	0.0119	0.1544	1.7297	0.1747	1.2200	-0.0301	3.6600
0	-0.1155	0.2017	0.1558	0.1408	-2.1777	-0.2053	-1.0872	-1.7051	-3.0920
1	0.2486	0.1142	0.0576	0.1070	-0.1140	-1.5305	2.5129	1.8766	-1.3736
2	0.0833	-0.3135	0.0020	0.1929	1.7186	0.2477	1.0334	-0.1505	3.2202
0	-0.1273	0.0808	0.1496	0.0310	-2.3944	-0.1201	-1.4623	1.5542	-0.6128
1	0.1479	0.1366	0.0180	0.2256	0.0558	-2.6985	0.8412	1.5296	-1.5903
2	0.1035	-0.2060	-0.0075	0.1027	2.6524	0.4461	1.2286	0.6003	2.6850
0	-0.1340	-0.0256	0.1458	0.0903	-2.9874	-0.2728	-1.1650	-1.4478	-1.9316
1	0.0480	0.1659	-0.0229	0.0969	-0.0640	-2.2376	0.5821	1.3719	-1.3012
2	0.1186	-0.1011	-0.0124	0.1762	2.5491	0.3615	1.2556	0.6484	1.7523
0	-0.1417	-0.1579	0.1434	0.1522	-2.1100	0.0593	-1.9217	1.7459	1.9981
1	-0.0665	0.2141	-0.0885	0.1894	0.0222	-3.1799	-0.5370	1.1663	-1.5192
2	0.1407	0.0339	-0.0153	0.1004	2.8481	0.3370	1.5103	0.5918	0.7316
0	-0.1374	-0.2179	0.1335	0.2338	-0.9452	0.1833	-1.3444	-0.6167	2.4698
1	-0.1722	0.2668	-0.1581	0.0074	-0.2276	-1.6621	0.3288	-0.8782	-1.2010
2	0.1475	0.1182	-0.0211	0.2142	1.2267	-0.0653	1.5568	-1.3926	-1.4400
0	-0.1319	-0.2462	0.1239	0.1635	-0.4064	0.1568	-1.2554	-1.6625	2.6845
1	-0.2196	0.2873	-0.1960	-0.0070	-0.2508	-0.6948	-0.4400	-2.4556	-1.2525
2	0.1472	0.1587	-0.0318	0.1600	0.5047	-0.1265	1.6512	-1.8892	-2.2164
0	-0.1326	-0.2559	0.1148	0.2255	-0.1696	0.0266	-1.5518	-0.6970	2.3534
1	-0.2387	0.2920	-0.2102	0.0303	-0.1376	-0.2741	-0.6998	-3.1693	-1.4021
2	0.1489	0.1730	-0.0399	0.2041	0.1771	0.0230	1.5879	-2.1869	-2.2875
0	-0.1358	-0.2672	0.1038	0.2092	-0.3780	-0.0454	-1.5695	-0.7224	2.8559
1	-0.2467	0.3037	-0.2290	0.1478	-0.1820	-0.2840	-1.3138	-2.8064	-1.3335
2	0.1532	0.1814	-0.0483	0.2657	0.3589	0.0156	1.6762	-0.8700	-1.9749
0	-0.1406	-0.2818	0.1042	-0.0462	-0.5062	-0.1649	-1.5541	-1.3179	2.0137
1	-0.2596	0.3236	-0.2564	0.0499	0.0160	-0.3027	-1.8758	-2.4699	-1.7588
2	0.1596	0.1964	-0.0522	-0.0278	0.2485	0.1385	2.2921	-0.9375	-2.8339
0	-0.1506	-0.3303	0.1080	-0.0501	-1.2506	-0.1421	-1.5545	1.0116	3.2960
1	-0.2795	0.3559	-0.2857	0.1350	0.1475	-1.0652	-2.4202	-2.4341	-1.7787
2	0.1708	0.2321	-0.0464	0.0485	1.3291	0.3631	1.8739	0.0470	-2.0078
0	-0.1481	-0.3546	0.1076	0.0572	0.1183	0.1327	-1.7227	0.1897	3.6976
1	-0.3285	0.4267	-0.3569	-0.1024	-0.0270	-0.6873	-2.1385	-1.9341	-1.3717
2	0.1767	0.2762	-0.0428	0.0260	0.3182	-0.0866	1.9904	-0.2276	-2.6151
0	-0.1420	-0.3299	0.1016	0.1287	0.8297	0.2708	-1.6080	0.0250	2.6655
1	-0.3346	0.4232	-0.3569	-0.0540	-0.1509	0.3946	-1.4056	-2.8680	-1.3668
2	0.1720	0.2669	-0.0483	0.0829	-0.6305	-0.2612	1.8427	-1.5148	-3.1330
0	-0.1313	-0.2827	0.0909	0.1185	1.3922	0.3494	-1.3992	0.3930	3.3770
1	-0.3057	0.3700	-0.3097	-0.0663	-0.3397	0.9948	-1.5416	-2.7820	-1.1128
2	0.1606	0.2276	-0.0610	0.1733	-1.0178	-0.4533	1.6147	-0.8627	-2.3477
0	-0.1140	-0.1859	0.0811	0.1964	3.1197	0.5798	-1.8348	0.7913	3.1546
1	-0.2536	0.2961	-0.2451	-0.1678	-0.4211	2.2098	-1.0986	-2.3424	-1.2691
2	0.1396	0.1522	-0.0770	0.1695	-2.6159	-0.8285	1.9157	-1.2538	-2.6061
0	-0.0927	-0.0248	0.0689	0.2877	3.2077	0.3734	-0.9920	-1.4337	-0.0581
1	-0.1301	0.1908	-0.1497	-0.1233	-0.5115	3.6496	-0.5465	-1.6515	-1.3671
2	0.1063	0.0102	-0.0959	0.2002	-3.3395	-0.7928	1.4061	-1.0720	-1.3237
0	-0.0779	0.1217	0.0553	0.2418	2.7026	0.2635	-0.9582	-1.0885	-1.1194
1	0.0305	0.1192	-0.0871	0.0946	-0.4201	3.2815	-0.3105	-0.0343	-0.9656
2	0.0779	-0.1387	-0.1142	0.2983	-2.8960	-0.5956	0.8376	-0.0506	0.9212
0	-0.0709	0.2209	0.0518	0.0054	2.3992	0.1351	-1.0207	0.2301	-1.0342
1	0.1592	0.0839	-0.0601	0.0528	-0.2289	2.5331	0.2492	0.7368	-1.1402
2	0.0586	-0.2508	-0.1232	0.0697	-2.2658	-0.3351	0.9796	0.1280	1.5042
0	-0.0630	0.3555	0.0562	0.0197	2.8263	0.2075	-0.7546	-1.3131	-4.3052
1	0.2688	0.0656	-0.0377	-0.1638	-0.0756	2.8262	1.3697	1.1775	-1.1721
2	0.0417	-0.3661	-0.1211	-0.0659	-2.9463	-0.4846	0.9162	-0.3156	2.0458
0	-0.0523	0.4821	0.0550	0.0951	2.8519	0.2289	-0.7049	-0.6810	-3.3578
1	0.4043	0.0468	-0.0102	-0.0589	-0.1676	2.6548	2.9615	2.4511	-0.5548
2	0.0210	-0.4920	-0.1196	0.1226	-2.5955	-0.4655	0.1152	-0.0979	4.7659
0	-0.0462	0.6022	0.0587	-0.0010	2.3006	0.1033	-0.6416	-2.7058	-7.1073
1	0.5350	0.0303	0.0103	-0.1632	-0.1055	2.9229	4.1346	2.5013	-0.8504
2	0.0018	-0.6156	-0.1151	-0.0805	-2.6844	-0.4101	0.4074	-0.8740	4.7092
0	-0.0412	0.6890	0.0593	0.0036	1.9655	0.1616	-0.4139	-1.6341	-5.7435
1	0.6372	0.0237	0.0246	-0.0360	-0.0970	2.0406	4.7865	3.0563	-0.6785
2	-0.0103	-0.7101	-0.1113	0.0599	-1.8887	-0.3076	-0.1118	-0.6028	6.7827
0	-0.0389	0.7760	0.0651	-0.1115	1.7902	0.0677	-0.2629	-3.1911	-7.1882
1	0.7227	0.0174	0.0367	-0.2013	-0.0475	2.0124	6.0719	3.1562	-0.6822
2	-0.0214	-0.7982	-0.1048	-0.1041	-1.9208	-0.3184	0.0509	-1.4121	6.7343
0	-0.0397	0.8569	0.0711	-0.0681	2.0461	0.2319	-0.8866	-2.1674	-7.2758
1	0.8055	0.0163	0.0516	-0.1562	0.0615	1.8559	6.7698	3.0894	-0.6584
2	-0.0261	-0.8762	-0.0976	-0.1203	-1.8766	-0.2900	-0.1090	-1.8336	7.4983
0	-0.0402	0.9441	0.0802	-0.2569	1.9181	0.1373	-0.4637	-3.6688	-7.4812
1	0.9002	0.0146	0.0696	-0.2508	-0.0619	2.0852	7.5843	3.1624	-0.6566
2	-0.0345	-0.9694	-0.0855	-0.1929	-1.9473	-0.3116	-0.0216	-2.2714	7.8397
0	-0.0467	1.0346	0.0936	-0.3281	2.1780	0.2257	-0.5848	-4.5680	-8.4240
1	0.9853	0.0195	0.0898	-0.3749	0.1096	2.0767	8.4303	2.8983	-0.8501
2	-0.0343	-1.0587	-0.0700	-0.3358	-2.1691	-0.3885	0.0930	-2.9983	8.3389
0	-0.0569	1.1174	0.1071	-0.3578	1.6611	0.1694	-0.7208	-5.4547	-9.6735
1	1.0774	0.0289	0.1171	-0.4439	0.1345	2.0233	9.2760	2.8715	-0.8046
2	-0.0313	-1.1399	-0.0534	-0.3726	-1.8174	-0.3030	-0.1365	-3.5318	9.4905
0	-0.0707	1.1768	0.1185	-0.4152	1.1202	0.0895	-0.8049	-5.9156	-10.1065
1	1.1524	0.0426	0.1446	-0.4347	0.1835	1.4131	10.2891	2.7691	-0.9294
2	-0.0219	-1.2129	-0.0373	-0.4348	-1.2060	-0.1723	-0.0860	-4.0965	10.3000
0	-0.0848	1.2263	0.1277	-0.2749	0.9415	0.1066	-0.8491	-6.4503	-10.6091
1	1.2004	0.0605	0.1687	-0.3777	0.2279	1.0664	10.9490	2.6311	-0.9862
2	-0.0098	-1.2608	-0.0268	-0.3302	-1.0634	-0.1858	-0.1134	-4.5099	10.6466
0	-0.0950	1.2495	0.1317	-0.2111	0.2127	0.0418	-1.0525	-6.3180	-11.0294
1	1.2450	0.0769	0.1917	-0.2601	0.1835	0.6610	11.3927	2.5341	-0.9569
2	-0.0010	-1.2963	-0.0206	-0.2555	-0.4552	-0.0471	-0.1502	-4.7040	10.9647
0	-0.1024	1.2491	0.1354	-0.1790	-0.1285	0.0877	-1.2839	-5.9465	-10.2008
1	1.2570	0.0876	0.2025	-0.1889	0.1075	0.0170	11.3802	2.6093	-1.0943
2	0.0065	-1.3030	-0.0198	-0.1797	0.0503	-0.0478	0.0609	-4.5199	11.0788
0	-0.1111	1.2323	0.1426	-0.2662	-0.5772	0.1575	-1.1924	-5.7805	-10.6867
1	1.2489	0.0942	0.2101	-0.2780	0.0771	-0.3198	11.4066	2.4546	-1.3834
2	0.0149	-1.2920	-0.0175	-0.2592	0.3835	-0.0569	0.3773	-4.5904	10.6231
0	-0.1138	1.1894	0.1519	-0.0532	-1.0045	0.2161	-1.2930	-5.6067	-9.7735
1	1.2220	0.1012	0.2184	-0.2598	-0.0118	-0.8072	11.0715	2.7546	-1.3195
2	0.0214	-1.2599	-0.0152	-0.0563	0.9486	-0.1097	0.1924	-4.0484	11.1072
0	-0.1182	1.1322	0.1621	-0.2328	-1.3857	0.1461	-1.0508	-5.4508	-9.9376
1	1.1743	0.0974	0.2189	-0.2740	-0.0721	-1.1295	10.8444	2.5969	-1.4854
2	0.0241	-1.2096	-0.0138	-0.2233	1.2143	-0.0218	0.5207	-4.4493	9.8665
0	-0.1203	1.0760	0.1727	-0.0902	-0.8620	0.2680	-1.5560	-3.9464	-8.6834
1	1.1070	0.0999	0.2206	-0.2927	0.0069	-1.3543	10.2987	2.7627	-1.4041
2	0.0310	-1.1511	-0.0130	-0.0924	1.1625	-0.1202	0.3197	-3.8380	10.1300
0	-0.1192	1.0398	0.1861	-0.1574	-0.8623	0.2813	-1.1671	-4.7084	-9.8771
1	1.0661	0.0971	0.2239	-0.3112	-0.1112	-0.7019	10.3040	2.9302	-1.5302
2	0.0304	-1.1132	-0.0088	-0.1630	0.7249	-0.2000	0.6745	-3.6955	9.3896
0	-0.1134	0.9880	0.1942	0.1778	-1.0051	0.2084	-1.4629	-3.6709	-9.6387
1	1.0223	0.0941	0.2306	-0.2069	-0.1321	-1.0820	9.5188	3.2963	-1.4069
2	0.0303	-1.0655	-0.0056	0.0833	1.1133	-0.0993	0.1324	-2.9373	10.3293
0	-0.0999	0.9457	0.1942	0.2373	-1.0834	0.1961	-0.9739	-3.7839	-8.9860
1	0.9752	0.0828	0.2241	0.0162	-0.2948	-0.8935	9.6876	3.5916	-1.3349
2	0.0206	-1.0195	-0.0130	0.2485	0.9831	-0.0911	0.2788	-2.9692	9.8059
0	-0.0840	0.8805	0.1944	0.2759	-1.2781	0.2527	-1.0229	-2.8816	-8.6206
1	0.9284	0.0694	0.2139	0.0030	-0.2799	-1.2894	8.8276	3.4975	-1.3603
2	0.0122	-0.9681	-0.0214	0.2214	1.3388	-0.1164	0.3319	-2.0953	9.2556
0	-0.0684	0.8323	0.1950	0.2414	-1.1059	0.3419	-0.9311	-2.3478	-8.0602
1	0.8658	0.0521	0.2033	0.0281	-0.4086	-1.2005	8.2915	3.6973	-1.1583
2	-0.0010	-0.9078	-0.0306	0.2645	1.1268	-0.2151	0.2873	-2.0365	8.7283
0	-0.0495	0.7759	0.1940	0.4046	-1.4637	0.2706	-0.5906	-2.5720	-8.3028
1	0.8170	0.0333	0.1964	-0.0085	-0.4650	-1.1850	7.6246	3.6765	-1.0321
2	-0.0158	-0.8546	-0.0379	0.3619	1.3879	-0.1833	-0.0786	-1.5537	8.6067
0	-0.0284	0.7134	0.1880	0.3675	-1.3777	0.2989	-0.4088	-2.0707	-6.8214
1	0.7575	0.0121	0.1849	0.1390	-0.5427	-1.4075	7.1690	3.7660	-0.6934
2	-0.0323	-0.7913	-0.0526	0.4236	1.4049	-0.2030	-0.1334	-1.3835	8.0863
0	-0.0087	0.6448	0.1843	0.3257	-1.4260	0.3196	-0.5121	-1.0942	-6.9653
1	0.6986	-0.0094	0.1738	0.0831	-0.4770	-1.3242	6.5152	3.4404	-0.7520
2	-0.0466	-0.7285	-0.0656	0.3350	1.5103	-0.1725	-0.0269	-1.0426	7.0539
0	0.0135	0.5887	0.1740	0.5907	-1.2189	0.2724	-0.2817	-1.6116	-6.3100
1	0.6382	-0.0311	0.1637	0.1844	-0.5672	-1.0424	5.9672	3.7054	-0.4490
2	-0.0635	-0.6604	-0.0836	0.5933	1.2883	-0.2043	-0.4285	-0.7047	7.0516
0	0.0314	0.5321	0.1583	0.4384	-1.4806	0.1325	0.2669	-1.7307	-5.3434
1	0.5932	-0.0546	0.1472	0.3837	-0.5741	-1.1175	5.6698	3.1898	-0.2481
2	-0.0779	-0.6048	-0.1066	0.5201	1.4159	-0.0499	-0.4241	-1.0324	6.0404
0	0.0448	0.4577	0.1457	0.2914	-1.4499	0.1488	0.2612	-0.9079	-4.2452
1	0.5355	-0.0700	0.1308	0.2489	-0.4028	-1.4877	5.0274	2.7553	-0.1536
2	-0.0843	-0.5358	-0.1267	0.3564	1.5319	-0.0041	-0.4847	-0.8267	5.1445
0	0.0554	0.3959	0.1385	0.2620	-1.3949	0.2176	0.1209	-0.4669	-4.6045
1	0.4626	-0.0830	0.1203	0.0984	-0.2943	-1.4078	4.4278	2.4462	0.0304
2	-0.0880	-0.4718	-0.1408	0.2576	1.4164	-0.0567	-0.4704	-0.5965	4.5584
0	0.0683	0.3420	0.1285	0.3525	-1.1129	0.1981	0.2957	-0.6041	-3.7276
1	0.4027	-0.0955	0.1161	0.0801	-0.3826	-1.3234	3.9040	2.6201	0.2610
2	-0.0947	-0.4080	-0.1551	0.3588	1.1856	-0.1174	-0.7150	-0.3933	4.3120
0	0.0805	0.2909	0.1159	0.3927	-1.1981	0.2437	0.3346	-0.0673	-3.6040
1	0.3502	-0.1100	0.1097	0.1570	-0.3767	-1.1231	3.4973	2.2352	0.2551
2	-0.1007	-0.3569	-0.1714	0.3792	1.2061	-0.1136	-0.6759	-0.1965	3.8181
0	0.0949	0.2412	0.1011	0.4300	-1.0142	0.2498	0.4303	0.0559	-3.0495
1	0.2985	-0.1254	0.1029	0.1470	-0.4598	-1.1023	2.8533	2.2871	0.4314
2	-0.1082	-0.3060	-0.1886	0.4089	1.1052	-0.1643	-0.7354	0.1130	3.3722
0	0.1064	0.1906	0.0838	0.4720	-1.2802	0.1771	0.6661	-0.1185	-2.6849
1	0.2517	-0.1426	0.0956	0.2039	-0.4699	-1.0724	2.3054	2.0868	0.5221
2	-0.1147	-0.2594	-0.2074	0.4688	1.2230	-0.0899	-0.8884	0.2921	2.9519
0	0.1204	0.1358	0.0633	0.4570	-0.8495	0.3264	0.7067	0.5449	-1.3608
1	0.1989	-0.1572	0.0860	0.2354	-0.4944	-1.1932	1.8371	1.8302	0.7054
2	-0.1196	-0.2008	-0.2306	0.4715	1.0676	-0.2067	-0.8348	0.3176	2.2270
0	0.1332	0.0966	0.0442	0.4871	-1.0157	0.1845	1.1694	-0.5161	-1.8537
1	0.1553	-0.1768	0.0800	0.1513	-0.5338	-0.7627	1.5898	1.4140	0.7491
2	-0.1286	-0.1611	-0.2512	0.4773	0.8737	-0.1827	-0.9363	0.0808	1.5653
0	0.1430	0.0476	0.0207	0.5090	-0.7734	0.2470	0.9443	0.5296	-0.2789
1	0.1106	-0.1943	0.0706	0.2887	-0.4731	-1.0537	0.9929	1.1302	1.0518
2	-0.1315	-0.1105	-0.2756	0.5316	0.9898	-0.1370	-1.2301	0.1227	1.3972
0	0.1521	0.0172	0.0001	0.4656	-0.6323	0.1785	1.3461	-0.3440	-0.5354
1	0.0679	-0.2110	0.0596	0.2234	-0.4923	-0.6192	0.8179	0.4683	1.0308
2	-0.1363	-0.0723	-0.2999	0.4741	0.6179	-0.1737	-1.0251	-0.2259	0.3314
0	0.1569	-0.0169	-0.0199	0.4601	-0.8076	0.1596	1.0559	0.4156	-0.2905
1	0.0390	-0.2235	0.0485	0.2775	-0.4119	-0.6993	0.4580	0.2691	1.1747
2	-0.1369	-0.0425	-0.3186	0.4794	0.7844	-0.0503	-1.2649	-0.1951	0.3602
0	0.1655	-0.0497	-0.0424	0.5185	-0.5911	0.2384	1.3476	-0.2759	0.2243
1	0.0046	-0.2336	0.0378	0.2335	-0.4823	-0.7536	0.1979	0.3142	1.3018
2	-0.1379	-0.0065	-0.3396	0.5203	0.6572	-0.2317	-1.1684	0.2140	0.1367
0	0.1697	-0.0869	-0.0651	0.4926	-0.9025	0.0891	1.4012	-0.4343	0.1672
1	-0.0251	-0.2493	0.0277	0.2637	-0.4646	-0.6311	0.1215	-0.0530	1.2976
2	-0.1398	0.0244	-0.3618	0.4925	0.7857	-0.0802	-1.2798	-0.2657	-0.2600
0	0.1709	-0.1288	-0.0877	0.5473	-0.8826	0.1571	1.2276	0.1308	0.7620
1	-0.0615	-0.2580	0.0157	0.3435	-0.4135	-0.8998	-0.2697	-0.2763	1.4199
2	-0.1349	0.0683	-0.3841	0.5450	0.9169	-0.0721	-1.3273	-0.0530	-0.4721
0	0.1716	-0.1734	-0.1117	0.5557	-1.1282	0.0893	1.5425	-0.6532	1.3956
1	-0.1039	-0.2681	0.0029	0.3275	-0.4880	-0.8961	-0.4917	-0.4491	1.4645
2	-0.1305	0.1109	-0.4070	0.5915	0.9961	-0.0686	-1.3141	-0.1667	-0.9058
0	0.1695	-0.2305	-0.1365	0.4789	-1.0425	0.1141	1.3186	-0.1090	2.4610
1	-0.1529	-0.2777	-0.0101	0.3674	-0.4194	-1.1525	-0.9853	-1.0333	1.4782
2	-0.1215	0.1637	-0.4287	0.5479	1.1074	-0.0050	-1.2411	-0.5001	-1.6445
0	0.1692	-0.2856	-0.1541	0.3662	-1.5383	0.1074	1.4045	-1.1450	1.9086
1	-0.2066	-0.2882	-0.0198	0.2561	-0.3842	-1.0711	-1.2910	-1.5538	1.3149
2	-0.1134	0.2172	-0.4465	0.4083	1.2759	-0.0231	-0.9227	-0.3957	-2.2975
0	0.1667	-0.3649	-0.1717	0.3658	-1.3523	0.1364	1.1532	-0.1856	3.9055
1	-0.2698	-0.3094	-0.0130	0.2471	-0.3283	-1.6958	-1.7512	-1.7306	1.3438
2	-0.1033	0.2893	-0.4585	0.4032	1.6097	0.0527	-1.0915	-0.6735	-2.2953
0	0.1663	-0.4327	-0.1851	0.2157	-1.9013	0.0964	1.4867	-2.1220	3.0642
1	-0.3415	-0.3409	0.0046	0.1635	-0.3303	-1.2440	-1.5811	-2.6596	1.3196
2	-0.0950	0.3530	-0.4698	0.2859	1.4565	0.0118	-0.8358	-1.3456	-3.4796
0	0.1624	-0.5273	-0.1976	0.3864	-1.9356	0.0995	1.0041	-1.2543	4.9500
1	-0.4167	-0.3966	0.0526	0.1672	-0.2357	-2.1908	-2.5447	-3.0578	1.3221
2	-0.0845	0.4379	-0.4736	0.3609	2.1671	0.1212	-1.0412	-1.4024	-3.3782
0	0.1573	-0.6134	-0.2120	0.2691	-1.9123	0.0554	1.2957	-2.6342	5.0237
1	-0.5024	-0.4967	0.1439	0.1942	-0.3093	-1.7111	-1.9065	-4.2472	1.2629
2	-0.0705	0.5260	-0.4808	0.3041	1.7183	0.0685	-0.5898	-2.6034	-4.8661
0	0.1504	-0.7016	-0.2235	0.2908	-1.6325	0.1041	1.0966	-1.7459	6.7875
1	-0.5836	-0.7208	0.3605	0.2160	-0.2347	-1.9920	-2.6786	-4.8765	1.1912
2	-0.0553	0.6179	-0.4829	0.3411	1.8385	0.1001	-0.6913	-2.5901	-5.1169
0	0.1465	-0.7587	-0.2331	0.2570	-1.2138	0.1423	1.0093	-2.3484	5.9456
1	-0.6385	-1.2773	0.9103	0.1170	-0.2430	-1.3609	-2.5141	-5.7992	1.1609
2	-0.0444	0.6856	-0.4859	0.2441	1.2639	-0.0030	-0.4021	-3.4534	-6.1669
0	0.1412	-0.8125	-0.2541	0.4363	-0.9737	0.3115	1.0744	-3.5439	6.9037
1	-0.6434	4.2339	1.6738	0.1197	-0.4179	-1.1244	-2.5773	-6.0183	1.3086
2	-0.0354	0.7378	-0.4944	0.4354	1.0584	-0.2305	-0.6392	-3.1772	-5.6680
0	0.1354	-0.8803	-0.2645	0.1576	-2.1754	-0.0271	1.0985	-4.2981	5.8972
1	-0.6162	3.6972	2.1929	0.1260	-0.3138	-1.2299	-2.7047	-6.6139	1.1158
2	-0.0240	0.7949	-0.5036	0.2090	1.8459	0.2023	-0.3322	-4.0052	-6.3110
0	0.1293	-0.9594	-0.2782	0.4264	-1.0513	0.3881	0.5454	-2.6507	8.1515
1	-0.5449	3.3713	2.5184	0.1207	-0.1582	-2.2109	-3.1691	-6.8296	0.9567
2	-0.0121	0.8843	-0.5003	0.3691	1.5420	-0.1704	-0.3474	-3.9986	-6.1101
0	0.1231	-1.0041	-0.2924	0.1414	-0.9951	0.0389	1.2095	-5.6029	8.0461
1	-0.4856	3.2564	2.6189	0.0824	-0.4642	-0.7449	-1.6199	-7.8068	1.1524
2	-0.0020	0.9272	-0.5120	0.2305	0.9433	-0.0218	-0.1412	-6.0304	-7.2576
0	0.1205	-1.0297	-0.3007	0.1466	0.0497	0.3148	0.6113	-4.0109	9.0565
1	-0.4477	3.2055	2.6649	0.0438	-0.1509	-0.8648	-2.1974	-9.2891	0.8353
2	0.0045	0.9662	-0.5108	0.1642	0.4578	-0.1362	-0.0570	-6.3285	-7.6875
0	0.1265	-1.0059	-0.3152	-0.0033	1.0319	0.3765	1.0618	-4.9077	9.0790
1	-0.4364	3.1956	2.6682	-0.1781	-0.3179	0.3400	-1.7171	-9.5703	0.9287
2	0.0032	0.9613	-0.5220	0.0193	-0.6083	-0.4299	0.1829	-6.6870	-8.2026
0	0.1350	-0.9374	-0.3264	0.0064	2.2026	0.3517	0.8757	-3.6146	8.8379
1	-0.4730	3.2431	2.6111	-0.2551	-0.2413	1.4473	-1.7753	-9.8117	0.9613
2	-0.0071	0.9057	-0.5378	-0.0200	-1.7739	-0.4945	-0.1782	-6.9061	-8.0579
0	0.1469	-0.7894	-0.3437	0.0150	3.7537	0.4975	1.0563	-4.1505	8.9402
1	-0.5565	3.3900	2.4544	-0.2710	-0.3344	2.9823	-1.5883	-8.8099	1.1015
2	-0.0206	0.7974	-0.5582	0.0228	-3.3947	-0.8259	-0.1079	-6.1579	-7.6684
0	0.1631	-0.6253	-0.3518	-0.1577	4.9979	0.5048	0.7483	-1.7379	8.8210
1	-0.6522	-1.5592	1.1045	-0.3508	-0.2341	3.9517	-2.2573	-7.9737	0.8952
2	-0.0444	0.6305	-0.5812	-0.2135	-4.3420	-0.8217	-0.0804	-5.4223	-7.4092
0	0.1885	-0.3635	-0.3542	-0.3057	6.0053	0.5916	1.2568	-2.9601	4.9109
1	-0.4838	-0.4448	-0.0212	-0.5148	-0.1807	5.8789	-1.6774	-6.6580	0.9731
2	-0.0846	0.3897	-0.5986	-0.3522	-6.0758	-1.1034	-0.3297	-4.8749	-5.7830
0	0.2216	-0.0863	-0.3484	-0.5871	5.5607	0.7492	1.8336	-2.5203	3.7599
1	-0.2174	-0.3088	-0.1726	-0.5867	-0.2775	5.8452	-1.4718	-3.3021	1.4109
2	-0.1346	0.1390	-0.6057	-0.3065	-5.6847	-1.2094	-1.1061	-1.7435	-1.6522
0	0.2456	0.1185	-0.3093	-0.7365	3.5182	0.3361	1.8123	-2.7437	-4.2040
1	0.0491	-0.2864	-0.2081	-1.1251	0.1996	4.8576	-0.4973	-0.2130	1.2056
2	-0.1877	-0.0886	-0.5816	-1.0099	-4.2082	-0.8084	-1.2825	-0.9162	0.3810
0	0.2527	0.2739	-0.2790	-0.6981	3.3460	0.2752	2.2944	-1.3671	-2.0149
1	0.2239	-0.2777	-0.2017	-0.6676	0.2228	3.3111	1.1647	1.6385	2.0893
2	-0.2154	-0.2478	-0.5476	-0.6324	-3.3276	-0.5381	-2.5869	-0.3225	3.4438
0	0.2502	0.4226	-0.2444	-0.5819	2.7946	0.0870	2.2940	-2.0442	-5.2492
1	0.3678	-0.2672	-0.1976	-0.7721	0.3743	3.1331	2.7368	1.8842	2.1622
2	-0.2348	-0.4096	-0.5062	-0.7129	-2.9019	-0.3691	-2.6446	-0.6282	3.7809
0	0.2410	0.5468	-0.2240	-0.4441	2.5093	0.0688	2.2454	-1.3970	-5.5838
1	0.4980	-0.2521	-0.1935	-0.4204	0.3704	2.6466	3.9343	2.6321	2.4661
2	-0.2400	-0.5355	-0.4778	-0.4674	-2.5614	-0.2241	-3.0404	-0.6534	5.5136
0	0.2333	0.6572	-0.2039	-0.4643	2.2230	0.1263	2.1223	-2.4453	-7.1194
1	0.6213	-0.2370	-0.1940	-0.4484	0.2669	2.4250	4.9362	3.1137	2.3692
2	-0.2436	-0.6496	-0.4535	-0.4916	-2.3774	-0.3245	-2.7585	-0.6304	5.9263
0	0.2243	0.7402	-0.1882	-0.2979	1.5320	0.0595	1.8888	-2.5020	-8.1268
1	0.7212	-0.2272	-0.1893	-0.4103	0.2357	2.0016	5.9235	3.5009	2.1178
2	-0.2444	-0.7508	-0.4292	-0.3802	-1.6682	-0.1909	-2.9075	-0.8917	7.6374
0	0.2166	0.8242	-0.1773	-0.2729	1.4145	0.0111	2.3871	-3.7580	-8.0305
1	0.8008	-0.2191	-0.1856	-0.2765	0.1215	1.6209	7.4202	3.6183	1.9738
2	-0.2444	-0.8254	-0.4145	-0.2396	-1.6224	-0.1995	-2.7441	-1.7476	8.0838
0	0.2045	0.8679	-0.1673	-0.3734	0.3427	-0.0325	2.0208	-3.6891	-9.2108
1	0.8678	-0.2120	-0.1841	-0.2669	0.2524	1.1490	7.6602	3.2493	1.8671
2	-0.2396	-0.8906	-0.4016	-0.3650	-0.8100	-0.0296	-2.6921	-1.8101	8.1212
0	0.1892	0.8464	-0.1591	-0.3393	-1.2654	-0.0620	1.7681	-2.5154	-9.7226
1	0.8940	-0.1986	-0.1751	-0.2393	0.3131	-0.3240	7.2872	3.7060	1.8642
2	-0.2260	-0.8964	-0.3933	-0.3430	0.7942	0.2291	-2.8488	-0.8409	8.9734
0	0.1829	0.7731	-0.1505	-0.1681	-1.5294	0.0851	1.6158	-1.5625	-7.2252
1	0.8495	-0.1862	-0.1619	-0.1770	0.1246	-1.5357	7.0121	4.5293	1.9780
2	-0.2119	-0.8340	-0.3915	-0.1289	1.6185	0.0961	-2.6756	-0.2185	8.9198
0	0.1787	0.7088	-0.1442	-0.1929	-1.7094	-0.0317	1.8815	-2.3246	-7.2642
1	0.7813	-0.1845	-0.1478	-0.1590	0.0505	-1.4251	6.9764	3.9499	1.5412
2	-0.2046	-0.7682	-0.3907	-0.1215	1.4622	0.1419	-2.2608	-1.1600	7.2580
0	0.1747	0.6222	-0.1342	-0.2030	-2.0712	0.2737	1.1349	-0.3337	-6.5171
1	0.7124	-0.1814	-0.1359	-0.1233	0.1512	-1.9098	6.0662	3.6985	1.4898
2	-0.1934	-0.6912	-0.3899	-0.1898	2.0983	0.0999	-2.1947	-0.2300	7.0219
0	0.1800	0.5337	-0.1213	-0.1356	-1.9599	0.2025	1.6091	-1.4759	-5.8898
1	0.6200	-0.1852	-0.1154	-0.3032	-0.1010	-2.0274	5.4813	3.9458	1.4979
2	-0.1906	-0.5989	-0.3836	-0.1333	1.9812	-0.0470	-2.0171	-0.1534	6.5085
0	0.1839	0.4488	-0.1147	0.0107	-1.9809	0.1909	1.4075	-0.5418	-5.1232
1	0.5346	-0.1944	-0.0946	-0.1754	-0.0414	-1.9975	5.2720	3.3518	1.4124
2	-0.1874	-0.5127	-0.3798	-0.0582	2.0386	0.0584	-2.1460	-0.6063	5.7985
0	0.1911	0.3643	-0.1131	0.0552	-1.9638	0.1383	1.8523	-0.8779	-4.3250
1	0.4409	-0.2060	-0.0765	-0.0831	-0.1641	-1.8878	4.2514	2.8971	1.6767
2	-0.1864	-0.4286	-0.3808	0.0724	1.8674	0.0156	-2.1914	-0.2697	4.6736
0	0.1939	0.2655	-0.1139	0.0836	-2.3564	0.0689	1.4291	0.1566	-3.2168
1	0.3560	-0.2192	-0.0626	0.0161	-0.0974	-2.2119	3.2579	2.6578	1.6823
2	-0.1819	-0.3362	-0.3844	0.0849	2.3529	0.2072	-2.1727	0.0415	4.1730
0	0.2024	0.1676	-0.1177	0.1594	-2.0729	0.2276	1.7656	-0.0678	-2.5659
1	0.2562	-0.2321	-0.0474	0.0009	-0.2149	-2.2705	2.6148	2.3850	1.7107
2	-0.1768	-0.2311	-0.3894	0.1487	2.0923	-0.0033	-1.9395	0.3285	3.0439
0	0.2091	0.0601	-0.1264	0.2968	-2.3154	0.0696	1.7298	-0.2874	-1.4606
1	0.1664	-0.2546	-0.0289	0.0347	-0.2743	-2.1683	1.6989	1.8458	1.8579
2	-0.1753	-0.1306	-0.3968	0.2604	2.3150	0.0960	-2.1648	0.1714	2.4078
0	0.2138	-0.0368	-0.1409	0.3271	-2.0823	0.1272	2.0084	-0.5279	-0.0932
1	0.0624	-0.2790	-0.0115	0.1848	-0.3235	-2.1914	1.3122	1.1401	1.8813
2	-0.1688	-0.0316	-0.4094	0.3698	2.0658	0.0251	-1.9543	-0.1664	1.3661
0	0.2130	-0.1406	-0.1561	0.4325	-2.3954	-0.0498	1.8412	-0.9142	0.5053
1	-0.0385	-0.3099	0.0082	0.2206	-0.2906	-2.2558	0.3064	0.2346	1.8393
2	-0.1597	0.0742	-0.4225	0.4209	2.3807	0.2262	-1.9931	-0.4098	0.2322
0	0.2074	-0.2547	-0.1742	0.3341	-2.4124	0.0200	1.8615	-0.9523	1.9905
1	-0.1456	-0.3377	0.0272	0.3601	-0.2840	-2.2767	-0.1088	-0.6657	1.9629
2	-0.1430	0.1775	-0.4355	0.4231	2.2445	0.1996	-1.6857	-0.8505	-1.0773
0	0.2033	-0.3708	-0.1840	0.2898	-3.0841	-0.0656	1.8318	-1.6449	2.5997
1	-0.2447	-0.3748	0.0570	0.2221	-0.2205	-2.6741	-1.2173	-1.4236	1.8027
2	-0.1270	0.2921	-0.4415	0.2999	3.0006	0.3071	-1.5257	-0.4101	-1.9146
0	0.1934	-0.4893	-0.1975	0.4393	-2.0793	0.0152	1.5377	-0.7200	4.7860
1	-0.3721	-0.4574	0.1384	0.3256	-0.2127	-2.8217	-1.4411	-2.1512	1.8682
2	-0.1065	0.4161	-0.4443	0.4578	2.4997	0.2568	-1.5628	-1.8662	-2.6818
0	0.1821	-0.5709	-0.2141	0.5427	-1.6606	-0.0884	1.7069	-2.7460	4.5475
1	-0.4696	-0.5652	0.2383	0.3143	-0.3505	-1.8005	-1.1366	-3.7392	1.8254
2	-0.0897	0.4996	-0.4523	0.4958	1.7346	0.1301	-1.2724	-2.6837	-4.0982
0	0.1590	-0.6438	-0.2326	0.5827	-1.3474	-0.1092	1.1964	-1.7955	5.8759
1	-0.5423	-0.6825	0.3446	0.5680	-0.3114	-1.5247	-1.6724	-4.9145	1.7737
2	-0.0624	0.5765	-0.4616	0.6679	1.3930	0.2686	-1.2249	-3.2978	-4.6937
0	0.1447	-0.7077	-0.2452	0.3540	-1.7588	-0.0185	1.2222	-2.8058	6.0104
1	-0.6043	-0.8296	0.4813	0.4456	-0.3023	-1.3353	-2.4652	-5.2922	1.3549
2	-0.0385	0.6369	-0.4682	0.4336	1.5888	0.1687	-0.4352	-2.4941	-5.6353
0	0.1301	-0.7874	-0.2572	0.4876	-1.2460	0.0334	0.6380	-1.9091	7.1175
1	-0.6556	4.6298	1.2970	0.2990	-0.2517	-1.7869	-3.0857	-5.8178	1.1605
2	-0.0177	0.7216	-0.4698	0.4834	1.5185	0.1402	-0.5480	-3.4320	-5.7459
0	0.1199	-0.8259	-0.2730	0.2800	-0.4556	0.1052	0.9773	-3.3316	8.0482
1	-0.6374	3.6596	2.2572	0.2524	-0.3987	-0.9090	-2.3530	-6.5870	1.1309
2	-0.0011	0.7685	-0.4779	0.3640	0.6836	-0.1065	-0.0747	-4.1468	-6.9190
0	0.1125	-0.8322	-0.2806	0.2321	0.2610	0.0514	0.8247	-2.9143	7.5765
1	-0.6182	3.4277	2.4787	0.1484	-0.2503	-0.3032	-2.7063	-7.7147	0.6831
2	0.0079	0.7858	-0.4836	0.2664	0.0022	-0.0372	-0.0306	-4.9539	-7.2995
0	0.1094	-0.8127	-0.2868	0.1082	0.6118	0.1011	0.7871	-3.3746	7.1220
1	-0.6290	3.3661	2.5344	0.0965	-0.1974	0.4878	-2.4752	-7.6427	0.8196
2	0.0137	0.7733	-0.4889	0.1476	-0.5209	-0.1486	-0.0422	-4.5681	-7.0882
0	0.1068	-0.7811	-0.2938	0.2132	0.7923	0.1228	0.5730	-2.9631	6.5229
1	-0.6533	3.4524	2.4444	0.0377	-0.1613	0.7235	-2.6107	-7.3347	0.7915
2	0.0145	0.7453	-0.4945	0.1766	-0.7204	-0.1766	-0.1103	-4.1987	-6.5238
0	0.1056	-0.7442	-0.3027	0.1160	0.6892	0.1330	0.9906	-3.1940	6.3087
1	-0.6862	3.8369	2.0538	0.0357	-0.2175	0.8561	-2.6373	-6.7467	0.7566
2	0.0154	0.7082	-0.5032	0.1514	-0.7963	-0.2212	-0.0649	-3.6522	-6.2145
0	0.1085	-0.7199	-0.3062	-0.0415	0.5347	0.1457	1.0046	-2.4992	6.3606
1	-0.6911	-1.0255	0.6273	-0.0094	-0.1390	0.6399	-2.9071	-6.4666	0.8269
2	0.0133	0.6792	-0.5083	0.0027	-0.4905	-0.1596	-0.2197	-3.3258	-6.1477
0	0.1126	-0.6873	-0.3096	0.0636	0.9623	0.1320	0.9378	-2.2634	6.2833
1	-0.6675	-0.5818	0.1821	-0.0978	-0.1062	0.6905	-2.8136	-6.1972	0.9822
2	0.0068	0.6511	-0.5107	0.0363	-0.7993	-0.2230	-0.4331	-3.3763	-5.9051
0	0.1200	-0.6351	-0.3150	-0.0709	1.1430	0.2523	1.0761	-2.4466	6.3027
1	-0.6302	-0.3868	-0.0163	-0.0622	-0.1474	1.1103	-2.5488	-5.9483	1.0317
2	-0.0001	0.6062	-0.5161	-0.0351	-1.1098	-0.3433	-0.3113	-3.0398	-6.0410
0	0.1256	-0.5908	-0.3142	-0.0453	0.8912	-0.0328	1.1019	-2.5224	5.2860
1	-0.5757	-0.3286	-0.0788	-0.1692	-0.0360	1.0805	-3.0058	-5.7313	0.9191
2	-0.0119	0.5557	-0.5180	-0.0604	-0.9523	-0.1042	-0.4938	-3.0204	-5.6805
0	0.1274	-0.5480	-0.3089	-0.1696	1.0419	0.0550	1.1444	-1.1554	5.5987
1	-0.5349	-0.2831	-0.1205	-0.0299	0.1015	0.8969	-2.8565	-5.2819	0.9490
2	-0.0154	0.5167	-0.5130	-0.1214	-0.9671	-0.0699	-0.5025	-2.5487	-5.3063
0	0.1333	-0.5022	-0.3032	-0.1182	0.8477	0.0700	1.0933	-1.4965	4.1206
1	-0.4918	-0.2612	-0.1362	-0.1816	0.0942	1.0400	-2.7172	-4.5935	1.1250
2	-0.0244	0.4722	-0.5067	-0.1525	-0.9692	-0.1246	-0.6227	-1.8659	-4.9311
0	0.1381	-0.4686	-0.2984	-0.1253	0.6916	0.0450	1.0971	-1.4815	3.8802
1	-0.4488	-0.2556	-0.1371	-0.1487	0.0566	0.7675	-2.6775	-3.9720	1.2197
2	-0.0330	0.4339	-0.5010	-0.1330	-0.7059	-0.1004	-0.7286	-1.5636	-4.0427
0	0.1395	-0.4415	-0.2938	-0.0635	0.5477	-0.0023	1.0143	-0.9813	3.6236
1	-0.4174	-0.2535	-0.1348	-0.0867	0.0858	0.6518	-2.1550	-3.5764	1.0716
2	-0.0381	0.4049	-0.4948	-0.0717	-0.5861	-0.0242	-0.7518	-1.5366	-3.6823
0	0.1383	-0.4201	-0.2899	-0.0444	0.4377	-0.0866	1.2544	-1.1280	3.5399
1	-0.3922	-0.2430	-0.1408	-0.0283	0.0706	0.5150	-2.2655	-3.2028	1.0725
2	-0.0398	0.3819	-0.4895	-0.0267	-0.4621	0.0280	-0.7373	-1.2136	-3.5852
0	0.1351	-0.4007	-0.2834	-0.1085	0.3217	-0.0892	1.2591	-0.7996	3.6069
1	-0.3717	-0.2271	-0.1516	0.0336	0.1293	0.4392	-2.1956	-3.0695	1.1140
2	-0.0384	0.3628	-0.4828	-0.0722	-0.4062	0.0814	-0.8329	-1.1363	-3.6432
0	0.1342	-0.3914	-0.2759	-0.1443	0.1949	-0.0337	1.1413	-0.4519	3.4682
1	-0.3559	-0.2131	-0.1577	-0.0454	0.1695	0.2236	-2.3939	-2.9028	1.2215
2	-0.0381	0.3500	-0.4735	-0.1232	-0.1859	0.0767	-0.8419	-0.8300	-3.5621
0	0.1362	-0.3781	-0.2683	-0.1643	0.3962	0.0124	1.0419	-0.6668	3.3433
1	-0.3477	-0.2122	-0.1504	-0.1214	0.1321	0.2785	-2.0642	-2.7651	1.1813
2	-0.0405	0.3397	-0.4640	-0.1526	-0.3275	-0.0073	-0.7622	-0.9778	-3.3843
0	0.1406	-0.3527	-0.2586	-0.2179	0.5572	0.0129	1.3572	-1.0803	2.9528
1	-0.3327	-0.2155	-0.1403	-0.1595	0.1287	0.4545	-1.7461	-2.7794	1.0829
2	-0.0464	0.3183	-0.4534	-0.2125	-0.5493	-0.0577	-0.7174	-1.2187	-3.2852
0	0.1407	-0.3295	-0.2490	-0.1615	0.5229	-0.1056	1.3295	-0.8086	2.6687
1	-0.3067	-0.2199	-0.1267	-0.1455	0.1829	0.5371	-1.6162	-2.6887	1.1893
2	-0.0514	0.2951	-0.4424	-0.1642	-0.5092	0.0654	-1.0642	-1.2888	-2.7785
0	0.1373	-0.3023	-0.2388	-0.2099	0.7068	-0.1178	1.0851	-0.1924	2.9979
1	-0.2816	-0.2102	-0.1258	-0.0339	0.2385	0.5883	-1.4234	-2.3652	1.2661
2	-0.0510	0.2683	-0.4303	-0.1657	-0.6706	0.1074	-0.9755	-1.1207	-2.7127
0	0.1343	-0.2686	-0.2240	-0.2884	0.6867	-0.1484	1.0818	-0.3749	2.2643
1	-0.2525	-0.1971	-0.1272	-0.1158	0.2926	0.7137	-1.6233	-2.1990	1.0718
2	-0.0518	0.2371	-0.4162	-0.2702	-0.7052	0.1223	-0.7318	-0.7619	-2.7897
0	0.1315	-0.2364	-0.2095	-0.3086	0.8307	-0.1325	1.1396	-0.1714	2.0172
1	-0.2221	-0.1864	-0.1225	-0.1409	0.3267	0.6993	-1.4945	-1.8295	1.0827
2	-0.0524	0.2062	-0.3999	-0.2885	-0.7749	0.1033	-0.8574	-0.5929	-2.2266
0	0.1267	-0.1909	-0.1925	-0.3108	1.1132	-0.1694	1.1157	0.1087	1.8258
1	-0.1872	-0.1765	-0.1162	-0.1416	0.3467	0.8735	-1.0907	-1.4997	1.1334
2	-0.0532	0.1675	-0.3834	-0.2855	-0.9888	0.1293	-0.9850	-0.6962	-1.7888
0	0.1225	-0.1359	-0.1752	-0.3903	1.3412	-0.1316	1.1627	0.0367	1.1205
1	-0.1366	-0.1616	-0.1123	-0.1676	0.3821	1.2165	-0.8007	-1.2176	1.1358
2	-0.0541	0.1169	-0.3660	-0.3650	-1.2947	0.0665	-0.9127	-0.5205	-1.5623
0	0.1164	-0.0749	-0.1564	-0.3604	1.4026	-0.1657	0.9000	0.5510	0.4294
1	-0.0805	-0.1514	-0.1038	-0.2110	0.4189	1.3293	-0.6052	-0.6460	1.1306
2	-0.0561	0.0580	-0.3464	-0.3700	-1.3452	0.1155	-1.0677	-0.1957	-0.7678
0	0.1125	-0.0079	-0.1391	-0.3563	1.5168	-0.0619	0.9387	0.0664	-0.6454
1	-0.0184	-0.1385	-0.0967	-0.2226	0.3672	1.4927	-0.3493	-0.0259	1.1151
2	-0.0581	-0.0103	-0.3269	-0.3755	-1.5229	-0.0250	-0.9702	0.2142	-0.2491
0	0.1093	0.0577	-0.1269	-0.1353	1.5199	-0.0385	0.8942	0.4788	-1.3085
1	0.0477	-0.1319	-0.0864	-0.2125	0.2906	1.4310	0.1375	0.5506	1.0821
2	-0.0621	-0.0754	-0.3113	-0.2283	-1.4280	-0.0462	-1.1757	0.3986	0.8570
0	0.1063	0.1263	-0.1209	-0.1628	1.4367	-0.0466	1.0308	-0.2229	-1.7259
1	0.1147	-0.1257	-0.0827	-0.0790	0.1387	1.6021	0.8653	1.0529	1.1971
2	-0.0661	-0.1437	-0.3041	-0.1250	-1.5838	-0.0734	-1.2435	0.1930	1.3765
0	0.1014	0.1832	-0.1138	-0.1386	1.3010	-0.0651	0.7038	0.3220	-1.8906
1	0.1786	-0.1196	-0.0812	-0.1088	0.2102	1.3054	0.9935	1.2472	0.9551
2	-0.0679	-0.2058	-0.2955	-0.1533	-1.2564	0.0083	-1.1196	0.2786	1.8445
0	0.0968	0.2451	-0.1028	-0.2988	1.3073	-0.0285	0.8440	0.1405	-2.3249
1	0.2337	-0.1125	-0.0791	-0.1553	0.1943	1.3034	1.4638	1.4317	0.8388
2	-0.0689	-0.2610	-0.2867	-0.2626	-1.2707	-0.0443	-0.9191	0.2663	1.9405
0	0.0931	0.3133	-0.0899	-0.3084	1.7846	0.0547	0.5297	0.1276	-2.6258
1	0.2959	-0.1062	-0.0703	-0.2418	0.2394	1.4873	1.9076	1.7344	0.7747
2	-0.0711	-0.3237	-0.2730	-0.3029	-1.6347	-0.1302	-0.9079	0.1080	2.4060
0	0.0900	0.3882	-0.0709	-0.4800	1.4888	0.1116	0.7094	-0.6858	-4.1095
1	0.3641	-0.1027	-0.0593	-0.3607	0.2371	1.7300	2.4699	2.0237	0.5758
2	-0.0762	-0.4012	-0.2554	-0.4652	-1.6101	-0.2036	-0.7246	0.1633	3.0624
0	0.0865	0.4419	-0.0493	-0.4849	0.9313	0.1468	0.6147	-0.7759	-5.7203
1	0.4371	-0.0991	-0.0385	-0.4818	0.2670	1.2913	2.9192	2.6304	0.6196
2	-0.0795	-0.4626	-0.2328	-0.5034	-1.1559	-0.2002	-1.0188	0.5061	4.6030
0	0.0823	0.4649	-0.0283	-0.3618	-0.0474	0.0928	0.7622	-0.9585	-7.0145
1	0.4808	-0.0964	-0.0177	-0.4667	0.2375	0.6244	3.5554	3.5612	0.6552
2	-0.0806	-0.4989	-0.2108	-0.4528	-0.2857	-0.1031	-1.2076	0.9148	5.7409
0	0.0819	0.4593	-0.0174	-0.1038	-0.0925	0.1478	0.6578	0.1021	-5.6602
1	0.4846	-0.0942	-0.0014	-0.2662	0.1190	-0.2098	3.8703	3.9700	0.8777
2	-0.0790	-0.4972	-0.1973	-0.1701	0.1825	-0.0765	-1.5650	0.8297	6.2661
0	0.0859	0.4502	-0.0134	-0.0102	-0.5190	0.1193	0.9503	-0.3136	-5.9783
1	0.4789	-0.0971	0.0071	-0.1458	-0.0543	-0.0809	4.3350	3.6633	0.9807
2	-0.0824	-0.4926	-0.1931	-0.0206	0.2199	-0.0836	-1.5434	0.4381	5.5526
0	0.0939	0.4152	-0.0097	0.0555	-1.0255	0.2656	0.9686	-0.3796	-5.4283
1	0.4643	-0.1021	0.0110	-0.1081	-0.1024	-0.6600	3.4701	3.7962	1.0162
2	-0.0859	-0.4675	-0.1927	0.0074	0.9102	-0.1501	-1.4413	1.3586	5.4050
0	0.1031	0.3612	-0.0097	0.0891	-1.5517	0.1384	1.1011	-0.8703	-4.8372
1	0.4234	-0.1138	0.0178	-0.0980	-0.2201	-1.1308	3.4291	3.5645	1.0889
2	-0.0916	-0.4189	-0.1952	0.0958	1.3023	-0.0490	-1.5596	0.6041	5.0735
0	0.1105	0.2631	-0.0118	0.0805	-2.6957	0.2084	1.1303	-0.0481	-3.4128
1	0.3612	-0.1245	0.0216	-0.0096	-0.1961	-1.9193	2.9983	3.0306	1.0456
2	-0.0915	-0.3429	-0.2001	0.1309	2.4064	0.0691	-1.5512	1.0568	4.7568
0	0.1249	0.1705	-0.0083	-0.0324	-1.8441	0.4565	1.0157	0.4825	-1.0070
1	0.2525	-0.1383	0.0288	-0.1741	-0.2495	-2.5642	2.1042	2.9791	1.1083
2	-0.0926	-0.2320	-0.2032	-0.0259	2.1481	-0.2327	-1.1123	0.8103	3.1389
0	0.1388	0.0500	0.0011	-0.3162	-3.8056	0.3028	1.3754	-1.0339	-2.3665
1	0.1622	-0.1652	0.0512	-0.2438	-0.2234	-1.9661	1.7525	1.2124	0.9479
2	-0.0988	-0.1372	-0.1991	-0.2010	2.9665	0.0535	-1.1705	0.0232	1.6942
0	0.1558	-0.1017	0.0107	-0.1086	-2.5620	0.4971	1.2695	0.9436	1.7066
1	0.0244	-0.1957	0.0887	-0.4023	-0.0995	-3.9444	-0.0834	1.6500	1.1349
2	-0.0985	0.0251	-0.1875	-0.1850	3.4841	-0.0764	-1.3471	0.8768	1.7665
0	0.1691	-0.1632	0.0042	0.2328	-0.3905	0.1759	1.8560	-0.9961	2.8723
1	-0.1107	-0.2519	0.1475	-0.2828	-0.3272	-1.9477	1.5709	-0.4935	1.5787
2	-0.1074	0.1264	-0.1875	0.1682	1.0102	-0.1871	-1.7205	-3.0647	-0.8648
0	0.1680	-0.1538	-0.0021	0.0246	0.6457	-0.1328	1.6898	-1.3151	2.4109
1	-0.1459	-0.2786	0.1627	0.0958	-0.1679	0.1455	1.0615	-2.8927	1.6209
2	-0.1100	0.1402	-0.1971	0.1429	-0.3620	-0.0301	-1.5394	-3.4945	-2.4694
0	0.1612	-0.1115	0.0014	-0.1019	1.3287	-0.1302	1.1434	-0.1378	1.7686
1	-0.1220	-0.2629	0.1444	0.0822	0.1562	0.9017	-0.1587	-2.3580	1.1588
2	-0.1067	0.1069	-0.1954	-0.0565	-1.0885	0.0628	-1.0218	-1.7976	-1.9992
0	0.1538	-0.0428	0.0108	-0.2388	1.6387	-0.2050	1.4391	-0.7161	0.6843
1	-0.0678	-0.2392	0.1250	-0.0276	0.2316	1.5114	-0.0345	-1.3076	1.1048
2	-0.1064	0.0480	-0.1886	-0.2001	-1.5650	0.0545	-1.0105	-1.0946	-1.1870
0	0.1447	0.0258	0.0237	-0.2927	1.4151	-0.1766	1.4046	-0.5402	-0.4270
1	0.0016	-0.2152	0.1115	-0.0927	0.3873	1.6236	0.1612	-0.7844	1.2469
2	-0.1049	-0.0211	-0.1763	-0.2897	-1.5886	0.1112	-1.2450	-0.8486	-0.4341
0	0.1350	0.0823	0.0388	-0.4227	1.2105	-0.1825	1.0338	-0.0099	-0.6908
1	0.0634	-0.1951	0.1066	-0.1430	0.3977	1.2811	0.1460	-0.0328	1.4559
2	-0.1023	-0.0828	-0.1614	-0.3546	-1.2426	0.1537	-1.3083	-0.1829	0.5093
0	0.1251	0.1426	0.0611	-0.4201	1.1698	-0.1014	0.9316	0.0437	-2.3222
1	0.1169	-0.1772	0.1102	-0.2859	0.4915	1.2191	0.6437	0.4697	1.0518
2	-0.0987	-0.1433	-0.1392	-0.4823	-1.2320	0.0733	-0.9596	0.0976	1.0511
0	0.1149	0.1887	0.0783	-0.4476	0.8236	-0.2500	1.0205	-0.6514	-2.8429
1	0.1700	-0.1637	0.1196	-0.2348	0.3744	1.0606	1.2203	1.3472	1.1513
2	-0.0963	-0.1951	-0.1203	-0.3960	-0.9617	0.1403	-1.3125	0.3065	2.2074
0	0.1009	0.2224	0.0939	-0.3198	0.7474	-0.0974	0.4550	0.8311	-3.2795
1	0.2110	-0.1462	0.1259	-0.1480	0.5403	0.7369	1.8015	1.8901	0.8140
2	-0.0865	-0.2315	-0.1029	-0.3793	-0.7421	0.2323	-1.0684	0.4546	3.0300
0	0.0931	0.2507	0.1053	-0.3194	0.4880	-0.1820	1.1583	-1.2540	-2.7505
1	0.2443	-0.1320	0.1314	-0.1639	0.2578	0.6631	2.0321	2.2685	0.9907
2	-0.0816	-0.2661	-0.0892	-0.2687	-0.5356	0.1178	-1.2166	0.4796	3.1331
0	0.0781	0.2855	0.1230	-0.4827	1.0699	-0.2026	0.7471	-0.6866	-3.1934
1	0.2676	-0.1203	0.1367	-0.1788	0.4817	0.5807	2.4931	1.4427	0.8415
2	-0.0721	-0.2926	-0.0746	-0.4642	-0.8045	0.1933	-0.9682	-0.7741	2.7229
0	0.0569	0.3317	0.1327	-0.1907	0.9591	-0.5225	0.6847	-0.1421	-3.8302
1	0.3065	-0.1030	0.1457	-0.1160	0.5375	1.0649	3.3949	1.4742	0.7325
2	-0.0605	-0.3389	-0.0574	-0.2945	-1.0290	0.3625	-1.2796	-1.0927	3.5185
0	0.0371	0.3861	0.1335	-0.2394	1.1554	-0.1554	0.6923	0.0300	-3.5417
1	0.3499	-0.0765	0.1397	0.2166	0.5008	1.1245	2.6693	2.3536	0.8396
2	-0.0427	-0.3911	-0.0539	-0.1034	-1.4222	0.1884	-0.9322	0.6879	3.6388
0	0.0258	0.4203	0.1461	-0.4263	0.7043	-0.0585	0.4938	0.0097	-5.0113
1	0.4037	-0.0603	0.1373	-0.1845	0.4118	0.9074	2.0154	3.0672	0.4279
2	-0.0348	-0.4364	-0.0429	-0.4506	-0.7741	0.0751	-0.4773	1.3709	3.5230
0	0.0154	0.4474	0.1575	-0.2786	0.7704	-0.1149	0.0621	0.8432	-4.6713
1	0.4342	-0.0495	0.1498	-0.2202	0.3314	0.5263	3.0728	3.1183	0.6892
2	-0.0277	-0.4647	-0.0286	-0.2919	-0.6033	0.1240	-1.1974	0.4415	5.0254
0	0.0073	0.4951	0.1678	-0.3033	1.0211	-0.0590	0.3277	-1.2876	-5.2638
1	0.4637	-0.0399	0.1582	-0.2015	0.2313	1.0228	3.9430	3.3364	0.4985
2	-0.0237	-0.5042	-0.0190	-0.2811	-1.1174	-0.0427	-0.6872	0.0734	4.9805
0	-0.0030	0.5420	0.1786	-0.3131	1.1644	-0.0591	-0.2357	-0.8211	-5.3345
1	0.5084	-0.0336	0.1687	-0.2059	0.2890	0.9847	4.2140	3.0007	0.1395
2	-0.0194	-0.5495	-0.0080	-0.3205	-1.0243	0.0196	-0.5527	-0.4784	5.3119
0	-0.0141	0.5841	0.1881	-0.3065	0.7709	-0.0869	-0.2595	-1.1239	-6.1183
1	0.5555	-0.0243	0.1796	-0.2085	0.2982	1.1415	4.7411	2.8966	-0.1168
2	-0.0133	-0.5986	0.0030	-0.3114	-0.8875	0.0607	-0.3842	-0.4211	5.7779
0	-0.0264	0.6219	0.1974	-0.3260	0.8227	-0.1164	-0.4033	-1.7996	-6.0297
1	0.5984	-0.0122	0.1908	-0.1950	0.2932	0.7832	4.8071	3.2308	-0.2072
2	-0.0049	-0.6370	0.0127	-0.3068	-0.8488	0.0532	-0.2453	-0.6090	6.0925
0	-0.0407	0.6604	0.2069	-0.3076	0.9425	-0.0984	-0.1684	-1.9628	-6.1952
1	0.6334	0.0000	0.2010	-0.1996	0.3687	0.7563	5.4051	2.9267	-0.4962
2	0.0056	-0.6754	0.0225	-0.3228	-0.8524	0.0630	-0.1880	-1.0610	6.2509
0	-0.0558	0.7095	0.2143	-0.3879	1.3280	-0.1918	-0.2263	-2.0442	-6.4813
1	0.6752	0.0140	0.2125	-0.1772	0.3758	1.1004	6.0163	2.8242	-0.2578
2	0.0165	-0.7253	0.0316	-0.3690	-1.2430	0.1018	-0.3145	-1.7305	6.4267
0	-0.0754	0.7812	0.2217	-0.3775	1.4792	-0.1904	-0.5772	-2.8413	-7.8595
1	0.7305	0.0309	0.2254	-0.1979	0.4529	1.4665	6.6322	2.9796	-0.3865
2	0.0297	-0.7886	0.0411	-0.3852	-1.5612	0.0865	-0.2548	-1.7821	7.0551
0	-0.0929	0.8370	0.2258	-0.3028	1.3353	-0.1215	-1.0630	-1.6877	-8.2839
1	0.7931	0.0487	0.2398	-0.1733	0.4604	1.3026	7.0428	3.4893	-0.6138
2	0.0432	-0.8497	0.0484	-0.3530	-1.2432	0.1390	-0.0842	-1.5253	8.2296
0	-0.1018	0.9085	0.2288	-0.1284	1.7921	-0.0381	-0.7748	-3.3780	-8.6901
1	0.8543	0.0660	0.2545	-0.1615	0.2229	1.6175	7.7396	3.9479	-0.7305
2	0.0504	-0.9216	0.0545	-0.1595	-1.7894	-0.1133	0.0658	-1.7047	8.7197
0	-0.1059	0.9973	0.2286	-0.0386	2.3850	-0.0444	-0.8981	-3.9126	-7.9302
1	0.9302	0.0731	0.2701	-0.1151	0.1335	1.8325	8.4784	3.6501	-0.8106
2	0.0506	-1.0020	0.0581	-0.0913	-2.0809	-0.1522	0.0057	-2.8404	8.9460
0	-0.1121	1.0940	0.2252	-0.0841	1.8139	-0.1288	-1.1660	-5.2881	-10.3407
1	1.0268	0.0800	0.2873	-0.0565	0.1712	2.3476	9.4826	2.8549	-1.0072
2	0.0505	-1.1022	0.0607	-0.1378	-2.0554	-0.0420	0.1367	-3.7799	9.3491
0	-0.1137	1.1859	0.2204	0.0322	2.3408	-0.0569	-1.1223	-5.8720	-9.3376
1	1.1131	0.0913	0.3014	0.0197	0.0973	1.9655	10.2592	3.1804	-1.1680
2	0.0503	-1.1910	0.0599	0.0304	-2.2582	-0.1556	0.2893	-4.0780	10.5207
0	-0.1211	1.2763	0.2183	-0.1948	1.3490	-0.0604	-1.3829	-7.2445	-11.3736
1	1.2111	0.0992	0.3173	-0.0514	0.1590	2.1485	11.2161	2.6771	-1.4339
2	0.0517	-1.2845	0.0608	-0.2461	-1.8017	-0.0589	0.4938	-4.8140	10.4826
0	-0.1284	1.3411	0.2137	-0.0977	1.3449	-0.0857	-1.1221	-6.9266	-10.1957
1	1.2841	0.1186	0.3375	-0.0593	0.2085	1.2811	11.5324	2.4216	-1.2856
2	0.0597	-1.3520	0.0602	-0.0840	-1.3355	-0.0069	0.0705	-5.3586	11.3614
0	-0.1368	1.3957	0.2118	-0.2392	0.9934	-0.0023	-1.0829	-7.9667	-10.6158
1	1.3462	0.1322	0.3510	-0.0817	0.1386	1.3769	12.2518	1.9657	-1.2772
2	0.0645	-1.4097	0.0584	-0.1937	-1.2064	-0.0755	0.4060	-5.8937	10.9122
0	-0.1501	1.4159	0.2142	-0.3020	-0.2107	0.0859	-1.3146	-8.5881	-12.3212
1	1.3911	0.1482	0.3683	-0.2246	0.2203	0.7191	12.3672	1.6575	-1.4491
2	0.0750	-1.4437	0.0595	-0.3273	-0.3143	-0.0359	0.4149	-5.8416	11.1352
0	-0.1562	1.3682	0.2119	-0.0396	-1.8844	-0.1192	-1.4229	-8.7734	-12.6754
1	1.3891	0.1641	0.3804	-0.1999	0.1519	-0.6699	12.2835	1.9512	-1.2858
2	0.0849	-1.4262	0.0564	-0.0594	1.2214	0.2035	0.0310	-5.5524	12.5876
0	-0.1608	1.2300	0.1995	-0.0130	-3.6665	-0.2551	-1.8570	-6.6124	-11.0878
1	1.3150	0.1603	0.3577	0.1151	0.1895	-2.6908	12.1843	2.5626	-1.5563
2	0.0915	-1.3238	0.0327	0.0532	3.2083	0.5854	0.2652	-5.0148	12.7698
0	-0.1559	1.0694	0.1972	0.3055	-3.4506	0.3057	-2.1126	-3.9200	-9.3815
1	1.1722	0.1508	0.3104	0.1549	0.0690	-3.8104	11.1763	3.4799	-1.7305
2	0.0993	-1.1702	0.0057	0.2241	3.6856	0.2288	0.7360	-3.3287	11.5721
0	-0.1367	0.9231	0.1980	0.3275	-3.2376	0.1786	-1.1426	-5.2379	-8.1208
1	1.0083	0.1265	0.2680	0.0275	-0.4810	-3.2251	10.5629	3.7184	-1.4741
2	0.0892	-1.0236	-0.0102	0.3853	3.1189	0.0156	0.7445	-3.7080	10.3046
0	-0.1245	0.7507	0.1866	0.3920	-3.6489	0.1012	-1.4648	-1.3472	-6.7764
1	0.8646	0.1058	0.2338	0.1803	-0.2543	-3.6815	8.7825	2.8974	-1.7225
2	0.0861	-0.8611	-0.0336	0.3744	3.7977	0.3644	0.6394	-3.2585	9.0406
0	-0.1028	0.5995	0.1790	0.4503	-3.5315	0.2197	-0.6858	-3.6184	-8.4865
1	0.6945	0.0946	0.1900	0.1408	-0.4564	-3.2783	7.1288	3.7768	-1.1157
2	0.0817	-0.7055	-0.0572	0.4326	3.0178	-0.0705	0.5452	-1.3170	7.4376
0	-0.0880	0.4109	0.1605	0.3928	-4.5860	0.1559	-1.1433	-1.0374	-2.4447
1	0.5500	0.0799	0.1543	0.3933	-0.4891	-4.0507	5.7489	4.1221	-0.9164
2	0.0780	-0.5390	-0.0854	0.6591	4.7372	0.3150	0.1563	-0.2150	8.3641
0	-0.0741	0.2507	0.1628	-0.1168	-3.0036	0.3232	-0.1500	-1.7910	-2.4883
1	0.3427	0.0771	0.1036	-0.0338	-0.3796	-3.9835	4.4440	3.3079	-1.4711
2	0.0819	-0.3573	-0.1045	-0.0214	3.2426	-0.0614	1.4511	-1.3811	3.8087
0	-0.0673	0.1254	0.1580	0.3941	-2.5169	0.0296	-0.6500	-0.7865	-1.5520
1	0.2091	0.0747	0.0901	-0.1091	-0.1426	-2.9888	3.3025	1.0722	-0.8117
2	0.0849	-0.2222	-0.1051	0.1713	2.9204	0.1665	0.1068	-1.7826	2.9762
0	-0.0667	0.0306	0.1444	0.0872	-2.0392	0.0283	-0.7348	-0.0043	0.6721
1	0.0971	0.0844	0.0594	0.2878	-0.2809	-2.2070	2.3885	0.4136	-0.3163
2	0.0944	-0.1203	-0.1213	0.3148	2.0417	0.1872	0.3776	-1.4615	1.5283
0	-0.0638	-0.0555	0.1461	0.0105	-1.5889	0.1148	-0.8682	0.7813	0.3274
1	0.0003	0.1017	0.0236	-0.0716	-0.0577	-2.0878	0.3726	0.0085	-1.0951
2	0.1019	-0.0214	-0.1235	-0.0294	1.9454	0.0797	1.2287	-0.1097	-0.0083
0	-0.0584	-0.0812	0.1380	0.2730	0.4579	0.1920	-0.9943	1.6425	1.9429
1	-0.0732	0.1099	0.0057	0.0168	-0.2588	-0.9080	0.5882	-0.3056	-0.5701
2	0.1023	0.0303	-0.1281	0.2569	0.3597	-0.1683	0.5095	-1.0706	-0.0816
0	-0.0526	-0.0195	0.1274	0.1433	2.0348	0.0919	-0.0702	-0.1959	1.7359
1	-0.0630	0.0965	0.0030	0.0960	-0.3764	1.2954	0.9184	-0.8883	-0.5542
2	0.0932	0.0010	-0.1431	0.2329	-1.5654	-0.3338	0.7723	-1.6411	-1.2037
0	-0.0521	0.0862	0.1193	0.3066	2.7721	-0.0899	-0.2524	-0.6558	-0.3270
1	0.0218	0.0743	0.0177	0.1236	-0.1482	2.4006	0.5960	-1.0811	-0.5191
2	0.0821	-0.0897	-0.1528	0.2287	-2.5054	-0.2258	0.2842	-1.6324	-0.4829
0	-0.0546	0.2286	0.1091	0.1148	3.4665	-0.0274	-0.3798	-0.5519	-0.9317
1	0.1404	0.0635	0.0252	0.3222	-0.0859	3.0666	1.2549	-0.2092	-0.2708
2	0.0745	-0.2180	-0.1655	0.1941	-3.3567	-0.2477	0.2959	-1.1561	0.9035
0	-0.0584	0.3710	0.1074	-0.1003	3.1048	-0.0933	-0.5428	-0.7131	-2.7130
1	0.2921	0.0529	0.0412	0.0683	0.0646	3.3673	1.6975	0.9630	-0.6357
2	0.0633	-0.3783	-0.1687	-0.0319	-3.0953	-0.1557	0.4954	-0.4025	2.4693
0	-0.0662	0.5074	0.1176	-0.3602	3.2013	-0.0035	-0.9163	-1.1989	-5.2342
1	0.4281	0.0507	0.0617	-0.1748	0.2705	3.2176	2.8395	2.2230	-0.9939
2	0.0584	-0.5113	-0.1598	-0.3695	-3.2264	-0.2296	0.7963	-0.3422	3.9460
0	-0.0726	0.6511	0.1259	-0.1385	3.2938	-0.0318	-0.7029	-1.8677	-5.9988
1	0.5661	0.0521	0.0925	-0.2590	0.2338	3.1639	4.4297	3.2282	-0.8366
2	0.0534	-0.6408	-0.1446	-0.2139	-3.1384	-0.2671	0.1623	-0.5403	6.4443
0	-0.0827	0.8038	0.1365	-0.3686	3.0330	0.0142	-0.7548	-3.6760	-7.8788
1	0.7075	0.0547	0.1190	-0.2386	0.2422	3.3069	6.0855	3.4485	-0.8437
2	0.0486	-0.7948	-0.1308	-0.3873	-3.2111	-0.2816	0.3117	-1.4494	6.8455
0	-0.0942	0.9258	0.1388	-0.1722	2.6412	-0.1879	-0.8506	-4.2068	-8.7217
1	0.8453	0.0650	0.1521	-0.2615	0.3013	2.9148	6.9941	3.3054	-0.8471
2	0.0506	-0.9223	-0.1152	-0.2555	-2.8100	-0.0894	-0.0858	-2.3454	8.4754
0	-0.1058	1.0297	0.1393	-0.2714	1.9830	0.0105	-1.2167	-4.2125	-9.1142
1	0.9613	0.0792	0.1748	-0.1002	0.3267	2.4633	8.4887	3.3682	-0.9042
2	0.0561	-1.0359	-0.1094	-0.2650	-2.2225	-0.0872	0.0909	-2.4548	9.3989
0	-0.1197	1.1041	0.1467	-0.3789	1.2870	-0.0056	-1.1195	-5.4442	-9.7581
1	1.0581	0.0956	0.2003	-0.3305	0.2246	1.7142	8.7963	3.3515	-1.1659
2	0.0642	-1.1217	-0.0978	-0.3935	-1.4818	-0.1056	0.4108	-2.7952	9.5437
0	-0.1296	1.1470	0.1537	-0.1479	0.7402	0.0968	-1.3901	-5.5594	-10.8090
1	1.1152	0.1133	0.2259	-0.3299	0.2182	1.0107	9.7919	3.0433	-1.2208
2	0.0746	-1.1728	-0.0882	-0.2469	-0.9161	-0.1463	0.1835	-3.3702	10.5804
0	-0.1337	1.1704	0.1585	-0.1255	0.3942	0.1182	-1.2930	-5.2406	-10.1351
1	1.1483	0.1227	0.2429	-0.1977	0.0546	0.6266	10.5670	3.2382	-1.2845
2	0.0774	-1.2016	-0.0837	-0.1391	-0.4819	-0.1062	0.2876	-3.8792	10.8076
0	-0.1357	1.1795	0.1636	-0.0803	-0.0379	0.0938	-1.2010	-5.9052	-10.4702
1	1.1663	0.1275	0.2543	-0.1807	-0.0090	0.3231	10.6773	2.9190	-1.4381
2	0.0788	-1.2157	-0.0805	-0.0835	-0.1737	-0.1032	0.3639	-4.0569	10.5711
0	-0.1359	1.1657	0.1647	0.0390	-0.5251	0.0345	-1.2442	-5.6571	-10.8252
1	1.1674	0.1289	0.2598	-0.0941	-0.0019	-0.2352	10.7295	2.8855	-1.4188
2	0.0799	-1.2112	-0.0814	0.0035	0.3430	0.0040	0.2210	-4.1418	10.8687
0	-0.1321	1.1244	0.1636	0.0875	-1.2015	0.0679	-1.2168	-5.2005	-10.7815
1	1.1462	0.1259	0.2544	0.0419	-0.0617	-0.7651	10.7678	3.1013	-1.3260
2	0.0782	-1.1822	-0.0895	0.1118	0.9496	0.0532	0.1960	-3.8212	10.9532
0	-0.1240	1.0565	0.1610	0.3041	-1.8448	0.1001	-1.2476	-4.2172	-10.8004
1	1.0943	0.1167	0.2392	0.0962	-0.1490	-1.4744	10.3120	3.5567	-1.3023
2	0.0747	-1.1256	-0.1005	0.2531	1.6817	0.0971	0.1079	-3.1070	11.1332
0	-0.1038	0.9743	0.1569	0.4725	-1.8882	0.2610	-1.0857	-3.6360	-9.1303
1	1.0194	0.0997	0.2150	0.2246	-0.4130	-1.8549	9.9914	4.0964	-1.0470
2	0.0621	-1.0431	-0.1178	0.5128	1.8601	-0.0802	0.0927	-2.4555	10.7324
0	-0.0834	0.8872	0.1540	0.4033	-1.9569	0.2749	-0.8415	-2.7078	-8.5448
1	0.9403	0.0742	0.1905	0.1677	-0.4811	-1.9432	9.1494	3.9227	-1.1408
2	0.0459	-0.9631	-0.1330	0.4197	2.0435	-0.0632	0.2563	-2.3946	9.5341
0	-0.0606	0.8035	0.1500	0.4106	-1.7304	0.3213	-0.6478	-2.1946	-7.7778
1	0.8575	0.0517	0.1701	0.1630	-0.5173	-1.7814	8.4221	3.7582	-0.8507
2	0.0293	-0.8752	-0.1494	0.4488	1.8076	-0.1203	-0.0255	-2.1423	8.6228
0	-0.0366	0.7359	0.1459	0.3886	-1.3539	0.3122	-0.1477	-2.3701	-7.0954
1	0.7836	0.0287	0.1534	0.1136	-0.5647	-1.5414	7.6681	3.6295	-0.6035
2	0.0109	-0.8010	-0.1643	0.4548	1.4118	-0.2210	-0.1762	-1.8057	7.9413
0	-0.0157	0.6668	0.1432	0.3284	-1.7483	0.3823	-0.1871	-1.6999	-7.4480
1	0.7237	0.0062	0.1413	0.0894	-0.4599	-1.3656	6.9798	3.4347	-0.4768
2	-0.0049	-0.7388	-0.1777	0.3539	1.6192	-0.1719	-0.3162	-1.2567	7.3886
0	0.0100	0.5756	0.1357	0.5199	-1.9369	0.3411	0.0961	-1.5308	-6.1201
1	0.6456	-0.0157	0.1311	0.0775	-0.5626	-1.9058	6.0444	3.7752	-0.1214
2	-0.0216	-0.6512	-0.1929	0.5111	2.0310	-0.1862	-0.7217	-0.5807	7.4727
0	0.0281	0.4987	0.1222	0.4045	-1.5617	0.1790	0.0839	-0.6974	-4.6456
1	0.5627	-0.0388	0.1187	0.2135	-0.5617	-1.7790	5.7529	3.2642	0.0417
2	-0.0351	-0.5705	-0.2137	0.4868	1.7164	-0.0027	-0.6684	-1.5962	5.8788
0	0.0460	0.4468	0.1109	0.5104	-1.0013	0.3563	0.2670	-0.5345	-4.7737
1	0.4932	-0.0544	0.1045	0.1649	-0.4824	-1.3645	5.1344	2.5980	-0.0052
2	-0.0448	-0.5058	-0.2328	0.4875	1.1699	-0.2469	-0.5453	-0.9415	5.0562
0	0.0680	0.3887	0.0952	0.4618	-1.6287	0.2798	0.5387	-1.0965	-5.5042
1	0.4448	-0.0771	0.0948	0.1820	-0.5829	-0.9840	4.4855	2.6801	0.3652
2	-0.0605	-0.4569	-0.2528	0.4849	1.3119	-0.1735	-0.8440	-0.2837	4.9265
0	0.0936	0.3051	0.0756	0.6693	-1.6295	0.4672	0.5463	-0.0205	-3.5427
1	0.3800	-0.0990	0.0841	0.1979	-0.6238	-1.7843	3.2738	3.1818	0.6029
2	-0.0736	-0.3772	-0.2763	0.6330	1.8056	-0.3034	-1.0334	0.7286	4.9543
0	0.1190	0.2313	0.0530	0.6047	-1.8238	0.4124	1.1151	-0.5842	-3.1207
1	0.2986	-0.1320	0.0747	0.2124	-0.8076	-1.5389	3.1469	2.6134	0.7261
2	-0.0910	-0.3034	-0.3037	0.6474	1.7038	-0.3066	-0.9761	0.0857	3.7289
0	0.1427	0.1544	0.0289	0.7259	-1.3871	0.5511	0.7283	1.0294	-1.8422
1	0.2233	-0.1614	0.0683	0.2198	-0.7028	-1.8113	2.2544	2.1767	0.8627
2	-0.1029	-0.2240	-0.3301	0.6507	1.7653	-0.3016	-1.2214	0.2269	2.8884
0	0.1672	0.0832	0.0011	0.6359	-2.0146	0.4679	1.4256	-0.9257	-2.1390
1	0.1608	-0.1926	0.0643	0.2246	-0.8986	-1.3052	1.8942	1.7348	1.1914
2	-0.1195	-0.1539	-0.3619	0.6847	1.6642	-0.3658	-1.2497	0.3678	2.0304
0	0.1876	-0.0123	-0.0267	0.6931	-1.9084	0.4890	1.2966	0.0633	-0.2762
1	0.0760	-0.2333	0.0649	0.1938	-0.7789	-2.1347	0.7430	1.3385	1.2668
2	-0.1290	-0.0627	-0.3906	0.6739	2.1388	-0.2881	-1.4422	0.2988	1.7216
0	0.2055	-0.0953	-0.0583	0.7441	-1.8668	0.4388	1.7403	-1.2005	0.0649
1	-0.0031	-0.2708	0.0714	0.2140	-0.8417	-1.7956	0.9227	0.6152	1.4442
2	-0.1366	0.0241	-0.4220	0.7153	1.8317	-0.3381	-1.4849	-0.4812	0.6363
0	0.2159	-0.1859	-0.0924	0.6528	-1.8821	0.3201	1.7847	-0.9418	1.8009
1	-0.0830	-0.3141	0.0799	0.3257	-0.7831	-1.8722	0.2414	-0.5322	1.6942
2	-0.1381	0.1104	-0.4547	0.7279	1.9009	-0.1764	-1.6432	-1.0602	-0.4642
0	0.2236	-0.2908	-0.1220	0.5062	-2.2338	0.3268	1.8042	-1.3515	2.1336
1	-0.1735	-0.3597	0.0941	0.2576	-0.6464	-1.9275	-0.4740	-1.3800	1.6297
2	-0.1336	0.2070	-0.4831	0.5510	2.1589	-0.1370	-1.3832	-0.9100	-1.6504
0	0.2281	-0.3888	-0.1496	0.6330	-1.9336	0.3051	1.9189	-1.6515	2.9604
1	-0.2657	-0.4225	0.1349	0.1868	-0.6069	-2.1951	-1.0559	-1.9229	1.7474
2	-0.1277	0.3063	-0.5041	0.5912	2.0738	-0.1497	-1.5718	-1.4052	-2.0536
0	0.2261	-0.4857	-0.1764	0.4793	-2.2703	0.2059	2.0700	-2.2592	4.3663
1	-0.3580	-0.5091	0.1972	0.3059	-0.6118	-1.9567	-0.9458	-2.9135	1.9647
2	-0.1172	0.3962	-0.5266	0.5887	2.1070	-0.0393	-1.6009	-2.1104	-2.9840
0	0.2230	-0.5939	-0.1999	0.5433	-1.9689	0.2163	1.9112	-2.4474	4.7555
1	-0.4500	-0.6453	0.3168	0.1878	-0.4498	-2.2817	-1.9434	-3.8644	1.8248
2	-0.1032	0.5054	-0.5413	0.4879	2.1531	-0.0297	-1.4535	-2.4814	-4.1045
0	0.2137	-0.6834	-0.2214	0.4672	-1.9996	0.1026	1.9622	-3.1859	5.8750
1	-0.5324	-0.9019	0.5574	0.3117	-0.4942	-1.8833	-1.4857	-5.0455	2.0990
2	-0.0876	0.5921	-0.5551	0.5606	1.9455	0.0550	-1.6320	-3.6256	-4.5882
0	0.2049	-0.7672	-0.2387	0.4603	-1.3876	0.1588	1.6818	-2.9736	6.6534
1	-0.5884	-1.3682	1.0114	0.2270	-0.3724	-1.9145	-2.0952	-5.8728	1.8383
2	-0.0704	0.6810	-0.5630	0.4198	1.7201	0.0118	-1.1519	-3.9028	-5.7300
0	0.1928	-0.8310	-0.2557	0.4416	-1.5947	0.0444	1.9389	-4.2600	6.3351
1	-0.5981	4.3063	1.6084	0.2791	-0.4180	-1.2473	-1.8084	-6.8407	1.8547
2	-0.0530	0.7500	-0.5723	0.4845	1.4519	0.0543	-1.2466	-4.4780	-6.0172
0	0.1793	-0.8967	-0.2698	0.4118	-0.9533	0.1191	1.4807	-3.6287	7.8899
1	-0.5739	3.8175	2.0880	0.2876	-0.3138	-1.5594	-2.3954	-7.0352	1.7717
2	-0.0347	0.8179	-0.5759	0.4269	1.1982	0.0184	-0.9017	-4.6350	-6.6452
0	0.1681	-0.9472	-0.2798	0.3091	-1.2467	-0.0059	1.7879	-4.3447	7.6558
1	-0.5349	3.5418	2.3550	0.2179	-0.2711	-1.0509	-2.4219	-7.9891	1.5422
2	-0.0193	0.8671	-0.5794	0.3303	1.2087	0.1015	-0.8230	-4.9400	-7.2379
0	0.1574	-0.9870	-0.2900	0.2891	-0.1687	0.1848	1.2584	-3.2773	9.0660
1	-0.4907	3.3878	2.5055	0.2014	-0.2223	-1.0354	-2.8522	-8.2995	1.6525
2	-0.0055	0.9160	-0.5789	0.3278	0.5942	-0.0649	-0.7963	-5.1927	-7.6275
0	0.1551	-0.9689	-0.3011	0.1315	0.9584	0.2367	1.1595	-3.4768	8.7098
1	-0.4722	3.3220	2.5633	0.0232	-0.3064	0.3342	-2.2675	-9.0476	1.3784
2	0.0011	0.9163	-0.5878	0.1778	-0.5623	-0.2669	-0.3269	-6.0045	-8.3956
0	0.1579	-0.9109	-0.3136	0.0919	1.8134	0.3480	1.2830	-3.5039	8.4585
1	-0.5075	3.3573	2.5185	-0.0746	-0.3230	1.3095	-2.3181	-8.9085	1.2476
2	-0.0011	0.8690	-0.6013	0.1115	-1.4953	-0.4798	-0.3842	-5.5284	-7.8460
0	0.1632	-0.8125	-0.3265	0.0902	2.5826	0.2675	1.6040	-4.2432	7.5810
1	-0.5786	3.5463	2.3162	-0.1517	-0.3306	2.2886	-2.1674	-8.4155	1.2754
2	-0.0097	0.7814	-0.6196	0.1006	-2.4562	-0.5338	-0.5493	-5.5779	-7.2845
0	0.1672	-0.7047	-0.3312	0.0058	2.3672	0.0962	1.5688	-3.6965	6.1857
1	-0.6466	4.5039	1.3467	-0.1044	-0.1302	2.5902	-2.1990	-7.5903	1.2722
2	-0.0190	0.6813	-0.6314	0.0004	-2.4300	-0.3335	-0.7916	-4.9079	-6.4410
0	0.1697	-0.5945	-0.3303	-0.1029	2.2003	0.0319	1.5110	-2.3467	5.8454
1	-0.5940	-0.7080	0.2721	-0.0661	0.0169	2.3576	-2.4893	-6.5234	1.3735
2	-0.0287	0.5696	-0.6358	-0.0399	-2.2665	-0.2125	-0.9030	-3.5099	-5.5544
0	0.1769	-0.4990	-0.3224	-0.2602	2.2369	0.0631	1.5808	-1.6613	4.7222
1	-0.5049	-0.4418	0.0078	-0.1790	0.1336	2.1213	-2.7564	-5.3329	1.3345
2	-0.0402	0.4746	-0.6327	-0.2616	-2.1499	-0.2309	-0.7635	-2.4705	-5.2928
0	0.1854	-0.3928	-0.3145	-0.2094	2.6017	0.2211	1.4144	-0.0030	4.1967
1	-0.4073	-0.3549	-0.0722	-0.2283	0.1699	2.3027	-2.3575	-4.2408	1.4899
2	-0.0554	0.3759	-0.6258	-0.2262	-2.4026	-0.3042	-1.1251	-1.7833	-4.1327
0	0.1991	-0.2491	-0.3045	-0.3213	3.1865	0.1386	2.0419	-1.4557	2.8990
1	-0.2911	-0.3087	-0.1159	-0.3776	0.0301	2.8613	-1.8845	-2.9228	1.7010
2	-0.0795	0.2462	-0.6209	-0.3234	-3.0969	-0.4552	-1.2170	-1.4773	-3.4211
0	0.2078	-0.1136	-0.2907	-0.2485	3.1061	0.2421	1.5855	0.0147	0.7910
1	-0.1461	-0.2777	-0.1442	-0.3566	0.1905	3.1501	-1.0891	-1.9328	1.7985
2	-0.1011	0.1122	-0.6099	-0.3621	-3.0342	-0.3850	-1.7145	-0.9274	-1.7626
0	0.2197	0.0343	-0.2803	-0.3081	3.2168	0.2069	2.2544	-1.3907	0.3001
1	-0.0114	-0.2610	-0.1597	-0.3807	-0.0380	3.2185	-0.2464	-0.4424	2.1294
2	-0.1259	-0.0259	-0.6002	-0.2401	-3.2615	-0.5589	-1.9221	-0.5830	-0.1832
0	0.2243	0.1685	-0.2578	-0.5128	2.8275	0.1678	1.9330	-0.6938	-1.7800
1	0.1261	-0.2518	-0.1701	-0.4603	0.2025	3.0841	0.5289	0.0181	1.7893
2	-0.1480	-0.1672	-0.5824	-0.5372	-2.8513	-0.3472	-1.8424	-0.6845	0.4827
0	0.2262	0.2962	-0.2373	-0.4078	2.8768	0.0863	2.2430	-1.4352	-2.8210
1	0.2540	-0.2410	-0.1690	-0.5191	0.2243	2.8651	1.4974	0.9442	2.0111
2	-0.1642	-0.2904	-0.5581	-0.4527	-2.9132	-0.3817	-2.3240	-0.6631	2.3933
0	0.2198	0.4182	-0.2146	-0.6038	2.5731	0.0525	1.8400	-0.9258	-3.7061
1	0.3901	-0.2294	-0.1689	-0.4423	0.3573	2.6827	2.7641	1.7356	2.0721
2	-0.1743	-0.4279	-0.5307	-0.5822	-2.5660	-0.1963	-2.3717	-0.6431	3.3552
0	0.2087	0.5462	-0.1845	-0.7853	2.9117	0.0819	2.0098	-1.7244	-4.4689
1	0.5055	-0.2142	-0.1625	-0.6147	0.4185	2.6874	3.4938	2.1863	1.8910
2	-0.1775	-0.5357	-0.5018	-0.7104	-2.7532	-0.2901	-2.1069	-0.8048	4.0151
0	0.1891	0.6738	-0.1528	-0.7092	2.1093	-0.0106	1.8071	-3.0597	-8.2732
1	0.6341	-0.1964	-0.1480	-0.7110	0.5520	2.7682	4.9156	2.5568	1.8017
2	-0.1742	-0.6784	-0.4599	-0.7865	-2.4841	-0.1766	-2.4734	-1.1640	6.3407
0	0.1703	0.7395	-0.1316	-0.5206	0.4506	-0.0323	1.6789	-3.2341	-10.2487
1	0.7385	-0.1757	-0.1319	-0.5359	0.4955	1.7908	6.0376	3.8196	1.9564
2	-0.1639	-0.7643	-0.4319	-0.5927	-1.1750	-0.0326	-2.7485	-0.3326	8.6213
0	0.1556	0.7196	-0.1211	-0.2010	-1.4593	-0.1219	1.4706	-2.4846	-10.5482
1	0.7760	-0.1581	-0.1162	-0.2768	0.3481	-0.3905	6.3854	4.7556	1.8414
2	-0.1481	-0.7668	-0.4176	-0.2823	0.9815	0.2446	-2.8609	0.4205	9.6960
0	0.1486	0.6249	-0.1257	0.1526	-2.2111	-0.1935	1.3890	-1.6008	-7.5791
1	0.7225	-0.1481	-0.1079	0.0720	0.1525	-1.9264	6.6100	5.2400	1.8579
2	-0.1341	-0.6943	-0.4227	0.1209	2.0855	0.3826	-2.9146	0.0837	9.1867
0	0.1432	0.5133	-0.1343	0.0267	-2.9977	-0.1138	1.3495	-1.0147	-6.0991
1	0.6269	-0.1444	-0.1112	0.3011	0.0412	-2.3050	6.1044	4.3747	1.6712
2	-0.1208	-0.5945	-0.4390	0.1623	2.5749	0.4487	-2.1394	-0.1234	6.9127
0	0.1472	0.3637	-0.1365	0.2014	-3.5947	0.2116	1.1741	-0.6227	-4.5791
1	0.4924	-0.1431	-0.1129	0.1079	-0.0746	-3.3574	4.1042	3.9745	1.4099
2	-0.1072	-0.4582	-0.4492	0.1974	3.5422	0.1981	-1.8557	1.1339	6.0308
0	0.1566	0.1901	-0.1444	0.2184	-3.6364	0.1015	1.5850	-0.9434	-2.2583
1	0.3355	-0.1590	-0.1042	0.0813	-0.3195	-3.5534	3.5625	3.4176	1.4648
2	-0.1012	-0.2868	-0.4616	0.2762	3.5756	0.1939	-1.7721	-0.1280	4.5704
0	0.1608	0.0216	-0.1559	0.3427	-3.1525	0.0856	1.4895	-0.1655	-0.4732
1	0.1635	-0.1787	-0.0929	0.1604	-0.2422	-3.5616	2.4100	1.8953	1.4126
2	-0.0893	-0.1152	-0.4728	0.3316	3.3991	0.2505	-1.7971	-0.6655	2.3725
0	0.1621	-0.1176	-0.1725	0.3803	-3.3871	-0.0031	1.7382	-1.5041	0.3176
1	0.0153	-0.1978	-0.0844	0.2662	-0.3516	-3.0044	1.4361	0.6012	1.7213
2	-0.0777	0.0205	-0.4860	0.4556	3.1065	0.2392	-1.7554	-0.7419	0.8151
0	0.1565	-0.2745	-0.1879	0.4156	-3.3598	-0.0189	1.2581	-0.3419	2.8033
1	-0.1239	-0.2163	-0.0779	0.3518	-0.2497	-3.5130	-0.1052	-0.1132	1.6013
2	-0.0581	0.1706	-0.4973	0.4543	3.5803	0.3917	-1.6013	-0.6344	-0.2873
0	0.1507	-0.4132	-0.2043	0.2991	-2.5162	0.0133	1.5864	-1.4716	4.6510
1	-0.2877	-0.2416	-0.0632	0.3220	-0.3172	-2.9526	-0.6602	-1.5527	1.5567
2	-0.0354	0.3263	-0.5070	0.4109	2.6529	0.2014	-1.1241	-1.6536	-2.4745
0	0.1455	-0.5391	-0.2088	0.1078	-2.5829	-0.0195	1.2673	-1.3277	5.2341
1	-0.4124	-0.2803	-0.0338	0.2059	-0.1362	-2.5699	-1.7559	-3.4378	1.3096
2	-0.0185	0.4473	-0.5076	0.1757	2.6523	0.3294	-0.8835	-2.1163	-4.3856
0	0.1433	-0.6392	-0.2112	0.0276	-1.9078	-0.0133	1.5472	-2.1967	6.4949
1	-0.5347	-0.3817	0.0685	0.0829	-0.1004	-2.2852	-2.3231	-4.4060	1.3773
2	-0.0063	0.5567	-0.5014	0.1241	2.1336	0.1931	-0.8102	-2.5225	-4.9247
0	0.1402	-0.6979	-0.2095	0.0907	-0.6047	-0.0853	1.3363	-1.8498	6.7602
1	-0.6180	-0.6372	0.3262	0.0387	0.0145	-1.5541	-2.1183	-5.5943	1.2889
2	0.0012	0.6359	-0.4929	0.0621	1.1024	0.1852	-0.7937	-3.8781	-5.9252
0	0.1354	-0.7048	-0.2101	0.0192	-0.1841	-0.0674	1.5394	-3.2437	6.3091
1	-0.6497	-0.8824	0.5749	0.1386	-0.0197	-0.1057	-1.7505	-6.2998	1.4093
2	0.0080	0.6570	-0.4883	0.1270	-0.0051	0.0694	-0.7512	-3.9494	-6.2461
0	0.1338	-0.7305	-0.2024	-0.1172	-0.7024	-0.1237	1.0849	-1.9500	6.1454
1	-0.6571	-0.9104	0.6067	0.0422	0.1647	-0.5282	-3.3035	-6.2175	1.1067
2	0.0120	0.6725	-0.4795	-0.0863	0.7216	0.2648	-0.5379	-2.7887	-6.0322
0	0.1324	-0.7439	-0.1994	0.0929	0.0595	-0.0030	1.1931	-2.2872	6.2453
1	-0.6721	-1.3997	1.1068	0.0065	0.0734	-0.3893	-3.0033	-5.9386	1.2166
2	0.0143	0.6963	-0.4689	0.0417	0.1750	0.0521	-0.6532	-2.9825	-5.8298
0	0.1299	-0.7391	-0.1986	-0.0261	0.1169	-0.0584	1.3395	-2.7204	6.5224
1	-0.6748	-1.4533	1.1627	0.0749	-0.0298	0.1221	-2.4246	-6.1348	1.3453
2	0.0171	0.6939	-0.4668	0.0388	-0.1331	0.0565	-0.6898	-3.5123	-6.1469
0	0.1287	-0.7289	-0.1946	-0.0222	0.4502	-0.0576	1.1175	-2.2257	6.4229
1	-0.6748	-1.2883	1.0023	0.0144	0.0877	0.1608	-2.9210	-6.3932	1.1805
2	0.0181	0.6879	-0.4607	-0.0115	-0.2735	0.0646	-0.5934	-3.4128	-6.1965
0	0.1281	-0.7010	-0.1898	-0.1343	0.7623	-0.1077	1.4098	-2.9777	6.6231
1	-0.6666	-0.9337	0.6530	0.0058	0.0709	0.6244	-2.5465	-6.2602	1.1647
2	0.0175	0.6638	-0.4551	-0.0724	-0.7237	0.0350	-0.5345	-3.5514	-6.1176
0	0.1285	-0.6664	-0.1750	-0.2969	0.8305	-0.2471	1.2688	-2.7000	5.8648
1	-0.6409	-0.6022	0.3300	-0.0565	0.2583	0.7968	-2.5708	-6.3700	1.0306
2	0.0146	0.6341	-0.4449	-0.2503	-0.8019	0.1852	-0.5012	-3.7387	-6.1316
0	0.1287	-0.6214	-0.1574	-0.3001	1.1780	-0.1899	1.0984	-1.7762	5.5189
1	-0.6069	-0.4403	0.1863	-0.0709	0.4129	0.9202	-2.4315	-6.0092	1.0758
2	0.0105	0.5924	-0.4255	-0.2793	-1.0992	0.1502	-0.5680	-3.2370	-5.5093
0	0.1279	-0.5511	-0.1406	-0.2275	1.7105	-0.1866	1.1468	-1.3471	4.9134
1	-0.5570	-0.3359	0.1007	-0.0908	0.3577	1.3362	-2.1833	-5.0970	1.1845
2	0.0051	0.5366	-0.4104	-0.2279	-1.5451	0.0891	-0.7043	-2.7092	-4.8022
0	0.1233	-0.4720	-0.1277	-0.1095	1.7475	-0.2428	1.2473	-1.1921	3.5471
1	-0.4830	-0.2529	0.0333	-0.0328	0.3206	1.8168	-2.0215	-4.4174	1.2063
2	0.0007	0.4538	-0.3972	-0.1454	-1.7992	0.1070	-0.8882	-2.1384	-4.1276
0	0.1152	-0.3893	-0.1236	0.0994	1.6829	-0.1083	1.1117	-0.3980	3.0099
1	-0.4054	-0.1929	-0.0144	0.1044	0.2042	1.7178	-2.2155	-3.3059	1.4183
2	0.0012	0.3770	-0.3905	0.0536	-1.7117	0.0067	-1.1169	-1.0294	-3.2249
0	0.1086	-0.3237	-0.1256	0.1108	1.2936	-0.1252	1.2650	-0.5938	2.5748
1	-0.3261	-0.1517	-0.0524	0.1400	0.0370	1.5819	-2.1625	-2.3408	1.3565
2	0.0019	0.3043	-0.3919	0.1183	-1.4653	-0.0055	-0.9853	-0.4123	-2.7750
0	0.1020	-0.2744	-0.1258	0.0161	0.9018	-0.1078	1.1311	-0.2780	2.3788
1	-0.2672	-0.1275	-0.0759	0.1316	0.0686	1.1212	-2.2806	-1.9043	1.1562
2	0.0045	0.2463	-0.3925	0.0516	-1.0019	0.0434	-0.8568	-0.0969	-2.6138
0	0.0981	-0.2405	-0.1245	0.0318	0.7176	-0.0326	0.9136	0.3413	1.8784
1	-0.2255	-0.1123	-0.0880	0.0677	0.1102	0.8208	-2.0308	-1.6501	1.0568
2	0.0065	0.2072	-0.3897	0.0189	-0.7550	0.0216	-0.8099	0.0212	-2.2534
0	0.0972	-0.2133	-0.1253	0.0444	0.5389	0.0018	1.1047	-0.0523	1.7499
1	-0.1931	-0.1043	-0.0935	0.0189	0.0107	0.6499	-1.7945	-1.2408	1.1110
2	0.0060	0.1772	-0.3891	0.0471	-0.5852	-0.0398	-0.8649	0.2370	-1.9379
0	0.0965	-0.1923	-0.1253	-0.0012	0.3545	0.0174	1.0266	0.0796	1.6228
1	-0.1689	-0.1020	-0.0957	0.0165	0.0107	0.5009	-1.6251	-1.1344	1.0707
2	0.0052	0.1555	-0.3887	0.0239	-0.4177	-0.0141	-0.8592	0.0534	-1.8228
0	0.0974	-0.1810	-0.1232	-0.0741	0.1702	0.0391	0.9746	0.0531	1.4488
1	-0.1518	-0.1010	-0.0957	-0.0334	0.0235	0.3019	-1.4708	-1.0766	1.0082
2	0.0040	0.1415	-0.3864	-0.0349	-0.2267	-0.0083	-0.8111	0.0535	-1.6739
0	0.0987	-0.1762	-0.1184	-0.0850	0.0824	0.0112	0.9981	-0.1651	1.0923
1	-0.1430	-0.1031	-0.0907	-0.0915	0.0640	0.1273	-1.2912	-0.9790	0.9412
2	0.0020	0.1350	-0.3811	-0.0933	-0.0826	0.0097	-0.8370	-0.0961	-1.4172
0	0.0989	-0.1717	-0.1148	-0.0488	0.0999	-0.0061	1.0640	-0.1936	1.0871
1	-0.1393	-0.1052	-0.0837	-0.0596	0.0726	0.0917	-0.8603	-0.9575	1.0256
2	0.0010	0.1313	-0.3758	-0.0538	-0.1059	0.0182	-0.9592	-0.3096	-1.1900
