0	0.0000	0.0000	0.0000	0.0000	0.0000	0.0000	0.0000	0.0000	0.0000
1	0.0000	0.0000	0.0000	0.0000	0.0000	0.0000	0.0000	0.0000	0.0000
3	0.0000	0.0000	0.0000	0.0000	0.0000	0.0000	0.0000	0.0000	0.0000
0	-0.0234	-0.0455	0.0148	-0.0041	0.0362	-0.0200	-0.1232	0.0451	0.0751
1	-0.0260	-0.0382	-0.0043	0.0232	0.0235	0.0509	-0.1732	-0.0218	0.0506
2	0.0019	-0.0189	-0.0233	0.0067	-0.0776	0.0283	0.0282	0.0532	-0.1555
0	-0.0248	-0.0423	0.0147	-0.0115	0.1007	-0.0248	-0.1957	0.2531	0.2925
1	-0.0222	-0.0365	-0.0055	0.0073	0.0370	0.1116	-0.1954	0.0032	0.0123
2	0.0027	-0.0233	-0.0230	-0.0195	-0.1009	0.0279	0.0760	0.1208	-0.2269
0	-0.0261	-0.0384	0.0158	-0.0299	0.0500	-0.0379	-0.1027	-0.0198	-0.0113
1	-0.0183	-0.0346	-0.0059	0.0073	0.0523	0.0603	-0.2268	0.0809	0.0588
2	0.0039	-0.0268	-0.0220	-0.0220	-0.0883	0.0315	0.0270	0.2152	-0.1225
0	-0.0276	-0.0353	0.0169	-0.0315	0.0903	-0.0232	-0.1820	0.3611	0.1437
1	-0.0146	-0.0333	-0.0056	-0.0262	0.0498	0.0647	-0.2843	0.1934	0.0132
2	0.0041	-0.0299	-0.0204	-0.0688	-0.0175	0.0081	0.1191	0.3850	-0.1295
0	-0.0279	-0.0331	0.0195	-0.0738	0.0070	0.0101	-0.2563	0.2411	-0.0811
1	-0.0136	-0.0342	-0.0019	-0.0640	0.0529	0.0188	-0.1910	0.2249	-0.0220
2	0.0034	-0.0311	-0.0176	-0.0618	-0.0590	0.0152	0.0149	0.1657	0.0274
0	-0.0278	-0.0310	0.0223	-0.0608	0.0985	-0.0157	-0.0289	0.1735	0.0681
1	-0.0098	-0.0342	0.0010	-0.0297	0.0734	0.1534	0.0072	0.0731	0.1522
2	0.0036	-0.0363	-0.0154	-0.0628	-0.1984	0.0469	-0.0953	-0.1205	-0.0748
0	-0.0295	-0.0234	0.0252	-0.0544	0.2528	-0.0732	-0.1226	-0.1037	-0.0297
1	0.0009	-0.0313	0.0014	0.0313	0.1007	0.2999	0.1777	-0.0563	0.0967
2	0.0059	-0.0481	-0.0131	-0.0399	-0.2942	0.1166	-0.0401	-0.2835	0.0334
0	-0.0344	-0.0111	0.0276	-0.0476	0.2518	-0.1407	-0.1717	-0.0337	-0.3122
1	0.0129	-0.0244	-0.0015	0.0532	0.1273	0.2469	0.1296	0.1494	0.0504
2	0.0105	-0.0594	-0.0107	-0.0489	-0.2207	0.1150	-0.0010	0.1977	0.2554
0	-0.0405	-0.0004	0.0304	-0.0633	0.2066	-0.1155	-0.1531	0.3183	-0.2323
1	0.0235	-0.0174	-0.0033	0.0090	0.1395	0.1786	-0.0430	0.4250	0.0535
2	0.0150	-0.0697	-0.0070	-0.1095	-0.1244	0.1080	0.1042	0.3940	0.1609
0	-0.0451	0.0058	0.0347	-0.1263	0.0684	-0.0848	-0.4970	0.2067	-0.2784
1	0.0278	-0.0129	-0.0011	-0.0713	0.1539	0.0477	-0.1332	0.3693	-0.2196
2	0.0176	-0.0727	-0.0010	-0.1605	-0.0680	0.0915	0.3369	0.2976	0.1854
0	-0.0483	0.0080	0.0413	-0.1643	0.0873	-0.1016	-0.3292	-0.1019	-0.3560
1	0.0317	-0.0087	0.0036	-0.0473	0.2092	0.1349	0.2659	0.2843	-0.2437
2	0.0216	-0.0775	0.0057	-0.1376	-0.1345	0.1479	0.2531	-0.0677	0.4821
0	-0.0549	0.0139	0.0478	-0.0883	0.1490	-0.1673	-0.5226	-0.0160	-1.0217
1	0.0386	-0.0005	0.0037	0.0666	0.1836	0.1781	0.6455	0.6016	-0.1629
2	0.0283	-0.0859	0.0096	-0.0486	-0.2378	0.1926	0.1780	0.0449	0.8574
0	-0.0644	0.0249	0.0509	-0.0590	0.3334	-0.1832	-0.5041	0.6979	-0.3335
1	0.0515	0.0109	-0.0008	0.0749	0.1694	0.3887	0.4188	0.6046	-0.1868
2	0.0356	-0.1033	0.0121	-0.0466	-0.4763	0.1596	0.2857	0.2697	0.3101
0	-0.0724	0.0432	0.0534	-0.0837	0.3940	-0.1977	-0.5156	0.1662	-0.4191
1	0.0698	0.0199	-0.0031	0.0326	0.2149	0.3020	-0.0542	0.5886	-0.3640
2	0.0422	-0.1176	0.0166	-0.1644	-0.0413	0.1655	0.5830	0.8246	0.5186
0	-0.0794	0.0485	0.0591	-0.1831	-0.1725	-0.1179	-0.8490	0.2471	-1.4379
1	0.0683	0.0284	-0.0020	-0.0436	0.1968	-0.3015	-0.1403	1.2052	-0.5311
2	0.0474	-0.1074	0.0230	-0.1095	0.3587	0.0888	0.5522	1.2051	1.1162
0	-0.0827	0.0341	0.0649	-0.1280	-0.3175	-0.0024	-0.9357	1.2219	-0.2389
1	0.0531	0.0322	0.0005	-0.1467	0.1239	-0.2854	-0.1065	1.0649	-0.5253
2	0.0477	-0.0954	0.0285	-0.1897	0.2169	0.0146	0.6620	0.8644	0.4075
0	-0.0819	0.0233	0.0721	-0.1676	-0.1640	0.0040	-0.5701	0.4144	-0.7378
1	0.0435	0.0324	0.0074	-0.0615	0.1159	-0.1391	0.2025	0.7679	-0.3147
2	0.0481	-0.0890	0.0334	-0.0763	0.1054	0.0340	0.2772	0.4565	0.6929
0	-0.0823	0.0173	0.0767	-0.0981	-0.1348	0.0405	-0.8331	0.7727	-0.4634
1	0.0380	0.0321	0.0110	-0.1285	0.0211	-0.1482	-0.0318	0.8159	-0.3903
2	0.0454	-0.0825	0.0366	-0.1283	0.1709	-0.0869	0.6196	0.7724	0.4583
0	-0.0785	0.0104	0.0818	-0.1481	-0.1371	0.1035	-0.7685	0.2367	-0.3391
1	0.0314	0.0254	0.0208	-0.1870	0.0647	-0.0753	0.1426	0.5672	-0.6698
2	0.0410	-0.0774	0.0423	-0.1841	0.0384	-0.0666	0.7857	0.2229	0.3939
0	-0.0747	0.0073	0.0891	-0.1506	-0.0351	0.0944	-0.9969	0.1390	-0.6927
1	0.0289	0.0186	0.0324	-0.1707	0.0264	-0.0966	0.2404	0.4834	-0.6313
2	0.0366	-0.0739	0.0475	-0.1653	0.2158	-0.0661	0.6580	0.3089	0.4945
0	-0.0704	0.0002	0.0954	-0.1794	-0.2579	0.0787	-0.5376	-0.0446	-0.2812
1	0.0187	0.0130	0.0429	-0.1556	0.0924	-0.2056	0.0527	0.3464	-0.4666
2	0.0339	-0.0643	0.0534	-0.1408	0.1538	-0.0086	0.4433	0.1381	0.3465
0	-0.0681	-0.0083	0.1018	-0.1036	-0.1236	0.0476	-0.7306	0.4244	-0.5712
1	0.0118	0.0104	0.0494	-0.0848	0.0209	-0.1619	0.1007	0.5132	-0.3270
2	0.0316	-0.0575	0.0561	-0.0659	0.1809	-0.0565	0.4130	0.5509	0.3940
0	-0.0649	-0.0154	0.1046	-0.0647	-0.1928	0.1145	-0.7528	0.7029	-0.2426
1	0.0036	0.0046	0.0553	-0.1366	-0.0605	-0.2065	-0.2747	0.6186	-0.3721
2	0.0266	-0.0489	0.0565	-0.0411	0.2501	-0.1559	0.4678	0.8049	0.2051
0	-0.0577	-0.0253	0.1057	-0.0279	-0.2978	0.1998	-0.5145	0.4231	-0.2330
1	-0.0091	-0.0069	0.0638	-0.1703	-0.1030	-0.3716	-0.4128	0.4884	-0.2510
2	0.0192	-0.0350	0.0558	-0.0617	0.4060	-0.1683	0.3444	0.6020	0.0747
0	-0.0486	-0.0412	0.1067	-0.0387	-0.3662	0.1987	-0.3829	0.0844	-0.2307
1	-0.0255	-0.0187	0.0729	-0.1123	-0.0977	-0.3093	-0.0663	0.2572	-0.1484
2	0.0122	-0.0194	0.0543	0.0268	0.2634	-0.1204	0.1121	0.0166	0.1479
0	-0.0418	-0.0533	0.1053	0.0486	-0.2577	0.1353	-0.3147	0.2539	-0.0154
1	-0.0379	-0.0271	0.0764	-0.0777	-0.1249	-0.3333	-0.2996	0.2427	-0.0702
2	0.0070	-0.0071	0.0507	0.0232	0.3788	-0.1731	0.1802	0.5438	-0.0706
0	-0.0337	-0.0678	0.1022	0.0630	-0.3804	0.2467	-0.4136	0.7392	-0.1927
1	-0.0544	-0.0402	0.0820	-0.0963	-0.2558	-0.3843	-0.5207	0.4809	0.0201
2	-0.0029	0.0114	0.0432	0.1206	0.4054	-0.2849	0.0445	0.7050	-0.0012
0	-0.0212	-0.0845	0.0950	0.1431	-0.4334	0.3389	-0.0772	0.3061	0.1032
1	-0.0730	-0.0595	0.0887	-0.1079	-0.3235	-0.5109	-0.5251	0.1782	0.2227
2	-0.0141	0.0328	0.0329	0.1729	0.5660	-0.3067	-0.1469	0.4079	-0.1655
0	-0.0076	-0.1059	0.0855	0.2102	-0.5637	0.3514	-0.0137	0.0936	0.1802
1	-0.0969	-0.0798	0.0940	-0.0495	-0.3649	-0.6395	-0.5091	-0.1119	0.3413
2	-0.0242	0.0608	0.0199	0.1910	0.7793	-0.2418	-0.3051	0.0679	-0.4932
0	0.0056	-0.1395	0.0725	0.2277	-0.8182	0.2764	0.2373	-0.0638	0.6572
1	-0.1309	-0.0970	0.0960	0.0033	-0.3464	-0.7796	-0.8214	-0.4541	0.4482
2	-0.0310	0.0950	0.0067	0.2751	0.6845	-0.2758	-0.3392	0.0128	-0.8683
0	0.0164	-0.1698	0.0572	0.3291	-0.6185	0.3552	0.1236	0.2901	0.9707
1	-0.1629	-0.1162	0.0965	0.0577	-0.4319	-0.6337	-0.7522	-0.4915	0.5365
2	-0.0379	0.1236	-0.0120	0.4226	0.6670	-0.2775	-0.4961	-0.0155	-0.8456
0	0.0264	-0.1977	0.0361	0.4989	-0.7554	0.2685	0.5246	-0.6547	0.8596
1	-0.1941	-0.1265	0.0835	0.2492	-0.5040	-0.7252	-0.9387	-0.8619	0.7326
2	-0.0390	0.1597	-0.0356	0.4507	0.7997	-0.1957	-0.5459	-0.4000	-1.3550
0	0.0314	-0.2335	0.0124	0.4545	-0.7369	0.2375	0.4141	-0.2457	1.9910
1	-0.2262	-0.1323	0.0646	0.2172	-0.4519	-0.7135	-1.1524	-1.5248	0.6028
2	-0.0387	0.1976	-0.0585	0.4215	0.7898	-0.1456	-0.4836	-0.7174	-1.9919
0	0.0345	-0.2710	-0.0104	0.4359	-0.7953	0.1194	0.8554	-1.1189	2.1117
1	-0.2603	-0.1312	0.0435	0.3063	-0.2765	-0.8045	-1.1020	-2.0162	0.8335
2	-0.0322	0.2340	-0.0768	0.4526	0.6962	0.0060	-0.6567	-1.3088	-2.2068
0	0.0302	-0.3030	-0.0296	0.4105	-0.5085	0.1142	0.0071	0.4996	3.4964
1	-0.2890	-0.1221	0.0196	0.1252	-0.2810	-0.3867	-1.3902	-2.1787	0.3514
2	-0.0287	0.2555	-0.0926	0.2266	0.2902	-0.1258	0.1344	-0.8905	-3.0859
0	0.0313	-0.3202	-0.0447	0.2331	-0.3480	0.0771	0.4926	-1.1820	2.1059
1	-0.3054	-0.1196	0.0063	0.2078	-0.1634	-0.4429	-1.4480	-2.1519	0.3424
2	-0.0247	0.2727	-0.1028	0.2930	0.4261	-0.0133	-0.2561	-0.9265	-2.3441
0	0.0288	-0.3382	-0.0569	0.2453	-0.3098	0.1433	-0.1666	0.1724	3.4042
1	-0.3209	-0.1145	-0.0085	0.0209	-0.2336	-0.2664	-1.6394	-2.3080	0.1414
2	-0.0244	0.2873	-0.1129	0.1098	0.2809	-0.1699	0.3230	-0.7766	-3.1760
0	0.0333	-0.3505	-0.0655	0.1322	-0.2858	0.1654	0.2472	-1.0643	2.4453
1	-0.3329	-0.1243	-0.0083	0.0842	-0.2048	-0.2525	-1.4779	-2.4591	0.3326
2	-0.0254	0.3000	-0.1212	0.2393	0.2508	-0.0746	-0.3523	-1.3259	-2.5023
0	0.0338	-0.3617	-0.0758	0.2726	-0.1966	0.0616	0.4451	-1.0987	2.8660
1	-0.3413	-0.1169	-0.0260	0.1991	-0.2095	-0.1014	-1.2635	-2.6762	0.6260
2	-0.0214	0.3072	-0.1322	0.2822	0.0432	-0.0585	-0.4283	-1.5410	-2.8615
0	0.0312	-0.3657	-0.0877	0.2223	-0.0459	0.0763	0.4286	-0.8364	3.5968
1	-0.3440	-0.1073	-0.0461	0.1230	-0.1781	-0.1498	-1.9894	-2.7952	0.4270
2	-0.0186	0.3135	-0.1415	0.2306	0.3104	-0.0277	-0.2719	-0.9051	-3.1337
0	0.0291	-0.3774	-0.0988	0.3057	-0.4029	0.0138	0.5572	-1.0899	2.3661
1	-0.3574	-0.0938	-0.0690	0.2800	-0.2052	-0.4706	-1.9380	-2.4084	0.7121
2	-0.0110	0.3322	-0.1525	0.3630	0.5248	-0.0133	-0.4654	-0.7251	-2.7547
0	0.0237	-0.3997	-0.1134	0.2956	-0.5995	0.1228	-0.0341	0.0027	3.8568
1	-0.3817	-0.0792	-0.0949	0.0756	-0.2642	-0.6643	-2.5127	-2.4276	0.2493
2	-0.0086	0.3606	-0.1643	0.2426	0.7520	-0.1867	0.1797	-0.1741	-3.5979
0	0.0258	-0.4273	-0.1262	0.2812	-0.7684	0.2476	0.1478	-0.2873	3.6760
1	-0.4144	-0.0854	-0.1019	0.0549	-0.3307	-0.7276	-2.7737	-2.7439	0.3083
2	-0.0087	0.3935	-0.1779	0.2537	0.6503	-0.1909	-0.1152	-0.8060	-3.9961
0	0.0296	-0.4605	-0.1432	0.2493	-0.5771	0.2163	0.4878	-0.7955	4.3680
1	-0.4432	-0.0938	-0.1075	0.0601	-0.2773	-0.4939	-2.4382	-3.3119	0.4817
2	-0.0084	0.4201	-0.1908	0.2563	0.4376	-0.1814	-0.2247	-1.4197	-4.1415
0	0.0316	-0.4817	-0.1577	0.2720	-0.3559	0.2160	0.2126	-0.7624	4.3667
1	-0.4589	-0.0974	-0.1168	0.0656	-0.3358	-0.2649	-2.3355	-3.5681	0.3735
2	-0.0086	0.4348	-0.2035	0.2117	0.2681	-0.2226	0.0379	-1.4998	-4.3162
0	0.0347	-0.4948	-0.1727	0.2188	-0.2268	0.2374	0.2347	-1.0888	4.1500
1	-0.4695	-0.1084	-0.1206	0.0168	-0.3243	-0.2084	-2.3041	-3.6089	0.3009
2	-0.0110	0.4460	-0.2172	0.1991	0.1767	-0.2486	-0.0346	-1.6360	-4.1300
0	0.0392	-0.5038	-0.1875	0.2151	-0.1651	0.2275	0.2965	-1.7187	4.2704
1	-0.4772	-0.1229	-0.1208	0.0190	-0.3105	-0.1687	-2.1530	-3.8749	0.3425
2	-0.0132	0.4551	-0.2303	0.2025	0.2144	-0.2368	-0.0950	-1.9872	-4.0907
0	0.0427	-0.5124	-0.2006	0.2141	-0.2136	0.2262	0.4205	-2.1188	4.2086
1	-0.4858	-0.1350	-0.1211	0.0548	-0.2600	-0.2312	-1.8530	-4.2314	0.4303
2	-0.0135	0.4650	-0.2408	0.2399	0.1967	-0.1478	-0.2370	-2.5546	-4.0596
0	0.0433	-0.5219	-0.2130	0.2793	-0.1539	0.1616	0.1959	-1.9100	4.3314
1	-0.4944	-0.1298	-0.1377	0.1132	-0.2975	-0.1500	-1.7703	-4.4129	0.4452
2	-0.0115	0.4719	-0.2522	0.2279	0.1427	-0.1577	-0.1098	-2.6010	-4.3718
0	0.0430	-0.5286	-0.2262	0.2120	-0.1292	0.1511	0.3779	-2.4627	5.1223
1	-0.5003	-0.1247	-0.1533	0.0456	-0.1930	-0.0601	-2.0657	-4.9838	0.2957
2	-0.0107	0.4777	-0.2596	0.1028	0.0603	-0.0725	0.0072	-3.0339	-5.0226
0	0.0433	-0.5335	-0.2338	0.0978	-0.0472	0.0561	0.4671	-2.6524	5.0962
1	-0.5021	-0.1220	-0.1604	0.0488	-0.0922	0.0186	-2.0191	-5.1933	0.3726
2	-0.0095	0.4796	-0.2620	0.0895	-0.0222	-0.0325	-0.1322	-3.0423	-4.8686
0	0.0420	-0.5338	-0.2377	0.0984	0.0669	0.0114	0.3047	-2.2788	5.0889
1	-0.4997	-0.1106	-0.1743	0.0806	-0.0346	0.0845	-2.1915	-5.0131	0.3594
2	-0.0070	0.4771	-0.2628	0.0615	-0.0763	0.0518	-0.0624	-2.7890	-4.9859
0	0.0387	-0.5312	-0.2394	0.0334	0.0747	-0.0796	0.3922	-2.2348	5.2083
1	-0.4967	-0.0914	-0.1914	0.0817	0.0682	0.1009	-2.3518	-4.9694	0.3000
2	-0.0033	0.4734	-0.2596	0.0315	-0.1337	0.1025	-0.0351	-2.6981	-4.9494
0	0.0341	-0.5267	-0.2379	0.0291	0.1361	-0.1097	0.1324	-2.0010	4.9623
1	-0.4920	-0.0697	-0.2089	0.0588	0.0881	0.1344	-2.3260	-4.7224	0.1990
2	0.0005	0.4668	-0.2550	-0.0464	-0.1656	0.0936	0.2213	-2.3417	-4.9073
0	0.0307	-0.5204	-0.2343	-0.0955	0.1713	-0.0950	0.1283	-1.8922	5.0971
1	-0.4852	-0.0614	-0.2102	-0.0163	0.1872	0.1626	-2.3222	-4.5938	0.0229
2	0.0016	0.4593	-0.2458	-0.1406	-0.1841	0.1704	0.2133	-2.5053	-4.6561
0	0.0284	-0.5131	-0.2254	-0.1680	0.2440	-0.1579	0.0029	-1.8774	4.8376
1	-0.4752	-0.0567	-0.2032	-0.0631	0.2730	0.3775	-1.9037	-4.5810	0.0021
2	0.0017	0.4463	-0.2341	-0.2801	-0.5555	0.1625	0.3835	-2.7540	-4.6401
0	0.0276	-0.4923	-0.2113	-0.3809	0.6822	-0.1598	-0.0917	-1.6410	5.1405
1	-0.4495	-0.0703	-0.1730	-0.2318	0.4009	0.7581	-1.7648	-4.4310	-0.2188
2	-0.0040	0.4124	-0.2129	-0.3899	-0.8028	0.1829	0.3171	-2.4139	-4.1668
0	0.0287	-0.4552	-0.1904	-0.3255	0.8218	-0.2373	0.1297	-1.8638	3.3442
1	-0.4135	-0.0786	-0.1450	-0.0652	0.3914	0.8058	-1.5351	-3.6860	0.2635
2	-0.0049	0.3759	-0.1943	-0.2979	-0.7879	0.2538	-0.1085	-1.9186	-3.2508
0	0.0242	-0.4200	-0.1727	-0.3105	0.7005	-0.2495	0.0606	-1.2047	3.3058
1	-0.3772	-0.0710	-0.1325	-0.0711	0.3713	0.6920	-1.8066	-2.9847	0.2830
2	-0.0038	0.3403	-0.1747	-0.2486	-0.7208	0.2528	-0.0690	-1.3165	-3.1180
0	0.0190	-0.3888	-0.1564	-0.2305	0.7390	-0.2886	0.1636	-1.0649	3.1393
1	-0.3456	-0.0589	-0.1280	0.0212	0.3798	0.7543	-1.6392	-2.8037	0.3451
2	0.0005	0.3090	-0.1601	-0.2089	-0.7956	0.3156	-0.0673	-1.2763	-2.9709
0	0.0097	-0.3544	-0.1416	-0.2143	0.8047	-0.3293	-0.0697	-0.3827	2.7689
1	-0.3100	-0.0413	-0.1280	0.0200	0.3860	0.8654	-1.6232	-2.1415	0.1622
2	0.0069	0.2710	-0.1443	-0.1780	-0.9236	0.2657	0.0957	-0.6183	-2.4941
0	0.0001	-0.3154	-0.1283	-0.2101	0.8830	-0.2830	-0.1003	-0.2999	2.3965
1	-0.2708	-0.0278	-0.1252	-0.0141	0.3753	0.7392	-1.6504	-1.5573	0.0045
2	0.0126	0.2322	-0.1280	-0.2537	-0.5416	0.3376	0.1555	-0.1972	-1.9394
0	-0.0106	-0.2845	-0.1118	-0.1961	0.4970	-0.3755	-0.2807	0.0131	1.3863
1	-0.2450	-0.0095	-0.1260	0.1049	0.3465	0.5745	-1.4491	-1.1169	0.0822
2	0.0219	0.2044	-0.1140	-0.1367	-0.7799	0.2394	0.1758	-0.0684	-1.8120
0	-0.0210	-0.2555	-0.1012	-0.2247	0.8468	-0.2460	-0.1590	0.2986	2.7078
1	-0.2099	0.0014	-0.1217	-0.0792	0.3258	0.9210	-1.3409	-1.2749	-0.0753
2	0.0252	0.1651	-0.1006	-0.2107	-0.9572	0.1567	0.1746	-0.3085	-1.9945
0	-0.0280	-0.2118	-0.0879	-0.1476	0.9716	-0.2237	0.1651	-0.6712	1.3846
1	-0.1637	0.0055	-0.1119	0.0527	0.2683	1.0008	-0.7633	-1.3952	0.3945
2	0.0302	0.1178	-0.0897	-0.1772	-1.0168	0.2387	-0.0849	-0.8873	-1.5643
0	-0.0376	-0.1692	-0.0777	-0.2826	0.9643	-0.2712	-0.1219	-0.4842	1.8370
1	-0.1205	0.0130	-0.1038	-0.0681	0.3795	0.9747	-0.8326	-1.2434	-0.1635
2	0.0351	0.0758	-0.0742	-0.2975	-0.9551	0.2115	0.4437	-0.3781	-1.3771
0	-0.0464	-0.1282	-0.0622	-0.2781	0.9897	-0.2405	-0.5708	-0.0443	1.0493
1	-0.0773	0.0187	-0.0915	-0.0473	0.4035	1.0311	-0.6162	-0.7693	-0.2841
2	0.0412	0.0310	-0.0586	-0.3433	-1.0154	0.3225	0.5292	-0.3412	-0.9053
0	-0.0587	-0.0839	-0.0457	-0.3805	0.9418	-0.3491	-0.6632	0.0030	0.4297
1	-0.0332	0.0298	-0.0788	-0.0905	0.4519	1.0002	-0.4411	-0.0881	-0.4847
2	0.0494	-0.0136	-0.0400	-0.3355	-1.0681	0.2049	0.7038	0.4969	-0.1970
0	-0.0701	-0.0392	-0.0286	-0.3585	1.0050	-0.2245	-0.6494	0.3365	0.0010
1	0.0106	0.0357	-0.0632	-0.1396	0.4206	0.9340	-0.3606	0.6319	-0.4902
2	0.0543	-0.0559	-0.0234	-0.3480	-0.8603	0.1504	0.6216	0.9474	0.4089
0	-0.0789	0.0010	-0.0121	-0.3032	0.7135	-0.1739	-0.8217	0.6478	-1.3240
1	0.0452	0.0391	-0.0474	-0.1186	0.2672	0.5479	-0.2157	1.2654	-0.3396
2	0.0575	-0.0869	-0.0089	-0.2867	-0.4176	0.1408	0.3687	1.0696	0.9677
0	-0.0849	0.0236	0.0002	-0.2746	0.5265	-0.1900	-0.7442	0.2563	-0.4548
1	0.0672	0.0424	-0.0348	-0.1420	0.3012	0.6947	0.6047	0.8152	-0.3985
2	0.0616	-0.1139	0.0031	-0.2069	-0.7337	0.1269	0.5182	0.1698	0.9613
0	-0.0927	0.0565	0.0111	-0.1642	0.6726	-0.1248	-0.8490	0.4760	-1.4720
1	0.0997	0.0444	-0.0236	-0.0549	0.1361	0.7072	0.7416	1.1568	-0.3659
2	0.0641	-0.1451	0.0096	-0.1254	-0.7386	0.0679	0.4867	0.4657	1.2439
0	-0.0978	0.0875	0.0166	-0.1348	0.6579	-0.1835	-0.7079	-0.2416	-1.4516
1	0.1312	0.0480	-0.0182	0.0453	0.2054	0.4867	0.6580	1.1844	-0.5576
2	0.0703	-0.1722	0.0145	-0.0678	-0.3661	0.1482	0.5903	0.6681	1.5621
0	-0.1066	0.1091	0.0204	-0.0583	0.3180	-0.0904	-1.1277	0.8806	-1.3356
1	0.1482	0.0535	-0.0176	-0.0128	0.1087	0.3469	0.5643	1.4701	-0.6210
2	0.0736	-0.1877	0.0170	-0.1071	-0.4278	0.0933	0.7841	0.6481	1.1924
0	-0.1118	0.1279	0.0246	-0.1372	0.4858	-0.1294	-0.9255	0.2569	-1.2876
1	0.1675	0.0577	-0.0133	-0.0057	0.1867	0.4936	0.9437	1.1411	-0.7233
2	0.0787	-0.2108	0.0217	-0.0724	-0.5427	0.1460	0.7091	0.1797	1.4531
0	-0.1194	0.1515	0.0277	-0.0387	0.6508	-0.1758	-1.1027	0.2730	-1.6174
1	0.1969	0.0634	-0.0113	0.0595	0.1345	0.8096	1.5972	1.1970	-0.7055
2	0.0847	-0.2458	0.0230	-0.0884	-0.8295	0.1341	0.9767	-0.0446	1.7815
0	-0.1283	0.1887	0.0294	-0.1271	0.6218	-0.1836	-1.2777	-0.3098	-2.6612
1	0.2289	0.0692	-0.0085	0.0396	0.2010	0.4925	1.4842	1.6335	-1.0543
2	0.0918	-0.2703	0.0262	-0.0721	-0.3790	0.1700	0.9851	0.5321	2.5168
0	-0.1370	0.2082	0.0313	-0.0160	0.4072	-0.1793	-1.2874	0.0358	-2.5252
1	0.2477	0.0766	-0.0096	0.0982	0.1249	0.5318	1.9328	1.7456	-0.7895
2	0.0982	-0.2924	0.0251	-0.0022	-0.6837	0.1338	0.8905	0.0455	2.5751
0	-0.1441	0.2324	0.0299	-0.0368	0.6524	-0.1720	-1.3148	-0.0809	-2.3866
1	0.2755	0.0818	-0.0089	0.0296	0.1594	0.6010	2.0248	1.7533	-1.0671
2	0.1038	-0.3203	0.0259	-0.0978	-0.6134	0.1051	1.1825	0.3855	2.5809
0	-0.1519	0.2614	0.0319	-0.0813	0.6703	-0.1389	-1.3649	-0.1195	-2.8988
1	0.3062	0.0861	-0.0050	0.0398	0.1434	0.7846	2.4895	1.9221	-0.9937
2	0.1086	-0.3514	0.0274	-0.0599	-0.8449	0.1322	0.9580	-0.1789	3.1371
0	-0.1597	0.2962	0.0325	-0.0853	0.8168	-0.1783	-1.3449	-0.3774	-3.3435
1	0.3391	0.0904	-0.0013	0.0314	0.2064	0.7594	2.8011	2.1171	-1.0449
2	0.1156	-0.3864	0.0290	-0.0837	-0.5991	0.1817	1.0378	0.2621	3.7691
0	-0.1695	0.3261	0.0335	-0.0246	0.5517	-0.2028	-1.5448	0.0469	-4.2722
1	0.3674	0.0976	-0.0005	0.1447	0.1093	0.5823	2.7893	2.7146	-1.0005
2	0.1221	-0.4126	0.0264	0.0203	-0.5948	0.0987	1.0301	0.6218	3.9250
0	-0.1760	0.3507	0.0305	-0.0484	0.4539	-0.1227	-1.4441	-0.2746	-3.5374
1	0.3902	0.1013	-0.0006	0.0298	0.1704	0.2822	2.4535	2.6153	-1.2551
2	0.1273	-0.4294	0.0259	-0.0727	-0.1686	0.1530	1.2114	0.6555	3.7827
0	-0.1829	0.3607	0.0310	-0.0042	0.1187	-0.1230	-1.7287	0.1639	-4.2983
1	0.3977	0.1077	-0.0024	0.1091	0.0805	0.1630	2.8022	2.8054	-1.1198
2	0.1323	-0.4370	0.0226	0.0233	-0.2404	0.1046	1.1797	0.5407	3.9698
0	-0.1877	0.3695	0.0285	-0.0722	0.2632	-0.0598	-1.9888	0.5686	-2.9668
1	0.4087	0.1110	-0.0021	-0.1195	0.1004	0.2429	2.4975	2.6449	-1.6392
2	0.1345	-0.4482	0.0254	-0.2160	-0.2089	-0.0518	1.8277	0.8479	3.2552
0	-0.1891	0.3777	0.0363	-0.2147	0.2074	0.0605	-1.6448	-0.1623	-3.7158
1	0.4168	0.1106	0.0084	-0.1293	0.1158	0.2757	2.8921	2.5103	-1.3445
2	0.1353	-0.4576	0.0318	-0.0982	-0.3493	0.0595	1.0342	-0.1451	4.0710
0	-0.1926	0.3916	0.0410	-0.0166	0.4900	-0.0984	-1.7849	-0.2882	-4.1476
1	0.4379	0.1119	0.0131	0.0385	0.0479	0.6529	3.6956	2.3983	-1.1590
2	0.1375	-0.4850	0.0305	-0.0750	-0.7277	0.0116	1.3058	-0.4866	4.0636
0	-0.1967	0.4227	0.0414	-0.1545	0.6079	-0.0699	-1.7111	-1.4778	-3.9860
1	0.4655	0.1132	0.0201	-0.0726	0.1903	0.4463	3.6143	2.1385	-1.5397
2	0.1418	-0.5078	0.0341	-0.1318	-0.3120	0.1304	1.3735	-0.3875	4.5038
0	-0.2033	0.4381	0.0446	-0.0926	0.3063	-0.1279	-1.9362	-0.6430	-4.9890
1	0.4801	0.1189	0.0233	0.0238	0.1122	0.3601	3.9388	2.6564	-1.3249
2	0.1468	-0.5232	0.0336	-0.0315	-0.3780	0.1022	1.2670	-0.2320	4.9904
0	-0.2091	0.4560	0.0438	-0.0423	0.4053	-0.0898	-2.1251	-0.5656	-4.6230
1	0.4984	0.1227	0.0254	-0.0235	0.1117	0.3649	4.1963	2.7682	-1.5812
2	0.1509	-0.5411	0.0331	-0.1095	-0.2434	0.0773	1.6721	-0.1649	4.8931
0	-0.2141	0.4698	0.0454	-0.1079	0.1565	-0.0867	-1.9632	-0.9480	-5.3197
1	0.5069	0.1275	0.0277	0.0111	0.1356	0.1095	4.1163	2.9246	-1.6315
2	0.1560	-0.5478	0.0328	-0.0244	-0.1391	0.1158	1.4350	-0.2218	5.2859
0	-0.2197	0.4766	0.0449	-0.0290	0.2101	-0.0985	-2.0848	-0.6119	-4.6243
1	0.5146	0.1321	0.0272	0.0048	0.1020	0.2792	4.3966	2.7235	-1.5944
2	0.1600	-0.5586	0.0312	-0.0872	-0.3221	0.0460	1.6746	-0.4020	4.8194
0	-0.2238	0.4892	0.0460	-0.1041	0.2908	-0.0260	-2.2460	-0.7265	-4.9991
1	0.5270	0.1346	0.0312	-0.0462	0.1004	0.2871	4.2996	2.8191	-1.7952
2	0.1628	-0.5710	0.0321	-0.0312	-0.2876	0.0923	1.6197	-0.4981	5.3731
0	-0.2284	0.5022	0.0454	0.0461	0.3042	-0.1847	-1.9679	-1.2279	-5.5953
1	0.5428	0.1391	0.0301	0.1779	0.0844	0.3648	4.7443	2.8688	-1.5303
2	0.1681	-0.5899	0.0246	0.0524	-0.4506	0.0904	1.5655	-0.3858	5.2790
0	-0.2331	0.5224	0.0400	-0.0459	0.4339	-0.0050	-2.5122	-0.2012	-4.7878
1	0.5617	0.1406	0.0312	-0.0740	0.0464	0.3732	4.0874	3.1010	-2.0369
2	0.1690	-0.6067	0.0241	-0.0679	-0.2975	-0.0005	1.9901	0.1203	5.1903
0	-0.2346	0.5373	0.0417	-0.0225	0.3049	-0.0378	-1.9954	-1.3548	-5.7905
1	0.5768	0.1414	0.0355	0.0496	0.0559	0.3885	4.9622	2.9541	-1.6118
2	0.1711	-0.6231	0.0211	0.0266	-0.3768	0.0959	1.4134	-0.8757	5.8308
0	-0.2381	0.5548	0.0383	-0.0076	0.3107	-0.0838	-2.2375	-0.9841	-5.4377
1	0.5930	0.1440	0.0356	0.0026	0.0678	0.2859	4.9536	2.9367	-1.7780
2	0.1738	-0.6374	0.0180	-0.0296	-0.2953	0.0704	1.7662	-0.6031	5.6966
0	-0.2421	0.5687	0.0366	0.0120	0.3135	-0.1634	-2.1083	-1.7944	-6.0431
1	0.6058	0.1476	0.0347	0.1431	0.1157	0.3413	5.3327	2.8918	-1.7764
2	0.1790	-0.6528	0.0125	-0.0022	-0.3363	0.1301	1.6918	-0.7998	5.9719
0	-0.2481	0.5839	0.0322	-0.0786	0.2401	-0.0732	-2.3529	-0.5983	-5.6478
1	0.6193	0.1526	0.0346	-0.0159	0.0923	0.0890	4.7736	3.4115	-1.9041
2	0.1829	-0.6614	0.0109	-0.0280	-0.0244	0.0361	1.7868	0.1122	6.0033
0	-0.2506	0.5873	0.0320	0.0352	0.0153	-0.0180	-2.2566	-0.9776	-6.0870
1	0.6210	0.1535	0.0337	0.0546	-0.0187	0.0847	5.0050	3.3335	-1.6260
2	0.1829	-0.6647	0.0060	0.0398	-0.1473	0.0367	1.6062	-0.7257	5.8304
0	-0.2509	0.5930	0.0287	-0.0125	0.1601	-0.0265	-2.1957	-1.1450	-5.2802
1	0.6274	0.1539	0.0332	-0.0014	0.0433	0.1650	5.0958	2.8315	-1.8284
2	0.1840	-0.6719	0.0031	-0.0030	-0.1685	0.0394	1.7627	-0.7838	5.6569
0	-0.2524	0.6006	0.0275	0.0141	0.1835	-0.0204	-2.4681	-0.9163	-5.9620
1	0.6349	0.1545	0.0334	0.0063	-0.0040	0.1786	5.2144	3.1557	-1.8692
2	0.1840	-0.6796	0.0001	0.0016	-0.1334	-0.0252	1.8780	-0.3396	6.1081
0	-0.2517	0.6061	0.0271	-0.0213	0.0230	0.0524	-2.3720	-1.1328	-6.1975
1	0.6376	0.1532	0.0350	-0.0566	-0.0052	-0.0405	5.1343	3.5064	-1.9549
2	0.1824	-0.6794	-0.0010	-0.0094	0.0666	-0.0568	1.7760	-0.1986	6.2814
0	-0.2488	0.6033	0.0285	0.0239	-0.0685	0.1027	-2.2331	-0.7804	-6.0665
1	0.6339	0.1496	0.0364	-0.0300	-0.0888	-0.0890	5.0588	3.4852	-1.6917
2	0.1776	-0.6756	-0.0038	0.0536	0.0807	-0.1098	1.6047	-0.1024	6.0441
0	-0.2435	0.5994	0.0287	0.0223	-0.0739	0.1697	-2.4386	-0.4308	-5.3902
1	0.6292	0.1438	0.0380	-0.1528	-0.0984	-0.0997	4.7584	3.3865	-1.8802
2	0.1719	-0.6713	-0.0030	-0.0638	0.1132	-0.1693	1.9192	-0.1650	5.7154
0	-0.2371	0.5935	0.0339	-0.0544	-0.1252	0.2076	-2.2491	-1.1711	-6.0961
1	0.6223	0.1377	0.0440	-0.1676	-0.1080	-0.1370	5.2532	3.2599	-1.8256
2	0.1657	-0.6643	-0.0005	-0.0072	0.1595	-0.1659	1.6336	-0.5706	6.2177
0	-0.2301	0.5867	0.0378	0.0403	-0.1156	0.1716	-2.1193	-1.4585	-6.1827
1	0.6169	0.1306	0.0475	-0.0680	-0.1405	-0.0668	5.6134	3.0959	-1.6264
2	0.1582	-0.6593	-0.0020	0.0426	0.0739	-0.1446	1.5572	-0.9635	6.2001
0	-0.2224	0.5828	0.0388	0.0289	-0.0899	0.1599	-2.0939	-1.5868	-5.7363
1	0.6126	0.1233	0.0495	-0.0706	-0.1128	-0.1237	5.4320	2.8760	-1.7056
2	0.1521	-0.6550	-0.0033	0.0301	0.1138	-0.1359	1.5917	-0.9332	5.9463
0	-0.2158	0.5783	0.0403	0.0404	-0.0668	0.1654	-1.9892	-1.4299	-5.6073
1	0.6084	0.1171	0.0513	-0.0732	-0.0894	-0.0396	5.3880	2.7238	-1.5929
2	0.1460	-0.6517	-0.0046	-0.0213	0.0670	-0.0852	1.5045	-1.0811	5.7151
0	-0.2110	0.5752	0.0424	-0.0059	-0.0793	0.1001	-2.0241	-1.2022	-5.8674
1	0.6046	0.1133	0.0534	-0.0513	-0.0756	-0.0875	5.1785	2.9478	-1.5717
2	0.1423	-0.6476	-0.0059	0.0215	0.1061	-0.0850	1.4421	-0.5284	5.8583
0	-0.2067	0.5709	0.0433	0.0065	-0.1000	0.1076	-1.9478	-0.9639	-5.4968
1	0.5997	0.1096	0.0544	-0.0931	-0.0459	-0.1054	4.8990	3.1771	-1.6222
2	0.1391	-0.6433	-0.0064	-0.0511	0.1035	-0.1084	1.6130	-0.2681	5.7532
0	-0.2028	0.5660	0.0464	-0.0111	-0.0891	0.1611	-2.2166	-0.5607	-6.2001
1	0.5944	0.1048	0.0578	-0.0872	-0.1306	-0.0827	5.0084	3.5859	-1.5677
2	0.1333	-0.6388	-0.0065	0.0420	0.1182	-0.1607	1.3849	0.0312	6.1782
0	-0.1954	0.5607	0.0483	0.0368	-0.2129	0.1922	-1.8183	-0.7287	-5.9726
1	0.5860	0.0975	0.0596	-0.1032	-0.1347	-0.3367	4.6768	3.6684	-1.3972
2	0.1253	-0.6262	-0.0078	0.0558	0.3911	-0.1902	1.2515	0.2556	6.0225
0	-0.1851	0.5441	0.0505	0.0977	-0.3867	0.2716	-1.8448	-0.3690	-5.8384
1	0.5669	0.0868	0.0606	-0.0986	-0.2523	-0.4396	4.5942	3.5224	-1.2000
2	0.1135	-0.6060	-0.0106	0.0996	0.5048	-0.2170	1.0836	-0.0420	5.6904
0	-0.1714	0.5218	0.0513	0.0987	-0.5495	0.2642	-1.6342	-0.5700	-5.2632
1	0.5442	0.0759	0.0607	-0.1430	-0.2385	-0.6118	4.3212	3.2276	-1.1994
2	0.1024	-0.5795	-0.0125	0.0233	0.7094	-0.2714	1.1597	0.1740	5.2565
0	-0.1580	0.4920	0.0549	0.0040	-0.7780	0.3309	-1.3368	-0.7367	-5.1051
1	0.5115	0.0643	0.0637	-0.1929	-0.1896	-0.8018	4.0204	3.2056	-1.1160
2	0.0919	-0.5430	-0.0117	0.0003	0.8132	-0.1660	0.8888	-0.1615	5.1034
0	-0.1479	0.4587	0.0590	-0.0052	-0.7805	0.1992	-1.1435	-0.9095	-4.6792
1	0.4762	0.0577	0.0650	-0.0949	-0.0151	-0.7076	4.1471	2.7311	-0.9524
2	0.0890	-0.5108	-0.0120	-0.0725	0.7150	0.0514	0.7378	-0.6581	4.4429
0	-0.1465	0.4223	0.0629	-0.1640	-0.7989	-0.0254	-1.2025	-0.6811	-4.1093
1	0.4397	0.0630	0.0634	-0.1597	0.1573	-0.9003	3.3703	2.6688	-1.0829
2	0.0934	-0.4695	-0.0078	-0.1713	0.9403	-0.0376	1.1090	0.4134	4.3018
0	-0.1461	0.3784	0.0718	-0.1239	-0.9574	0.2002	-1.5490	-0.2736	-4.6937
1	0.3934	0.0629	0.0658	-0.1314	-0.0535	-1.0025	3.4180	2.8577	-0.9346
2	0.0901	-0.4217	-0.0058	-0.0067	1.0685	-0.0647	0.8744	0.1915	4.6040
0	-0.1400	0.3341	0.0752	0.0086	-1.0917	0.1823	-1.5677	-0.3496	-3.8692
1	0.3467	0.0593	0.0638	-0.1516	-0.1541	-1.0493	3.2288	2.3844	-0.9688
2	0.0848	-0.3786	-0.0074	0.0366	1.0190	-0.1961	1.0511	0.0343	3.8045
0	-0.1286	0.2869	0.0766	0.0587	-0.9670	0.2799	-1.3081	-0.4863	-3.2564
1	0.3024	0.0504	0.0633	-0.0893	-0.1955	-1.0132	2.8025	1.9516	-0.8792
2	0.0759	-0.3303	-0.0117	0.1043	1.0823	-0.1231	0.7755	-0.1873	3.3368
0	-0.1177	0.2385	0.0743	0.1267	-1.1090	0.1769	-1.0072	-0.5395	-3.0877
1	0.2556	0.0451	0.0574	0.0178	-0.1871	-1.0902	2.4756	1.8728	-0.6793
2	0.0711	-0.2829	-0.0195	0.1838	1.0381	-0.1013	0.6369	-0.0327	3.0162
0	-0.1097	0.1945	0.0685	0.1491	-1.0458	0.1879	-1.1470	0.2114	-2.1782
1	0.2082	0.0403	0.0492	-0.0644	-0.1622	-1.1727	1.6712	1.8483	-0.8377
2	0.0660	-0.2338	-0.0260	0.0642	1.2546	-0.1141	0.9209	0.6059	2.2305
0	-0.1002	0.1401	0.0656	0.0992	-1.2101	0.1926	-0.8945	0.0308	-2.2244
1	0.1522	0.0359	0.0432	0.0418	-0.1830	-1.0896	1.5550	1.6841	-0.5967
2	0.0622	-0.1792	-0.0345	0.2378	1.0295	-0.0731	0.5148	0.1496	2.2081
0	-0.0925	0.0918	0.0564	0.2411	-0.9947	0.2044	-1.1010	0.7759	-1.5529
1	0.1087	0.0325	0.0321	0.0403	-0.2829	-0.9986	1.1878	1.5225	-0.5137
2	0.0571	-0.1356	-0.0467	0.2326	0.9890	-0.1630	0.6586	0.5652	1.4128
0	-0.0830	0.0520	0.0467	0.2426	-0.9366	0.2156	-0.6906	0.2376	-1.0442
1	0.0675	0.0261	0.0224	0.0780	-0.2909	-0.8776	0.7431	1.0501	-0.3972
2	0.0521	-0.0965	-0.0598	0.2795	0.8038	-0.1439	0.3956	0.1836	0.9057
0	-0.0738	0.0130	0.0334	0.2755	-0.8080	0.1888	-0.6453	0.3442	-0.6160
1	0.0318	0.0203	0.0109	0.0654	-0.3097	-0.8261	0.3618	0.8027	-0.2852
2	0.0471	-0.0617	-0.0728	0.2254	0.8579	-0.2132	0.4897	0.5870	0.4989
0	-0.0632	-0.0228	0.0222	0.2206	-0.8159	0.2992	-0.5912	0.4378	-0.2457
1	-0.0058	0.0090	0.0047	0.0057	-0.3339	-0.7706	0.0763	0.5811	-0.2449
2	0.0386	-0.0232	-0.0867	0.2674	0.7393	-0.2110	0.3114	0.1296	0.2750
0	-0.0526	-0.0541	0.0101	0.2840	-0.7046	0.2542	-0.4993	0.1620	-0.1126
1	-0.0374	-0.0014	-0.0023	0.0516	-0.3518	-0.6898	0.1045	0.2981	-0.1476
2	0.0322	0.0073	-0.1013	0.2562	0.6733	-0.2429	0.3037	0.1336	0.0135
0	-0.0420	-0.0835	-0.0038	0.2580	-0.6254	0.2967	-0.2957	0.2688	0.4483
1	-0.0659	-0.0143	-0.0069	0.0138	-0.3694	-0.5599	-0.1841	-0.0053	-0.0036
2	0.0242	0.0339	-0.1158	0.2823	0.5110	-0.2408	0.1365	-0.0750	-0.4000
0	-0.0310	-0.1081	-0.0189	0.3073	-0.5042	0.2186	-0.0723	-0.4265	0.3210
1	-0.0897	-0.0257	-0.0147	0.1295	-0.3381	-0.5644	-0.2084	-0.3003	0.1630
2	0.0208	0.0595	-0.1322	0.4041	0.7248	-0.0887	-0.2433	-0.2531	-0.1988
0	-0.0274	-0.1358	-0.0358	0.4487	-0.7902	0.0917	-0.2827	-0.4353	0.4911
1	-0.1203	-0.0227	-0.0369	0.2751	-0.3513	-0.7663	-0.6047	-0.5237	0.0581
2	0.0234	0.0949	-0.1513	0.3041	0.8020	-0.1131	0.4728	-0.1023	-1.1060
0	-0.0248	-0.1739	-0.0537	0.2134	-0.8575	0.1843	-0.5157	-0.0594	1.5376
1	-0.1594	-0.0238	-0.0522	0.0638	-0.2635	-0.8908	-1.0354	-0.7857	-0.4034
2	0.0223	0.1331	-0.1630	0.2785	0.9291	-0.1152	0.5640	-0.0549	-1.3739
0	-0.0204	-0.2135	-0.0666	0.3370	-0.9224	0.1352	-0.3128	-0.4471	1.4159
1	-0.1999	-0.0220	-0.0690	0.1761	-0.2821	-0.9344	-0.9722	-1.0549	-0.0099
2	0.0244	0.1745	-0.1772	0.2759	0.9778	-0.0887	0.3670	-0.3834	-1.7100
0	-0.0179	-0.2561	-0.0806	0.1974	-1.0346	0.2191	-0.5905	0.0945	2.2126
1	-0.2429	-0.0220	-0.0820	-0.0110	-0.2767	-1.0670	-1.4884	-1.2767	-0.2862
2	0.0223	0.2243	-0.1889	0.2194	1.0557	-0.1891	0.5587	-0.2228	-2.0345
0	-0.0106	-0.3008	-0.0921	0.2812	-0.9747	0.2344	-0.3344	-0.5800	2.0812
1	-0.2864	-0.0267	-0.0920	0.1219	-0.3464	-0.8923	-1.2056	-1.7186	0.0214
2	0.0223	0.2652	-0.2035	0.3358	0.8657	-0.1560	0.1634	-0.9870	-2.1725
0	-0.0073	-0.3396	-0.1088	0.3328	-0.8059	0.2094	-0.2113	-0.7223	2.9784
1	-0.3208	-0.0244	-0.1105	0.1255	-0.3521	-0.7179	-1.3466	-2.3759	0.0733
2	0.0232	0.2989	-0.2187	0.3070	0.6715	-0.1703	0.2768	-1.3004	-2.9377
0	-0.0044	-0.3707	-0.1250	0.2950	-0.6994	0.1954	-0.1191	-1.1354	3.1062
1	-0.3513	-0.0205	-0.1302	0.1224	-0.3054	-0.7549	-1.6465	-2.6418	0.0148
2	0.0245	0.3282	-0.2306	0.2956	0.8169	-0.1287	0.2250	-1.2063	-3.0240
0	-0.0027	-0.4049	-0.1398	0.3113	-0.7745	0.1779	-0.1085	-1.0168	3.3866
1	-0.3841	-0.0117	-0.1530	0.1255	-0.3244	-0.6485	-1.6569	-2.9271	0.1767
2	0.0269	0.3617	-0.2457	0.2999	0.5278	-0.1776	0.1886	-1.5800	-3.4036
0	-0.0010	-0.4340	-0.1569	0.2689	-0.5353	0.1941	-0.0781	-1.3644	3.8317
1	-0.4087	-0.0055	-0.1729	0.0856	-0.2562	-0.6644	-1.8820	-3.2700	0.0493
2	0.0281	0.3881	-0.2567	0.2164	0.7407	-0.1085	0.2816	-1.4988	-3.6971
0	0.0002	-0.4624	-0.1676	0.2218	-0.7869	0.1387	-0.0052	-1.3977	3.6857
1	-0.4404	0.0078	-0.1963	0.1334	-0.2417	-0.6851	-2.0250	-3.3592	0.1633
2	0.0318	0.4204	-0.2667	0.3150	0.5953	-0.1040	0.1008	-1.7283	-3.6492
0	-0.0014	-0.4931	-0.1825	0.3293	-0.6006	0.1438	-0.1411	-1.3590	4.1352
1	-0.4687	0.0352	-0.2371	0.1620	-0.2922	-0.6797	-2.2020	-3.6517	0.1534
2	0.0372	0.4510	-0.2794	0.3132	0.8429	-0.0574	0.2012	-1.6769	-4.1581
0	-0.0046	-0.5309	-0.1973	0.3062	-1.0412	0.0202	0.2254	-2.4643	4.3958
1	-0.5067	0.0977	-0.3109	0.2930	-0.1462	-1.0660	-2.6237	-4.1775	0.1730
2	0.0494	0.4988	-0.2860	0.3317	1.1891	0.2586	-0.0238	-2.4534	-4.3799
0	-0.0156	-0.5797	-0.2047	0.3195	-1.1650	-0.2004	-0.0358	-2.0655	4.7827
1	-0.5472	0.2541	-0.4710	0.4057	-0.1082	-1.0133	-2.0962	-4.4799	0.2325
2	0.0678	0.5452	-0.2902	0.5019	0.7916	0.0554	0.2342	-2.4186	-4.5632
0	-0.0312	-0.6210	-0.2191	0.5295	-0.6765	0.0496	-0.6697	-1.3613	5.4544
1	-0.5728	0.4861	-0.7169	0.3513	-0.3731	-0.5882	-2.3844	-4.7657	-0.1109
2	0.0835	0.5737	-0.3058	0.4569	0.5352	-0.0989	0.8058	-2.4335	-5.3668
0	-0.0404	-0.6449	-0.2373	0.3492	-0.4878	0.1383	-0.4261	-2.1635	6.1922
1	-0.5837	0.6554	-0.8999	0.1215	-0.2802	-0.4688	-2.7003	-5.3461	-0.5812
2	0.0901	0.5960	-0.3170	0.2350	0.5628	-0.1523	1.0258	-2.6643	-5.6506
0	-0.0422	-0.6672	-0.2504	0.2590	-0.5741	0.2238	-0.6093	-2.2926	5.1928
1	-0.5967	0.8196	-1.0757	0.0778	-0.3565	-0.5151	-2.5078	-5.2162	-0.3917
2	0.0933	0.6175	-0.3288	0.3022	0.4835	-0.2389	0.7584	-2.8441	-5.1915
0	-0.0428	-0.6886	-0.2674	0.3092	-0.3947	0.2766	-0.5282	-2.5616	5.9178
1	-0.6054	0.9902	-1.2612	0.0315	-0.3440	-0.4166	-2.3388	-5.5788	-0.3784
2	0.0954	0.6371	-0.3437	0.1905	0.4999	-0.2249	0.8745	-3.1898	-5.5758
0	-0.0408	-0.7097	-0.2836	0.1814	-0.4949	0.2781	-0.5349	-2.7473	6.0824
1	-0.6136	1.2014	-1.4842	-0.0295	-0.3022	-0.4376	-2.5926	-5.9604	-0.4460
2	0.0946	0.6566	-0.3543	0.1529	0.3677	-0.2625	0.8851	-3.4879	-5.9316
0	-0.0370	-0.7261	-0.2973	0.1360	-0.3102	0.3174	-0.5046	-2.7092	6.5800
1	-0.6194	1.3683	-1.6615	-0.1186	-0.2741	-0.3601	-2.7101	-6.1836	-0.5056
2	0.0905	0.6717	-0.3644	0.0428	0.3903	-0.2868	0.9773	-3.3226	-6.1639
0	-0.0297	-0.7411	-0.3095	0.0758	-0.2799	0.3629	-0.5791	-2.5607	6.4503
1	-0.6275	1.5518	-1.8559	-0.1712	-0.3291	-0.1775	-2.7613	-6.2164	-0.4077
2	0.0834	0.6811	-0.3768	0.0849	0.0523	-0.3601	0.7280	-3.7143	-6.2346
0	-0.0213	-0.7453	-0.3233	0.0464	-0.0407	0.3365	-0.0018	-3.5627	6.8882
1	-0.6351	1.5948	-1.9089	-0.1767	-0.1930	-0.0548	-2.7056	-6.7330	-0.2612
2	0.0757	0.6844	-0.3844	-0.0542	0.0788	-0.2143	0.5606	-4.0678	-6.4157
0	-0.0125	-0.7486	-0.3303	-0.0415	0.0054	0.2568	-0.2689	-2.9748	6.6042
1	-0.6433	1.6105	-1.9284	-0.1909	-0.1549	0.0577	-2.5553	-6.6283	-0.1308
2	0.0675	0.6837	-0.3886	-0.0588	-0.0630	-0.1856	0.4546	-3.9793	-6.1924
0	-0.0040	-0.7462	-0.3356	-0.0477	0.0488	0.1455	0.2347	-3.8864	6.1661
1	-0.6499	1.5772	-1.8953	-0.0702	-0.0040	0.0050	-2.4009	-6.5745	0.0581
2	0.0634	0.6831	-0.3879	-0.0199	0.0048	-0.0062	0.1268	-4.1350	-5.7981
0	-0.0013	-0.7460	-0.3357	-0.0072	0.0340	0.0321	-0.0050	-3.0987	6.0793
1	-0.6516	1.5561	-1.8709	0.0043	-0.0127	0.0811	-2.2522	-6.3247	0.2017
2	0.0632	0.6802	-0.3861	0.0675	-0.1055	0.0245	0.1356	-3.8928	-5.6864
0	-0.0030	-0.7423	-0.3361	0.0582	0.0111	-0.0674	0.1706	-3.6335	5.8485
1	-0.6490	1.4967	-1.8073	0.0777	0.0361	-0.0210	-2.4539	-6.2136	0.0986
2	0.0665	0.6796	-0.3825	0.0226	-0.0007	0.0359	0.3393	-3.5156	-5.8501
0	-0.0056	-0.7429	-0.3350	0.0240	0.0542	0.0047	-0.2096	-2.5892	6.3159
1	-0.6478	1.4508	-1.7577	0.0213	-0.0146	0.1169	-2.6151	-6.1122	-0.0016
2	0.0673	0.6760	-0.3809	0.0533	-0.1763	-0.0002	0.4248	-3.4259	-6.0164
0	-0.0068	-0.7362	-0.3359	0.0559	0.2593	0.0154	-0.1774	-2.5439	6.4807
1	-0.6453	1.2583	-1.5629	0.0124	-0.0217	0.2566	-2.7925	-6.1115	-0.0810
2	0.0679	0.6649	-0.3797	-0.0336	-0.1337	-0.0116	0.5340	-3.2021	-6.1312
0	-0.0059	-0.7278	-0.3357	-0.0726	0.0492	0.0521	-0.1678	-2.6405	6.0673
1	-0.6457	1.1118	-1.4125	-0.0845	0.0214	0.0454	-2.9300	-5.8464	-0.1056
2	0.0646	0.6621	-0.3766	-0.0481	-0.0789	-0.0386	0.4075	-3.1327	-5.8311
0	-0.0027	-0.7241	-0.3349	-0.0100	0.1718	0.0382	-0.0262	-2.8582	6.0725
1	-0.6461	0.9951	-1.2924	-0.0341	-0.0114	0.1939	-2.4308	-6.0649	0.1510
2	0.0625	0.6539	-0.3747	-0.0153	-0.2236	-0.0192	0.2005	-3.6508	-5.7817
0	-0.0016	-0.7152	-0.3346	-0.0173	0.2121	-0.0079	0.1655	-3.3412	5.9390
1	-0.6414	0.8225	-1.1161	0.0079	0.0445	0.2188	-2.3444	-6.1511	0.1528
2	0.0619	0.6454	-0.3714	-0.0168	-0.2197	0.0614	0.2346	-3.7328	-5.6893
0	-0.0024	-0.7051	-0.3315	-0.0454	0.2617	-0.0640	-0.1434	-2.9435	6.1382
1	-0.6326	0.6727	-0.9590	-0.0012	0.1244	0.2878	-2.3901	-6.0572	-0.0841
2	0.0619	0.6317	-0.3635	-0.0993	-0.3319	0.1081	0.5167	-3.5158	-5.7867
0	-0.0031	-0.6919	-0.3250	-0.1188	0.3847	-0.1049	-0.1638	-2.5503	6.0977
1	-0.6209	0.5246	-0.8012	-0.0493	0.1597	0.4788	-2.4257	-5.8093	-0.1309
2	0.0598	0.6097	-0.3542	-0.1415	-0.6466	0.0548	0.4728	-3.3083	-5.7739
0	-0.0019	-0.6629	-0.3163	-0.1319	0.7231	-0.0761	-0.1232	-2.5194	5.7543
1	-0.5953	0.3290	-0.5952	-0.0582	0.1452	0.7396	-2.3819	-5.6073	0.0009
2	0.0564	0.5782	-0.3460	-0.1587	-0.7237	0.0534	0.3950	-3.0440	-5.4809
0	-0.0004	-0.6312	-0.3083	-0.2118	0.6731	-0.0509	-0.0698	-2.2128	5.5947
1	-0.5638	0.1953	-0.4505	-0.1348	0.2008	0.6353	-2.6205	-5.0595	-0.0566
2	0.0506	0.5492	-0.3353	-0.2206	-0.5699	0.0839	0.3310	-2.5676	-5.1075
0	0.0027	-0.6045	-0.2977	-0.1908	0.5636	-0.1103	0.1040	-2.3706	4.9491
1	-0.5400	0.1315	-0.3758	-0.0592	0.2173	0.5796	-2.2984	-4.8536	0.2275
2	0.0480	0.5232	-0.3235	-0.1588	-0.5973	0.1516	0.0392	-2.7106	-4.7780
0	0.0018	-0.5791	-0.2873	-0.1836	0.5936	-0.1386	-0.0581	-1.5688	5.0975
1	-0.5146	0.0962	-0.3284	-0.1019	0.2224	0.6034	-2.5145	-4.4375	0.1111
2	0.0449	0.4955	-0.3112	-0.2220	-0.6130	0.0762	0.2959	-2.0297	-4.8733
0	0.0033	-0.5525	-0.2765	-0.2141	0.5995	-0.0790	0.0671	-1.7249	4.6394
1	-0.4885	0.0570	-0.2776	-0.0902	0.2215	0.5858	-2.4443	-4.2047	0.1933
2	0.0419	0.4711	-0.3005	-0.1825	-0.5867	0.1519	0.0683	-2.1116	-4.4791
0	0.0032	-0.5273	-0.2657	-0.2039	0.5917	-0.1686	0.0295	-1.4717	4.5927
1	-0.4634	0.0397	-0.2477	-0.0766	0.2482	0.6231	-2.2787	-3.8746	0.1404
2	0.0406	0.4445	-0.2880	-0.2202	-0.6630	0.0919	0.2554	-1.7585	-4.3305
0	0.0034	-0.4980	-0.2539	-0.2508	0.6719	-0.0867	-0.1088	-1.3818	4.5146
1	-0.4339	0.0149	-0.2104	-0.1605	0.2510	0.6758	-2.2631	-3.7018	-0.0338
2	0.0355	0.4124	-0.2735	-0.2959	-0.6763	0.1016	0.3574	-1.7743	-4.2482
0	0.0058	-0.4655	-0.2390	-0.2916	0.7478	-0.0924	-0.0410	-1.1885	4.1552
1	-0.3994	-0.0119	-0.1686	-0.1755	0.2490	0.8594	-1.9536	-3.5754	0.1450
2	0.0306	0.3767	-0.2599	-0.2439	-0.9540	0.0826	0.1064	-1.8909	-3.8818
0	0.0068	-0.4270	-0.2265	-0.2332	0.9864	-0.1370	0.0587	-1.2625	3.6743
1	-0.3617	-0.0262	-0.1424	-0.1223	0.2549	0.9684	-1.7878	-3.1608	0.2276
2	0.0275	0.3340	-0.2469	-0.2654	-0.9024	0.0875	0.0897	-1.4411	-3.4430
0	0.0068	-0.3853	-0.2132	-0.2914	0.8391	-0.0974	0.0920	-1.1464	3.4022
1	-0.3226	-0.0385	-0.1173	-0.1745	0.2842	0.8237	-1.8831	-2.7816	0.2120
2	0.0238	0.2973	-0.2319	-0.3150	-0.8087	0.1753	0.0045	-1.3685	-3.1202
0	0.0057	-0.3503	-0.1975	-0.3147	0.8105	-0.2240	0.1127	-0.8979	2.9063
1	-0.2869	-0.0418	-0.0966	-0.1191	0.3904	0.8436	-1.5399	-2.3176	0.2433
2	0.0241	0.2598	-0.2146	-0.2859	-0.8997	0.1807	0.0077	-0.9941	-2.7200
0	0.0016	-0.3109	-0.1811	-0.2824	0.9439	-0.1320	-0.2325	0.0413	2.7139
1	-0.2442	-0.0444	-0.0770	-0.1642	0.2590	0.9946	-1.5524	-1.8149	0.2234
2	0.0216	0.2124	-0.1994	-0.2594	-1.0109	0.0887	0.1028	-0.4902	-2.4033
0	-0.0001	-0.2635	-0.1667	-0.2765	0.9023	-0.1564	0.1724	-0.6331	2.1534
1	-0.1982	-0.0466	-0.0592	-0.1420	0.3423	0.7944	-1.5892	-1.4391	0.2281
2	0.0210	0.1715	-0.1826	-0.3436	-0.7007	0.1478	-0.0018	-0.2710	-2.1035
0	-0.0028	-0.2274	-0.1490	-0.3389	0.7131	-0.0994	-0.2420	0.1856	1.6779
1	-0.1654	-0.0497	-0.0399	-0.2392	0.2622	0.7745	-1.1597	-1.0087	0.2416
2	0.0176	0.1386	-0.1672	-0.3220	-0.8328	0.0173	0.0789	-0.1530	-1.6064
0	-0.0017	-0.1923	-0.1347	-0.3210	0.8419	-0.0820	0.1359	-0.4835	1.5441
1	-0.1300	-0.0571	-0.0188	-0.2016	0.2954	0.8215	-0.8679	-0.9514	0.2723
2	0.0151	0.1022	-0.1522	-0.3176	-0.7794	0.1223	-0.1400	-0.4438	-1.3973
0	-0.0042	-0.1579	-0.1198	-0.2975	0.7529	-0.1583	0.1929	-0.3532	0.8250
1	-0.0945	-0.0561	-0.0040	-0.1357	0.2706	0.8078	-0.4329	-0.5555	0.5097
2	0.0151	0.0658	-0.1381	-0.2443	-0.8790	0.0675	-0.2479	-0.1766	-0.7267
0	-0.0074	-0.1191	-0.1072	-0.2266	0.8464	-0.1056	0.0613	-0.0347	0.5623
1	-0.0578	-0.0551	0.0065	-0.0895	0.2458	0.7735	-0.5178	-0.0989	0.3608
2	0.0155	0.0298	-0.1271	-0.2154	-0.7022	0.1204	-0.1943	0.2556	-0.4625
0	-0.0118	-0.0875	-0.0969	-0.1986	0.6040	-0.1226	0.0155	0.0968	0.0406
1	-0.0265	-0.0508	0.0138	-0.0819	0.1937	0.5810	-0.4149	0.2495	0.3804
2	0.0168	0.0029	-0.1179	-0.1895	-0.5879	0.0568	-0.1572	0.4126	-0.2006
0	-0.0148	-0.0613	-0.0881	-0.2161	0.6134	-0.0442	-0.1103	0.3395	0.5154
1	0.0002	-0.0512	0.0239	-0.1649	0.2037	0.6550	-0.2525	0.1875	0.2102
2	0.0159	-0.0247	-0.1078	-0.2326	-0.6406	0.0642	-0.0329	0.1446	-0.2881
0	-0.0173	-0.0330	-0.0778	-0.1924	0.6079	-0.1180	0.0684	-0.2505	-0.3416
1	0.0271	-0.0492	0.0323	-0.0735	0.2016	0.6193	0.2325	0.2344	0.3655
2	0.0175	-0.0528	-0.0986	-0.1869	-0.6337	0.0754	-0.1539	-0.0149	0.1969
0	-0.0213	-0.0054	-0.0691	-0.2145	0.6466	-0.0959	-0.1286	-0.0715	-0.1099
1	0.0565	-0.0458	0.0397	-0.0860	0.2452	0.6473	0.3207	0.3615	0.1111
2	0.0195	-0.0812	-0.0890	-0.2034	-0.6257	0.1344	0.0115	0.0011	0.3621
0	-0.0270	0.0216	-0.0597	-0.1896	0.5715	-0.1401	-0.2818	0.0759	-0.7484
1	0.0821	-0.0396	0.0446	-0.0610	0.2190	0.5331	0.3853	0.6460	0.1172
2	0.0233	-0.1065	-0.0803	-0.1815	-0.5251	0.1142	0.0162	0.2211	0.6280
0	-0.0328	0.0450	-0.0515	-0.1938	0.5396	-0.1285	-0.2234	-0.0723	-0.4418
1	0.1035	-0.0345	0.0493	-0.0966	0.2445	0.6046	0.6177	0.5075	0.0954
2	0.0268	-0.1326	-0.0710	-0.2480	-0.7273	0.1434	0.0933	-0.2116	0.4601
0	-0.0398	0.0748	-0.0410	-0.2637	0.8166	-0.1936	-0.2168	0.0255	-0.6697
1	0.1354	-0.0274	0.0567	-0.0902	0.3264	0.8980	0.9106	0.5756	0.0145
2	0.0323	-0.1700	-0.0596	-0.2602	-0.9789	0.1263	0.1767	0.0108	0.8619
0	-0.0488	0.1203	-0.0292	-0.2097	1.0689	-0.1069	-0.6335	0.7578	-1.6114
1	0.1830	-0.0224	0.0662	-0.1093	0.1938	1.0316	1.0330	1.4581	0.0123
2	0.0349	-0.2185	-0.0492	-0.2313	-0.8416	0.1487	0.1274	0.5826	1.7749
0	-0.0560	0.1608	-0.0202	-0.2572	0.6995	-0.2437	-0.4151	-0.1340	-2.4728
1	0.2192	-0.0130	0.0730	-0.0725	0.3188	0.6522	1.3737	2.0343	-0.1440
2	0.0426	-0.2505	-0.0396	-0.1934	-0.6509	0.1436	0.1744	0.8269	2.5978
0	-0.0656	0.1897	-0.0118	-0.1902	0.6008	-0.1748	-0.5160	0.1218	-2.7145
1	0.2444	-0.0051	0.0773	-0.0591	0.2544	0.6107	1.7602	2.2890	-0.1462
2	0.0481	-0.2792	-0.0324	-0.1731	-0.7023	0.0417	0.3321	0.8700	2.7199
0	-0.0713	0.2186	-0.0054	-0.1348	0.6501	-0.0149	-0.5061	0.1960	-3.1700
1	0.2762	-0.0026	0.0846	-0.0451	0.0991	0.7551	2.2021	2.2649	-0.0359
2	0.0485	-0.3134	-0.0284	-0.0315	-0.9406	-0.0216	0.0543	0.2666	2.9400
0	-0.0734	0.2584	-0.0034	-0.0074	1.2025	-0.0024	-0.5350	0.2469	-2.0522
1	0.3234	-0.0042	0.0897	-0.0515	0.0776	1.3886	2.8684	1.5884	-0.1282
2	0.0469	-0.3728	-0.0265	-0.1914	-1.5371	-0.0055	0.4073	-0.7390	2.3803
0	-0.0773	0.3268	0.0015	-0.2224	1.6218	-0.0703	-0.5523	-0.5031	-2.8443
1	0.3924	-0.0036	0.1001	-0.1334	0.1669	1.7845	3.0424	1.7067	-0.3539
2	0.0476	-0.4469	-0.0187	-0.1657	-1.8941	0.0172	0.2790	-0.7208	3.3748
0	-0.0845	0.4067	0.0067	-0.1411	1.8460	-0.1913	-0.4767	-1.4620	-4.1345
1	0.4736	0.0004	0.1084	-0.0355	0.2437	1.7252	3.6755	2.2478	-0.2538
2	0.0524	-0.5241	-0.0133	-0.2830	-1.5773	0.0874	0.3831	-0.2276	4.3384
0	-0.0957	0.4768	0.0130	-0.3239	1.5070	-0.1700	-0.9080	-0.8806	-4.6505
1	0.5449	0.0095	0.1196	-0.1603	0.3238	1.4746	4.0376	2.9061	-0.5889
2	0.0613	-0.5956	-0.0025	-0.2893	-1.4620	0.1189	0.4993	-0.2686	5.2460
0	-0.1090	0.5414	0.0211	-0.2687	1.4376	-0.1698	-1.0762	-0.9161	-5.6960
1	0.6077	0.0190	0.1310	-0.1416	0.2833	1.3942	4.7924	3.2751	-0.5083
2	0.0687	-0.6538	0.0043	-0.2674	-1.3482	0.0798	0.4976	-0.3014	5.9447
0	-0.1211	0.6020	0.0275	-0.2838	1.2468	-0.1502	-1.0224	-1.6320	-6.2091
1	0.6601	0.0278	0.1414	-0.1447	0.3237	1.1563	5.3200	3.4154	-0.6774
2	0.0781	-0.7063	0.0116	-0.3277	-1.0240	0.1329	0.6681	-0.4646	6.4597
0	-0.1348	0.6481	0.0344	-0.3139	0.8828	-0.1398	-1.4919	-1.2056	-7.2955
1	0.7021	0.0395	0.1520	-0.1547	0.2731	0.7790	5.8647	4.0829	-0.8666
2	0.0875	-0.7427	0.0182	-0.2297	-0.6579	0.0482	0.6937	-0.0342	7.6288
0	-0.1441	0.6785	0.0403	-0.1720	0.5290	-0.0287	-1.4278	-1.6936	-7.8982
1	0.7296	0.0463	0.1604	-0.0731	0.1656	0.3954	6.5315	4.1358	-0.7440
2	0.0933	-0.7647	0.0198	-0.1004	-0.3068	0.1401	0.5421	-0.7197	7.9162
0	-0.1516	0.6970	0.0411	-0.0570	0.2925	-0.1429	-1.4017	-1.5798	-7.6283
1	0.7444	0.0529	0.1609	0.0477	0.1243	0.3221	6.8633	3.8515	-0.7770
2	0.0987	-0.7797	0.0156	-0.0127	-0.3690	0.0808	0.6475	-1.0775	7.5072
0	-0.1556	0.7128	0.0383	-0.0069	0.4299	-0.0654	-1.3732	-1.7547	-6.8376
1	0.7624	0.0562	0.1602	0.0381	0.0885	0.4674	6.8370	3.2614	-0.8151
2	0.1016	-0.8002	0.0114	-0.0424	-0.4771	0.1385	0.6864	-1.6523	6.8702
0	-0.1612	0.7349	0.0349	-0.0542	0.4894	-0.1981	-1.2119	-2.2017	-6.8018
1	0.7857	0.0637	0.1587	0.0933	0.1937	0.5406	6.7423	2.9944	-0.8659
2	0.1088	-0.8236	0.0058	-0.0442	-0.5878	0.1756	0.7069	-1.7118	6.9260
0	-0.1695	0.7600	0.0301	-0.0594	0.6003	-0.1741	-1.3902	-2.0278	-6.6585
1	0.8116	0.0712	0.1583	0.0285	0.1772	0.6150	6.7481	2.9722	-0.8884
2	0.1154	-0.8501	0.0017	-0.1194	-0.6196	0.1298	0.9088	-1.5479	6.8043
0	-0.1782	0.7864	0.0294	-0.2356	0.5900	-0.1140	-1.6226	-2.1132	-6.6383
1	0.8364	0.0807	0.1638	-0.1608	0.2863	0.5585	6.7317	3.1345	-1.3063
2	0.1266	-0.8780	0.0049	-0.2750	-0.5913	0.1143	1.2476	-1.4344	7.2582
0	-0.1910	0.8133	0.0343	-0.2193	0.6027	-0.0864	-1.9210	-1.9811	-8.1709
1	0.8615	0.0918	0.1729	-0.1178	0.1762	0.6002	7.5211	3.7988	-1.2449
2	0.1344	-0.9036	0.0076	-0.1844	-0.5293	0.0172	1.1525	-1.2687	8.3300
0	-0.1981	0.8364	0.0384	-0.2066	0.3444	-0.0275	-1.8314	-2.8981	-8.5341
1	0.8788	0.0985	0.1805	-0.1196	0.1814	0.2147	7.6802	3.9294	-1.3886
2	0.1407	-0.9151	0.0090	-0.1329	-0.0868	0.0748	1.1359	-1.3948	8.7738
0	-0.2044	0.8429	0.0406	-0.0840	0.0056	-0.0542	-1.9063	-2.7371	-8.8476
1	0.8819	0.1044	0.1830	0.0167	0.1032	-0.0104	8.1060	3.8944	-1.2570
2	0.1449	-0.9165	0.0050	0.0334	-0.0038	0.1122	0.9431	-1.7312	8.9153
0	-0.2071	0.8438	0.0369	0.0385	0.0279	-0.0732	-1.9623	-2.0912	-8.0209
1	0.8832	0.1072	0.1792	0.0222	0.0425	0.0140	7.9184	3.7951	-1.3364
2	0.1464	-0.9182	-0.0015	-0.0194	0.0266	0.0158	1.2940	-1.3986	8.1857
0	-0.2077	0.8434	0.0356	-0.0032	-0.0498	0.0380	-1.9068	-2.2230	-8.2690
1	0.8815	0.1073	0.1782	-0.0107	-0.0464	-0.0382	7.7011	3.7857	-1.2972
2	0.1449	-0.9163	-0.0047	0.0601	0.0452	-0.0470	1.0801	-1.4720	8.3375
0	-0.2043	0.8412	0.0350	0.0563	-0.0632	0.0634	-1.7735	-2.5328	-7.7577
1	0.8796	0.1041	0.1769	-0.0088	-0.0490	-0.0646	7.6763	3.5107	-1.3253
2	0.1419	-0.9131	-0.0088	0.0115	0.1187	-0.0282	1.2367	-1.8046	7.9519
0	-0.2019	0.8365	0.0352	-0.0001	-0.1233	0.0704	-1.9133	-2.6409	-7.6940
1	0.8744	0.1022	0.1766	-0.0615	-0.0597	-0.0734	7.6896	3.2672	-1.4475
2	0.1394	-0.9083	-0.0109	0.0048	0.0495	-0.0796	1.2920	-1.9279	7.8817
0	-0.1987	0.8329	0.0371	0.0023	-0.0279	0.0719	-1.7184	-2.9948	-7.5417
1	0.8723	0.0997	0.1779	-0.0557	-0.0056	-0.0055	7.8455	3.0150	-1.3896
2	0.1376	-0.9074	-0.0129	-0.0223	-0.0385	-0.0267	1.1912	-2.2931	7.7855
0	-0.1976	0.8338	0.0383	-0.0097	0.1023	0.0589	-1.8564	-2.6372	-7.6682
1	0.8746	0.0991	0.1796	-0.0453	-0.0113	0.1069	7.9165	3.0650	-1.3487
2	0.1366	-0.9116	-0.0150	-0.0073	-0.0717	0.0012	1.1321	-2.1870	7.9661
0	-0.1971	0.8377	0.0384	0.0063	0.0390	-0.0246	-1.6856	-3.0411	-8.0652
1	0.8775	0.0996	0.1791	0.0325	0.0411	0.0241	7.9338	3.2343	-1.2919
2	0.1375	-0.9139	-0.0198	-0.0134	-0.0350	0.0285	1.1311	-2.0560	8.1043
0	-0.1981	0.8393	0.0371	-0.0292	0.0359	0.0003	-1.8618	-2.6382	-7.7836
1	0.8787	0.1010	0.1784	-0.0177	0.0403	0.0252	7.8711	3.3548	-1.4064
2	0.1386	-0.9154	-0.0229	-0.0176	-0.0110	0.0251	1.2137	-1.8819	8.1054
0	-0.1989	0.8398	0.0367	0.0095	-0.0352	0.0124	-1.8009	-2.4097	-8.1781
1	0.8781	0.1016	0.1774	0.0146	-0.0107	-0.0422	7.7639	3.6406	-1.2349
2	0.1380	-0.9143	-0.0274	0.0494	0.0480	0.0071	1.0297	-1.5956	8.2727
0	-0.1973	0.8380	0.0352	0.0358	-0.0456	0.0329	-1.8875	-2.2617	-7.6502
1	0.8762	0.1001	0.1753	-0.0315	-0.0336	-0.0385	7.6215	3.5424	-1.3286
2	0.1362	-0.9121	-0.0306	-0.0131	0.0917	-0.0544	1.2699	-1.5575	7.9223
0	-0.1951	0.8336	0.0367	-0.0141	-0.1713	0.1012	-1.9172	-2.4461	-8.1430
1	0.8693	0.0978	0.1760	-0.0585	-0.0608	-0.2551	7.5398	3.6638	-1.4095
2	0.1336	-0.9021	-0.0323	0.0335	0.3308	-0.0561	1.1299	-1.4673	8.2974
0	-0.1915	0.8214	0.0385	0.0462	-0.3231	0.1172	-1.8453	-2.2634	-7.8921
1	0.8559	0.0937	0.1748	-0.0668	-0.1116	-0.2564	7.6733	3.5748	-1.2799
2	0.1293	-0.8896	-0.0346	0.0359	0.2594	-0.1142	1.1416	-1.6206	8.0082
0	-0.1858	0.8088	0.0408	0.0441	-0.2508	0.1419	-1.6037	-2.4591	-7.7901
1	0.8449	0.0886	0.1745	-0.0264	-0.0965	-0.2520	7.6335	3.4827	-1.1896
2	0.1245	-0.8782	-0.0375	0.0798	0.2903	-0.0549	0.9333	-1.7401	7.9963
0	-0.1802	0.7970	0.0410	0.0970	-0.2860	0.1088	-1.7012	-2.2106	-7.9319
1	0.8332	0.0836	0.1717	0.0083	-0.1339	-0.2976	7.6110	3.5827	-1.0851
2	0.1188	-0.8655	-0.0426	0.1178	0.3408	-0.0750	0.9201	-1.5195	8.0637
0	-0.1732	0.7830	0.0398	0.1165	-0.3746	0.1108	-1.5270	-2.1600	-7.6743
1	0.8178	0.0773	0.1673	0.0223	-0.1321	-0.3999	7.2930	3.6481	-1.1000
2	0.1129	-0.8490	-0.0484	0.1298	0.4409	-0.0711	0.9032	-1.2626	7.8038
0	-0.1658	0.7642	0.0385	0.1270	-0.5099	0.1371	-1.5533	-1.8950	-7.6823
1	0.7966	0.0706	0.1622	0.0144	-0.1679	-0.6192	6.8565	3.8329	-1.0220
2	0.1049	-0.8212	-0.0553	0.1897	0.7894	-0.1263	0.8128	-0.7265	7.8817
0	-0.1544	0.7309	0.0368	0.2091	-0.8301	0.2289	-1.5904	-1.6500	-7.4804
1	0.7623	0.0599	0.1555	0.0108	-0.2769	-0.8555	6.7476	3.8806	-0.9616
2	0.0940	-0.7847	-0.0623	0.1789	0.8526	-0.1493	0.8493	-1.0405	7.2924
0	-0.1421	0.6949	0.0359	0.1379	-0.8301	0.2100	-1.2746	-1.9101	-6.5992
1	0.7252	0.0496	0.1501	-0.0300	-0.2040	-0.8018	6.5738	3.2219	-0.9662
2	0.0854	-0.7492	-0.0676	0.1242	0.7181	-0.1372	0.8030	-1.4355	6.7653
0	-0.1316	0.6621	0.0360	0.1156	-0.5873	0.1919	-1.2264	-1.7841	-6.1748
1	0.6942	0.0404	0.1466	-0.0188	-0.1652	-0.5150	6.5076	2.9041	-0.8724
2	0.0781	-0.7230	-0.0721	0.0831	0.4997	-0.0757	0.6613	-1.5621	6.3636
0	-0.1248	0.6403	0.0354	0.0886	-0.5140	0.0789	-0.9846	-1.8173	-6.4747
1	0.6719	0.0357	0.1425	0.0580	-0.0987	-0.5362	6.0193	3.1000	-0.6343
2	0.0743	-0.7008	-0.0783	0.1508	0.5159	-0.0449	0.3991	-0.9985	6.5050
0	-0.1184	0.6180	0.0321	0.1576	-0.4654	0.1558	-1.2061	-0.9164	-6.1022
1	0.6501	0.0291	0.1372	0.0081	-0.1791	-0.5112	5.6626	3.3513	-0.6041
2	0.0676	-0.6799	-0.0847	0.1308	0.6483	-0.0783	0.5610	-0.5294	6.3021
0	-0.1099	0.5916	0.0298	0.1440	-0.8263	0.1078	-0.9929	-1.5154	-6.7683
1	0.6213	0.0237	0.1319	0.0795	-0.1509	-0.9268	5.3529	3.5518	-0.6190
2	0.0629	-0.6431	-0.0934	0.2130	0.9506	-0.0117	0.3630	-0.3218	6.4560
0	-0.1025	0.5532	0.0246	0.1916	-0.8687	0.1148	-1.1486	-0.5490	-5.3321
1	0.5796	0.0177	0.1228	0.0094	-0.1851	-0.7910	5.0445	3.2728	-0.6329
2	0.0567	-0.6037	-0.1022	0.1243	0.7616	-0.1324	0.6736	-0.2625	5.3422
0	-0.0921	0.5154	0.0221	0.1276	-0.7018	0.1981	-0.7810	-0.8112	-5.3073
1	0.5448	0.0086	0.1193	0.0100	-0.1808	-0.6363	4.7916	3.0487	-0.4465
2	0.0496	-0.5739	-0.1083	0.1517	0.5876	-0.0722	0.2862	-0.6196	5.2999
0	-0.0836	0.4891	0.0189	0.1568	-0.4524	0.0953	-0.6582	-1.1019	-4.8497
1	0.5245	0.0032	0.1144	0.0836	-0.1407	-0.3700	4.9756	2.6290	-0.2729
2	0.0453	-0.5560	-0.1171	0.1774	0.2987	0.0119	0.1231	-1.0622	5.0018
0	-0.0796	0.4759	0.0132	0.1449	-0.3812	-0.0360	-0.4145	-1.4698	-5.0438
1	0.5083	0.0022	0.1058	0.1765	0.0038	-0.5550	4.3429	2.7202	-0.2502
2	0.0470	-0.5357	-0.1269	0.1658	0.6813	0.1562	0.0372	-0.2744	5.1248
0	-0.0804	0.4474	0.0046	0.1893	-0.7277	-0.0456	-0.7274	-0.2112	-5.0683
1	0.4767	0.0047	0.0930	0.1566	-0.1139	-0.6523	4.0581	3.1838	-0.0620
2	0.0473	-0.5064	-0.1385	0.2251	0.6046	0.0076	0.1169	0.2332	4.9533
0	-0.0763	0.4196	-0.0038	0.1972	-0.5926	0.0460	-0.5987	-0.2878	-4.3105
1	0.4530	0.0020	0.0844	0.1141	-0.1102	-0.6464	3.7682	2.9796	-0.1949
2	0.0455	-0.4798	-0.1482	0.1687	0.7114	0.0423	0.2069	0.2116	4.4027
0	-0.0732	0.3892	-0.0107	0.1725	-0.8143	-0.0279	-0.5728	-0.5166	-4.6706
1	0.4172	0.0023	0.0732	0.1748	-0.0981	-0.7933	3.4648	2.9924	-0.1804
2	0.0462	-0.4451	-0.1592	0.2462	0.7461	0.0103	0.1526	0.3383	4.4533
0	-0.0691	0.3561	-0.0197	0.2239	-0.7217	0.1031	-0.7509	0.2548	-4.0132
1	0.3849	-0.0010	0.0627	0.1270	-0.1822	-0.7784	3.1738	2.9304	-0.2213
2	0.0429	-0.4086	-0.1719	0.2607	0.9073	0.0258	0.1911	0.4502	4.0808
0	-0.0626	0.3171	-0.0297	0.2755	-0.9686	0.0910	-0.5019	0.0980	-4.3263
1	0.3424	-0.0041	0.0488	0.2324	-0.2780	-0.9454	3.0262	2.9405	0.0249
2	0.0396	-0.3672	-0.1882	0.4550	0.9658	-0.0849	-0.0290	0.6146	4.1970
0	-0.0529	0.2770	-0.0448	0.4542	-0.9528	0.1689	-0.7624	0.2035	-3.2928
1	0.3024	-0.0117	0.0323	0.2341	-0.3430	-0.9491	2.5673	2.5118	-0.2172
2	0.0336	-0.3254	-0.2083	0.3923	1.0211	-0.0466	0.3140	0.3673	3.1777
0	-0.0438	0.2329	-0.0611	0.3461	-1.0709	0.0567	-0.2431	-0.5054	-2.6756
1	0.2585	-0.0151	0.0162	0.2288	-0.2052	-1.0608	2.2200	1.9879	-0.2042
2	0.0333	-0.2798	-0.2241	0.3165	1.0440	0.0222	0.2071	0.1204	2.5356
0	-0.0394	0.1875	-0.0739	0.2778	-0.9559	0.1043	-0.5831	0.5108	-2.0274
1	0.2155	-0.0174	0.0025	0.1347	-0.2260	-0.8985	1.9578	1.7504	-0.1063
2	0.0317	-0.2339	-0.2382	0.2647	0.9290	-0.0185	0.1899	0.1907	2.1395
0	-0.0338	0.1437	-0.0857	0.2742	-0.9755	0.0442	-0.2044	-0.3377	-2.4049
1	0.1754	-0.0188	-0.0099	0.2181	-0.1818	-0.9984	1.8038	1.6373	0.1080
2	0.0330	-0.1915	-0.2517	0.3653	0.9688	0.0252	-0.0957	0.1612	2.2529
0	-0.0314	0.1057	-0.0988	0.3624	-0.9058	0.0889	-0.6012	0.6447	-1.4853
1	0.1344	-0.0196	-0.0267	0.1667	-0.3128	-0.8011	1.4514	1.4544	0.0509
2	0.0313	-0.1545	-0.2671	0.3067	0.8075	-0.0802	0.2160	0.2593	1.3958
0	-0.0253	0.0702	-0.1122	0.2712	-0.8601	0.0982	-0.0806	-0.4751	-1.1934
1	0.0969	-0.0222	-0.0404	0.1874	-0.1999	-0.9388	0.9352	0.9770	0.0703
2	0.0317	-0.1144	-0.2801	0.3311	0.9783	0.0070	-0.0964	0.0596	1.2317
0	-0.0219	0.0252	-0.1262	0.3417	-0.8826	0.1274	-0.4836	0.6545	-0.6178
1	0.0583	-0.0225	-0.0556	0.1784	-0.3108	-0.7973	0.7985	0.8746	0.1987
2	0.0305	-0.0783	-0.2949	0.3433	0.7782	-0.1058	0.0679	0.1708	0.7414
0	-0.0163	-0.0093	-0.1403	0.2966	-0.8800	0.1242	0.0055	-0.4455	-0.5743
1	0.0223	-0.0251	-0.0699	0.2130	-0.2278	-1.0149	0.2280	0.5448	0.1508
2	0.0313	-0.0365	-0.3089	0.3533	1.1081	0.0405	-0.1127	0.1164	0.4895
0	-0.0150	-0.0516	-0.1534	0.3703	-1.0502	0.0530	-0.2984	0.3331	-0.0019
1	-0.0217	-0.0208	-0.0901	0.2301	-0.3043	-0.8248	0.1767	0.2774	0.2762
2	0.0334	0.0027	-0.3248	0.4092	0.6920	-0.1041	0.0492	-0.1319	-0.3723
0	-0.0118	-0.0882	-0.1721	0.4537	-0.7911	0.0770	0.1744	-0.8316	-0.3256
1	-0.0574	-0.0167	-0.1147	0.4747	-0.2938	-0.9904	-0.0853	-0.0043	0.5202
2	0.0398	0.0407	-0.3458	0.6777	1.0947	0.1145	-0.5215	-0.2244	0.3046
0	-0.0166	-0.1317	-0.1975	0.6591	-1.0541	0.0134	-0.4025	0.3930	0.9965
1	-0.0970	0.0009	-0.1541	0.4428	-0.3965	-0.8940	-0.1503	-0.0922	0.3738
2	0.0487	0.0813	-0.3712	0.5557	0.7812	-0.0739	0.1991	-0.1133	-0.8073
0	-0.0179	-0.1689	-0.2223	0.4921	-0.8189	0.1224	-0.0414	-0.2213	1.1394
1	-0.1332	0.0116	-0.1885	0.3521	-0.3419	-0.9305	-0.8061	-0.5407	0.0948
2	0.0549	0.1200	-0.3921	0.5342	1.0654	0.0432	-0.0157	-0.1204	-1.1180
0	-0.0207	-0.2097	-0.2430	0.4996	-1.0792	0.0300	-0.2073	-0.0709	1.8315
1	-0.1759	0.0303	-0.2265	0.3009	-0.3119	-0.9435	-1.2132	-1.0440	0.0338
2	0.0628	0.1627	-0.4092	0.3886	0.8359	-0.0678	0.5349	-0.3450	-2.3329
0	-0.0221	-0.2522	-0.2624	0.3649	-0.6994	0.1518	-0.3498	0.0083	2.5592
1	-0.2071	0.0398	-0.2521	0.2133	-0.3214	-0.6630	-1.2606	-1.5024	-0.0517
2	0.0663	0.1932	-0.4245	0.4354	0.6216	-0.0541	0.3409	-0.7007	-2.3409
0	-0.0230	-0.2798	-0.2802	0.4019	-0.5519	0.0920	-0.3436	-0.2670	2.9598
1	-0.2314	0.0527	-0.2815	0.2084	-0.2942	-0.5108	-1.3882	-1.8059	-0.0188
2	0.0707	0.2163	-0.4383	0.2934	0.5108	-0.0891	0.5683	-0.7319	-2.8394
0	-0.0229	-0.3029	-0.2940	0.2373	-0.5435	0.1182	-0.3938	-0.5052	2.9263
1	-0.2549	0.0605	-0.3032	0.1078	-0.2313	-0.5273	-1.8641	-1.9681	-0.2629
2	0.0723	0.2423	-0.4483	0.2261	0.5221	-0.1109	0.6264	-0.5369	-2.9301
0	-0.0208	-0.3279	-0.3059	0.2253	-0.4733	0.1665	-0.4190	-0.4048	3.1828
1	-0.2760	0.0634	-0.3175	0.0716	-0.2413	-0.4799	-1.9098	-2.1071	-0.1263
2	0.0722	0.2642	-0.4570	0.2022	0.5360	-0.1181	0.5071	-0.6956	-3.0591
0	-0.0181	-0.3480	-0.3155	0.1925	-0.5569	0.1844	-0.3777	-0.4374	3.1170
1	-0.2986	0.0645	-0.3296	0.0417	-0.2587	-0.5358	-2.0167	-2.2220	-0.0382
2	0.0710	0.2875	-0.4655	0.2148	0.5104	-0.1446	0.3732	-0.8326	-3.1193
0	-0.0142	-0.3722	-0.3273	0.2174	-0.4490	0.1570	-0.1284	-0.9778	3.4200
1	-0.3193	0.0667	-0.3428	0.0725	-0.2171	-0.4991	-1.8144	-2.5961	0.0994
2	0.0709	0.3096	-0.4734	0.1635	0.6547	-0.0748	0.2634	-1.1486	-3.2465
0	-0.0120	-0.3988	-0.3360	0.1500	-0.7862	0.1121	-0.0944	-1.2877	2.9711
1	-0.3478	0.0758	-0.3600	0.0745	-0.1686	-0.7970	-1.9393	-2.5424	0.1128
2	0.0727	0.3430	-0.4783	0.2026	0.7414	-0.0635	0.1995	-1.2035	-3.1001
0	-0.0110	-0.4312	-0.3446	0.1784	-0.6360	0.1437	-0.1323	-0.9208	4.0414
1	-0.3786	0.0890	-0.3817	0.0318	-0.1675	-0.6398	-1.8166	-3.0491	0.1357
2	0.0736	0.3724	-0.4833	0.1135	0.7078	-0.0528	0.3251	-1.5449	-3.7475
0	-0.0089	-0.4607	-0.3516	0.1308	-0.7398	0.1173	-0.0648	-1.3226	3.4549
1	-0.4105	0.1036	-0.4029	0.0754	-0.1684	-0.7002	-1.8343	-3.1932	0.2913
2	0.0755	0.4032	-0.4874	0.2297	0.5981	-0.0546	-0.0044	-1.8689	-3.5538
0	-0.0094	-0.4886	-0.3610	0.2523	-0.4943	0.0953	0.0060	-1.5389	4.2074
1	-0.4342	0.1289	-0.4369	0.1541	-0.1660	-0.4840	-1.7117	-3.6443	0.3525
2	0.0805	0.4269	-0.4944	0.2113	0.5047	-0.0167	0.1920	-2.0249	-4.0460
0	-0.0120	-0.5120	-0.3704	0.1988	-0.5741	0.0846	-0.0211	-1.6750	3.9171
1	-0.4575	0.1658	-0.4813	0.1787	-0.2072	-0.6871	-2.0453	-3.6503	0.3463
2	0.0870	0.4565	-0.5015	0.3776	0.7987	-0.0092	-0.0944	-1.9305	-3.4621
0	-0.0168	-0.5433	-0.3827	0.4513	-0.8276	0.0663	-0.1782	-2.0205	3.5029
1	-0.4875	0.2420	-0.5699	0.3273	-0.3241	-0.8176	-1.7348	-3.7244	0.4931
2	0.0983	0.4873	-0.5138	0.4832	0.7013	-0.0639	0.1943	-2.2729	-3.9234
0	-0.0255	-0.5758	-0.4019	0.4461	-0.6357	0.1276	-0.2987	-1.7544	5.2221
1	-0.5120	0.3422	-0.6854	0.2740	-0.3079	-0.6190	-2.1323	-4.3752	-0.0291
2	0.1090	0.5139	-0.5267	0.4143	0.6044	-0.0254	0.6182	-2.4740	-4.8509
0	-0.0335	-0.6020	-0.4182	0.4196	-0.5602	0.0693	-0.4599	-1.8192	5.1691
1	-0.5285	0.4587	-0.8148	0.2983	-0.3242	-0.4480	-2.3934	-4.7125	-0.1659
2	0.1213	0.5366	-0.5392	0.3958	0.3696	-0.0685	0.7454	-2.5724	-5.2060
0	-0.0421	-0.6210	-0.4350	0.3115	-0.3005	0.1024	-0.3429	-2.0027	6.4147
1	-0.5355	0.5438	-0.9110	0.1292	-0.2105	-0.2614	-2.7264	-5.1825	-0.3761
2	0.1272	0.5489	-0.5462	0.1722	0.2772	-0.0521	0.9782	-2.7629	-5.9161
0	-0.0446	-0.6336	-0.4436	0.1525	-0.2935	0.0796	-0.4559	-2.3383	5.7271
1	-0.5426	0.5999	-0.9721	0.0796	-0.1501	-0.2608	-2.8260	-5.3326	-0.3559
2	0.1303	0.5608	-0.5492	0.1726	0.2498	-0.0742	0.8070	-2.7215	-5.5715
0	-0.0458	-0.6438	-0.4508	0.1522	-0.1808	0.1369	-0.5524	-2.0396	6.0257
1	-0.5488	0.6407	-1.0178	-0.0042	-0.1491	-0.1500	-2.6767	-5.3119	-0.3196
2	0.1308	0.5684	-0.5529	0.0807	0.1718	-0.0713	0.8034	-2.9319	-5.5907
0	-0.0449	-0.6508	-0.4559	0.0671	-0.2033	0.0365	-0.2404	-2.9868	5.5988
1	-0.5548	0.6774	-1.0551	0.0433	0.0017	-0.2331	-2.5193	-5.4334	-0.2641
2	0.1325	0.5780	-0.5508	0.0511	0.2186	0.0348	0.6843	-3.0687	-5.3987
0	-0.0463	-0.6615	-0.4568	0.0604	-0.2269	0.0348	-0.7115	-2.0806	5.3566
1	-0.5624	0.7452	-1.1209	0.0262	-0.0596	-0.3554	-2.6237	-5.1035	-0.2862
2	0.1340	0.5904	-0.5492	0.0631	0.4618	-0.0213	0.8142	-2.4597	-5.1460
0	-0.0462	-0.6777	-0.4597	0.0572	-0.5231	0.0840	-0.4911	-2.3923	5.3291
1	-0.5747	0.8564	-1.2327	-0.0063	-0.0741	-0.5270	-2.6359	-5.0188	-0.2393
2	0.1343	0.6116	-0.5488	0.0564	0.4410	-0.0754	0.7136	-2.7000	-5.2832
0	-0.0443	-0.6981	-0.4641	0.0894	-0.4238	0.1598	-0.5234	-2.2161	5.3770
1	-0.5867	0.9861	-1.3653	-0.0091	-0.2281	-0.4356	-2.4955	-5.2387	-0.0684
2	0.1339	0.6295	-0.5537	0.2297	0.4361	-0.2021	0.5058	-2.7537	-5.0805
0	-0.0434	-0.7159	-0.4762	0.2553	-0.4552	0.2180	-0.2979	-2.8513	5.6550
1	-0.5939	1.1695	-1.5596	0.0882	-0.2495	-0.5356	-2.5461	-5.4082	-0.0938
2	0.1366	0.6517	-0.5619	0.1101	0.5988	-0.0855	0.7476	-3.1072	-5.6711
0	-0.0436	-0.7394	-0.4858	0.0728	-0.5872	0.1500	-0.4853	-2.7327	6.6187
1	-0.5988	1.3987	-1.7934	-0.0061	-0.1567	-0.3297	-2.8828	-6.0555	-0.4201
2	0.1365	0.6729	-0.5638	0.1161	0.4050	-0.1291	0.9220	-3.5105	-6.2094
0	-0.0417	-0.7594	-0.4945	0.1431	-0.3069	0.2055	-0.5181	-2.9844	6.6577
1	-0.5998	1.5423	-1.9429	-0.0140	-0.1741	-0.2917	-2.6447	-6.4847	-0.2844
2	0.1364	0.6879	-0.5685	0.0862	0.3386	-0.0711	0.7815	-3.8688	-6.3019
0	-0.0410	-0.7739	-0.5006	0.0884	-0.3569	0.0355	-0.1358	-3.8398	6.3691
1	-0.5972	1.6804	-2.0806	0.0799	-0.0275	-0.2972	-2.5361	-6.6686	-0.1900
2	0.1395	0.7025	-0.5665	0.0683	0.1093	0.0256	0.6506	-4.3704	-6.3759
0	-0.0433	-0.7832	-0.5020	0.0546	0.0420	0.0470	-0.6493	-2.8368	7.0473
1	-0.5956	1.7055	-2.1025	0.0051	-0.0559	0.0191	-2.4409	-6.7832	-0.2886
2	0.1398	0.7025	-0.5648	0.0376	0.0807	-0.0057	0.8596	-3.8775	-6.1887
0	-0.0438	-0.7856	-0.5034	0.0617	-0.2718	-0.0393	-0.2766	-3.8424	5.6277
1	-0.5918	1.7625	-2.1552	0.1391	0.0069	-0.2985	-2.6735	-6.1903	-0.2196
2	0.1445	0.7136	-0.5609	0.1625	0.2082	0.0522	0.5651	-3.6109	-5.6359
0	-0.0497	-0.7961	-0.5055	0.1840	-0.0401	0.0295	-0.6354	-2.6629	6.7517
1	-0.5848	1.7991	-2.1893	0.0957	-0.0827	0.0523	-2.5359	-6.5120	-0.2835
2	0.1493	0.7137	-0.5608	0.0479	-0.0182	0.0371	1.0185	-3.9492	-6.7002
0	-0.0526	-0.7958	-0.5071	-0.0184	-0.1385	-0.0463	-0.4372	-3.5537	6.7285
1	-0.5824	1.7956	-2.1805	0.0359	0.0731	-0.1280	-3.1408	-6.5942	-0.5620
2	0.1506	0.7193	-0.5541	-0.0131	0.1261	0.0735	0.9719	-3.6245	-6.4619
0	-0.0531	-0.8017	-0.5044	-0.0104	-0.0406	-0.0072	-0.6075	-2.9770	6.9307
1	-0.5819	1.8072	-2.1853	-0.0131	0.0319	0.0897	-2.7678	-6.6869	-0.3710
2	0.1500	0.7177	-0.5488	-0.0724	-0.2373	-0.0140	0.9561	-4.1321	-6.6714
0	-0.0507	-0.7939	-0.5025	-0.1092	0.3609	0.0531	-0.6058	-3.2217	7.4665
1	-0.5890	1.7156	-2.0859	-0.1483	0.0681	0.4553	-2.6242	-7.1087	-0.4755
2	0.1438	0.7008	-0.5432	-0.1807	-0.5704	-0.0430	1.0604	-4.4024	-6.9008
0	-0.0444	-0.7714	-0.4985	-0.1625	0.6600	0.0383	-0.4811	-3.5149	6.7571
1	-0.5990	1.4459	-1.8065	-0.1228	0.0807	0.7199	-2.4349	-6.9452	-0.3366
2	0.1369	0.6732	-0.5365	-0.1367	-0.6975	0.0174	0.6768	-4.3058	-6.1339
0	-0.0404	-0.7419	-0.4927	-0.1688	0.6420	-0.0629	-0.3626	-3.4515	6.4554
1	-0.5977	1.1387	-1.4872	-0.1313	0.1883	0.5921	-2.5825	-6.3846	-0.3382
2	0.1310	0.6473	-0.5261	-0.2413	-0.5044	0.0624	0.8287	-3.6094	-6.0085
0	-0.0356	-0.7187	-0.4828	-0.2457	0.4213	-0.0564	-0.4073	-3.0546	5.9407
1	-0.5950	0.9457	-1.2813	-0.1500	0.2280	0.3973	-2.7915	-5.8909	-0.3333
2	0.1242	0.6301	-0.5127	-0.2518	-0.3520	0.1102	0.7008	-3.2269	-5.7092
0	-0.0309	-0.7038	-0.4719	-0.2541	0.3562	-0.0754	-0.3971	-2.5595	5.9162
1	-0.5917	0.7879	-1.1079	-0.1581	0.2301	0.3611	-2.5203	-5.6042	-0.1209
2	0.1176	0.6137	-0.4988	-0.2186	-0.4130	0.1007	0.4835	-3.2776	-5.4502
0	-0.0267	-0.6859	-0.4604	-0.2121	0.4058	-0.1233	-0.0644	-3.0752	5.6883
1	-0.5827	0.6401	-0.9442	-0.0639	0.2522	0.3921	-2.2703	-5.6666	0.0772
2	0.1143	0.5961	-0.4849	-0.1384	-0.4075	0.1387	0.3201	-3.3882	-5.2726
0	-0.0262	-0.6669	-0.4490	-0.0802	0.4160	-0.1298	-0.3093	-2.5895	5.0699
1	-0.5692	0.5480	-0.8395	0.0408	0.1892	0.4139	-2.2184	-5.3206	0.0914
2	0.1150	0.5788	-0.4743	-0.1062	-0.3953	0.1905	0.4270	-3.0000	-5.1161
0	-0.0282	-0.6504	-0.4393	-0.2127	0.3266	-0.1414	-0.4296	-1.7967	5.7119
1	-0.5563	0.4811	-0.7585	-0.1029	0.2289	0.3724	-2.6963	-4.9059	-0.2290
2	0.1127	0.5623	-0.4610	-0.1463	-0.4901	0.0657	0.6503	-2.3972	-5.2183
0	-0.0268	-0.6298	-0.4307	-0.0675	0.6209	-0.0750	-0.1061	-2.1955	4.9053
1	-0.5356	0.3858	-0.6518	0.0114	0.1132	0.7391	-1.9833	-4.7747	0.1939
2	0.1120	0.5281	-0.4537	-0.0189	-0.9376	0.0345	0.2332	-2.8710	-4.7284
0	-0.0287	-0.5887	-0.4267	-0.0430	1.0876	0.0095	-0.3955	-1.2904	5.4156
1	-0.4965	0.2849	-0.5440	-0.1116	0.0150	1.2074	-2.0404	-4.5590	0.0455
2	0.1064	0.4790	-0.4495	-0.2044	-1.1802	-0.1063	0.6228	-2.4021	-5.0343
0	-0.0233	-0.5382	-0.4217	-0.2941	1.1436	0.0377	-0.0276	-2.1752	5.1749
1	-0.4486	0.1785	-0.4294	-0.2707	0.1835	1.2007	-2.3848	-4.3314	-0.1767
2	0.0953	0.4300	-0.4378	-0.3195	-1.1137	-0.0003	0.4534	-2.1733	-4.5225
0	-0.0163	-0.4887	-0.4090	-0.2738	1.1090	-0.0260	-0.2161	-1.3739	4.0121
1	-0.3968	0.1024	-0.3388	-0.2708	0.1979	1.0281	-2.2222	-3.5429	0.1030
2	0.0844	0.3798	-0.4230	-0.4002	-0.9429	-0.0143	0.3409	-1.5366	-4.0209
0	-0.0083	-0.4423	-0.3934	-0.4514	0.8657	-0.0268	0.0743	-1.5541	4.1526
1	-0.3591	0.0522	-0.2726	-0.3453	0.3733	0.8286	-2.2563	-3.1935	0.0203
2	0.0739	0.3442	-0.4027	-0.4878	-0.7754	0.1228	0.2142	-1.4725	-3.7183
0	-0.0025	-0.4096	-0.3737	-0.4504	0.7750	-0.0870	-0.1962	-0.6088	3.2300
1	-0.3260	0.0185	-0.2179	-0.3209	0.3428	0.7721	-1.9430	-2.6103	0.2758
2	0.0649	0.3096	-0.3825	-0.3992	-0.8637	0.0191	0.0614	-1.0576	-3.1348
0	0.0026	-0.3718	-0.3558	-0.3727	0.9091	-0.0923	0.0829	-1.0483	3.0603
1	-0.2858	-0.0072	-0.1726	-0.2406	0.3864	0.8711	-1.6371	-2.2561	0.2751
2	0.0587	0.2698	-0.3626	-0.4020	-0.8465	0.1290	0.0609	-0.9502	-2.8755
0	0.0044	-0.3291	-0.3358	-0.3115	0.9173	-0.0409	-0.2403	0.2502	2.2579
1	-0.2448	-0.0254	-0.1391	-0.2365	0.0177	1.3862	-1.0611	-1.7709	0.8066
2	0.0500	0.2140	-0.3527	-0.0125	-1.9466	-0.2867	-0.4033	-1.1371	-2.3402
0	0.0109	-0.2487	-0.3349	0.0149	2.3026	0.1534	0.3042	-0.6669	3.4707
1	-0.1503	-0.0523	-0.1139	-0.1524	-0.0360	2.1923	-0.8155	-2.0357	0.5341
2	0.0370	0.1111	-0.3509	-0.2465	-1.8431	-0.1056	-0.0829	-1.1799	-2.5649
0	0.0155	-0.1597	-0.3289	-0.3228	1.5385	-0.0181	0.5132	-1.4719	1.4403
1	-0.0710	-0.0631	-0.0943	-0.3142	0.2816	1.2514	-1.4522	-0.9750	0.2641
2	0.0303	0.0555	-0.3342	-0.5399	-1.0076	0.0158	-0.0181	-0.0088	-1.3894
0	0.0181	-0.1085	-0.3068	-0.5839	0.9401	-0.0293	0.3159	-0.4404	0.7383
1	-0.0262	-0.0716	-0.0634	-0.4262	0.4672	0.8936	-0.4662	-0.1991	0.4296
2	0.0250	0.0105	-0.3054	-0.5421	-0.9100	0.1416	-0.4122	-0.1665	-0.0950
0	0.0163	-0.0662	-0.2808	-0.5258	0.8850	-0.1316	0.0714	0.1832	-0.2103
1	0.0100	-0.0716	-0.0367	-0.3994	0.4513	0.7933	0.1152	0.6289	0.5706
2	0.0224	-0.0278	-0.2811	-0.4998	-0.8629	0.0014	-0.2592	0.6004	0.3466
0	0.0161	-0.0286	-0.2591	-0.4743	0.9338	0.0432	0.1317	0.3645	-0.3129
1	0.0486	-0.0773	-0.0090	-0.4036	0.3193	1.0428	0.4738	0.6386	0.6946
2	0.0161	-0.0735	-0.2591	-0.4664	-1.1699	0.0338	-0.4863	-0.1753	0.3923
0	0.0163	0.0249	-0.2362	-0.4380	1.1877	-0.1093	0.4406	-0.3082	-0.6096
1	0.0979	-0.0768	0.0109	-0.2750	0.3967	1.1800	0.8206	0.4491	0.7445
2	0.0159	-0.1267	-0.2371	-0.4761	-1.1305	0.1072	-0.5193	-0.1984	0.7510
0	0.0111	0.0726	-0.2168	-0.4937	1.1294	-0.0893	0.1381	-0.0168	-0.9046
1	0.1514	-0.0729	0.0298	-0.3609	0.3915	1.1495	1.0960	0.8796	0.5254
2	0.0159	-0.1757	-0.2138	-0.5654	-1.0688	0.1039	-0.2738	-0.0578	1.2792
0	0.0056	0.1205	-0.1933	-0.5900	0.9555	-0.1570	0.3370	-0.6872	-1.7187
1	0.1943	-0.0658	0.0496	-0.3444	0.5591	0.8076	1.2211	1.2826	0.4354
2	0.0216	-0.2142	-0.1872	-0.5586	-0.6846	0.2008	-0.3622	0.3132	1.9414
0	-0.0051	0.1551	-0.1683	-0.5071	0.6962	-0.1179	-0.4601	0.8613	-2.6804
1	0.2250	-0.0575	0.0685	-0.3300	0.3722	0.6921	1.6146	2.0628	0.4767
2	0.0248	-0.2458	-0.1662	-0.4180	-0.7391	0.0899	-0.3392	0.6044	2.6296
0	-0.0127	0.1903	-0.1474	-0.4481	0.6506	-0.1382	0.1320	-0.2164	-2.3808
1	0.2536	-0.0503	0.0840	-0.2687	0.4589	0.5489	1.8609	2.0443	0.3744
2	0.0310	-0.2743	-0.1460	-0.4745	-0.4835	0.2028	-0.2688	0.4248	2.5408
0	-0.0224	0.2118	-0.1296	-0.4540	0.4928	-0.1694	-0.3941	0.5963	-3.0678
1	0.2754	-0.0403	0.0980	-0.2958	0.3492	0.5090	2.0299	2.4334	0.2720
2	0.0366	-0.2960	-0.1269	-0.4447	-0.4213	0.1283	-0.1188	0.7644	2.8959
0	-0.0300	0.2327	-0.1110	-0.4384	0.4329	-0.1039	-0.2371	0.1782	-2.9793
1	0.2953	-0.0337	0.1137	-0.3202	0.3358	0.4979	2.2712	2.3450	0.2635
2	0.0409	-0.3171	-0.1089	-0.3941	-0.5262	0.0888	-0.2312	0.3913	3.0288
0	-0.0375	0.2565	-0.0930	-0.3253	0.5781	-0.1693	-0.0557	-0.1379	-3.5627
1	0.3200	-0.0270	0.1261	-0.1120	0.2793	0.7224	2.8130	2.4095	0.3823
2	0.0467	-0.3455	-0.0963	-0.2806	-0.7747	0.1000	-0.3253	0.2380	3.3936
0	-0.0467	0.2884	-0.0816	-0.3609	0.6652	-0.1679	0.1117	-0.8004	-3.1634
1	0.3526	-0.0168	0.1353	-0.1556	0.4686	0.4867	2.6744	2.4390	0.1652
2	0.0572	-0.3743	-0.0815	-0.3305	-0.4549	0.2686	-0.2358	0.2634	3.6450
0	-0.0604	0.3102	-0.0690	-0.2661	0.4854	-0.2139	-0.6322	0.5554	-4.1758
1	0.3733	-0.0035	0.1413	-0.0979	0.2945	0.5634	2.9452	2.7932	0.2060
2	0.0651	-0.3962	-0.0728	-0.2860	-0.6345	0.1017	0.0520	0.6403	3.6947
0	-0.0694	0.3357	-0.0584	-0.3644	0.5771	-0.1041	-0.3377	-0.5941	-3.4764
1	0.3992	0.0052	0.1516	-0.1874	0.3607	0.5943	3.0625	2.5031	-0.1330
2	0.0732	-0.4243	-0.0590	-0.2753	-0.6193	0.1475	0.0602	-0.0008	3.9135
0	-0.0806	0.3643	-0.0471	-0.1803	0.6364	-0.1673	-0.5526	-0.3345	-4.4311
1	0.4293	0.0147	0.1579	-0.0206	0.2305	0.6378	3.4872	2.6816	0.0774
2	0.0806	-0.4554	-0.0534	-0.1646	-0.6468	0.0961	0.0765	0.2390	4.1986
0	-0.0886	0.3946	-0.0415	-0.1917	0.6029	-0.0427	-0.7930	0.0744	-4.2146
1	0.4557	0.0199	0.1633	-0.1240	0.1769	0.5194	3.2840	3.0062	-0.2829
2	0.0840	-0.4798	-0.0475	-0.1703	-0.4683	0.0769	0.2489	0.4347	4.4659
0	-0.0937	0.4160	-0.0355	-0.1636	0.4448	-0.0653	-0.7723	-0.0969	-4.6034
1	0.4750	0.0245	0.1691	-0.1354	0.1861	0.4387	3.6631	3.1190	-0.2975
2	0.0880	-0.4991	-0.0412	-0.2919	-0.3826	0.0535	0.4023	0.3323	4.4996
0	-0.0991	0.4322	-0.0268	-0.2988	0.2951	-0.0206	-0.9084	-0.2356	-4.9708
1	0.4885	0.0294	0.1793	-0.2060	0.1839	0.1997	3.6649	3.2717	-0.3876
2	0.0916	-0.5093	-0.0322	-0.1289	-0.1022	0.0364	0.1515	0.5102	5.1917
0	-0.1026	0.4395	-0.0197	-0.0483	0.1197	-0.0369	-0.7506	-0.4925	-5.2625
1	0.4953	0.0317	0.1829	-0.0239	0.0519	0.2524	4.2672	3.2334	-0.1190
2	0.0927	-0.5185	-0.0322	-0.0273	-0.3403	-0.0132	0.1803	-0.0263	4.8970
0	-0.1029	0.4513	-0.0190	-0.0326	0.3312	0.0031	-0.5629	-0.8145	-4.7600
1	0.5085	0.0321	0.1841	0.0172	0.0917	0.2332	4.1870	2.9008	-0.2770
2	0.0942	-0.5311	-0.0334	-0.0066	-0.1575	0.1263	0.1321	-0.2820	4.9836
0	-0.1067	0.4622	-0.0198	0.0028	0.1423	-0.1040	-0.7870	-0.4751	-4.9870
1	0.5154	0.0367	0.1807	0.0732	0.0985	0.1172	4.2391	2.9963	-0.2862
2	0.0985	-0.5376	-0.0370	0.0080	-0.1224	0.1226	0.2144	-0.1485	5.0122
0	-0.1107	0.4678	-0.0220	0.0009	0.1468	-0.0927	-0.7695	-0.5396	-4.7774
1	0.5214	0.0414	0.1768	0.0818	0.1117	0.1991	4.3713	2.8636	-0.3442
2	0.1026	-0.5453	-0.0406	0.0040	-0.2487	0.1534	0.3364	-0.4200	4.8524
0	-0.1162	0.4774	-0.0248	-0.0144	0.1901	-0.1546	-0.8987	-0.5900	-4.9778
1	0.5305	0.0478	0.1726	0.0730	0.1403	0.1230	4.1274	3.0882	-0.5185
2	0.1089	-0.5533	-0.0442	-0.0086	-0.0474	0.1247	0.4649	0.3121	5.0920
0	-0.1214	0.4816	-0.0267	-0.0120	0.0168	-0.1108	-0.8293	-0.6377	-5.1917
1	0.5323	0.0531	0.1686	0.0708	0.1142	0.0011	4.1853	3.2485	-0.4337
2	0.1134	-0.5544	-0.0474	0.0075	-0.0016	0.1364	0.3616	0.1002	5.1491
0	-0.1257	0.4819	-0.0289	0.0116	-0.0252	-0.0685	-1.0118	-0.1505	-5.0957
1	0.5319	0.0569	0.1647	0.0322	0.0419	-0.0282	4.1631	3.2281	-0.4193
2	0.1158	-0.5536	-0.0508	-0.0220	0.0789	0.0371	0.5162	0.2160	4.9386
0	-0.1266	0.4789	-0.0289	-0.0667	-0.1245	0.0021	-0.9539	-0.6180	-4.8450
1	0.5273	0.0586	0.1644	-0.0567	0.0635	-0.1256	4.1389	3.0814	-0.6091
2	0.1170	-0.5478	-0.0505	-0.0575	0.1075	-0.0365	0.5855	0.1375	4.9232
0	-0.1258	0.4729	-0.0257	-0.0407	-0.1196	0.0906	-0.9317	-0.6289	-4.9443
1	0.5217	0.0574	0.1661	-0.0656	0.0012	-0.1273	4.1703	3.0527	-0.4882
2	0.1154	-0.5420	-0.0501	-0.0376	0.1357	0.0071	0.4046	-0.2515	4.9166
0	-0.1246	0.4671	-0.0236	-0.0517	-0.1291	-0.0029	-0.7266	-1.2077	-4.7697
1	0.5158	0.0584	0.1659	0.0213	0.0948	-0.0916	4.5129	2.6078	-0.4104
2	0.1175	-0.5374	-0.0513	0.0022	0.0425	0.1149	0.2649	-0.7443	4.9412
0	-0.1271	0.4644	-0.0239	-0.0412	0.0406	-0.0205	-1.1366	0.0052	-4.3366
1	0.5158	0.0618	0.1645	-0.0797	0.0808	0.1292	4.3228	2.8448	-0.6192
2	0.1196	-0.5409	-0.0511	-0.1077	-0.1170	0.0379	0.7671	-0.1118	4.6915
0	-0.1293	0.4689	-0.0203	-0.0889	0.0496	-0.0512	-1.0481	-1.0268	-5.3001
1	0.5194	0.0650	0.1665	-0.0065	0.1143	0.0388	4.3411	3.0257	-0.7053
2	0.1232	-0.5436	-0.0507	-0.0498	-0.0653	0.0718	0.6167	-0.1521	5.1720
0	-0.1326	0.4714	-0.0193	-0.0497	0.0757	-0.0432	-1.1837	-0.5904	-5.0330
1	0.5226	0.0683	0.1663	-0.0204	0.0796	0.0818	4.3895	3.0639	-0.7199
2	0.1255	-0.5473	-0.0513	-0.0400	-0.0749	0.0374	0.6652	-0.0814	5.0909
0	-0.1344	0.4745	-0.0181	-0.0681	0.0483	-0.0115	-1.0185	-0.7380	-4.7735
1	0.5251	0.0704	0.1671	-0.0624	0.1131	0.0461	4.2584	2.9548	-0.7271
2	0.1279	-0.5497	-0.0503	-0.1084	-0.0632	0.0486	0.6872	-0.1602	4.8774
0	-0.1372	0.4768	-0.0144	-0.0764	0.0615	-0.0032	-1.0930	-0.5115	-5.4828
1	0.5274	0.0729	0.1690	0.0000	0.0364	0.0530	4.4630	3.2271	-0.5235
2	0.1292	-0.5523	-0.0505	0.0148	-0.0463	0.0268	0.4206	0.0134	5.4620
0	-0.1373	0.4793	-0.0147	0.0176	0.0371	0.0139	-1.1601	-0.4408	-4.9286
1	0.5294	0.0727	0.1681	-0.0265	0.0129	0.0428	4.2690	3.1344	-0.7000
2	0.1288	-0.5542	-0.0525	-0.0553	0.0219	0.0146	0.7963	0.0087	4.9123
0	-0.1371	0.4796	-0.0135	-0.0536	-0.0569	0.0223	-1.2770	-0.6117	-5.2763
1	0.5277	0.0728	0.1692	-0.0482	0.0037	-0.0636	4.2617	3.1172	-0.8500
2	0.1286	-0.5518	-0.0527	-0.0093	0.0624	-0.0328	0.7824	0.0190	5.1782
0	-0.1354	0.4772	-0.0120	-0.0016	-0.0330	0.0789	-1.1285	-0.5381	-5.0402
1	0.5257	0.0707	0.1699	-0.0518	-0.0070	-0.0211	4.4610	3.1126	-0.6916
2	0.1266	-0.5503	-0.0536	-0.0352	0.0267	-0.0072	0.5847	-0.2238	5.1099
0	-0.1339	0.4760	-0.0105	-0.0154	-0.0502	0.0203	-1.0074	-0.8882	-5.3779
1	0.5240	0.0702	0.1701	0.0100	0.0083	-0.0481	4.5516	3.0306	-0.5474
2	0.1261	-0.5489	-0.0562	0.0496	0.0283	0.0130	0.4754	-0.3048	5.3323
0	-0.1329	0.4749	-0.0118	0.0488	-0.0400	-0.0089	-1.0157	-0.9306	-5.0554
1	0.5227	0.0699	0.1671	0.0362	0.0083	-0.0541	4.5240	2.9751	-0.6205
2	0.1261	-0.5477	-0.0602	0.0216	0.0358	0.0284	0.6039	-0.2482	5.0166
0	-0.1326	0.4732	-0.0135	0.0079	-0.0396	0.0213	-1.1462	-0.4585	-4.8896
1	0.5209	0.0699	0.1654	0.0006	0.0018	-0.0544	4.2907	2.9883	-0.6844
2	0.1259	-0.5456	-0.0631	0.0330	0.0821	0.0318	0.6589	-0.1342	5.0564
0	-0.1317	0.4702	-0.0145	0.0128	-0.0674	0.0244	-1.1683	-0.4203	-4.7193
1	0.5179	0.0697	0.1633	-0.0129	0.0096	-0.0200	4.2889	2.9610	-0.7375
2	0.1256	-0.5439	-0.0655	-0.0040	-0.0154	0.0090	0.6592	-0.2206	4.8250
0	-0.1311	0.4705	-0.0145	0.0007	0.0608	-0.0083	-1.0345	-0.8194	-4.8689
1	0.5194	0.0700	0.1627	-0.0194	0.0341	0.0283	4.3251	2.8247	-0.6410
2	0.1258	-0.5457	-0.0671	-0.0315	0.0076	0.0061	0.6309	-0.2172	4.8891
0	-0.1311	0.4712	-0.0138	-0.0110	-0.0490	0.0213	-1.0922	-0.7421	-5.3302
1	0.5182	0.0700	0.1625	0.0026	0.0053	-0.0382	4.3674	3.0574	-0.6334
2	0.1256	-0.5446	-0.0692	0.0326	0.0174	0.0289	0.4889	-0.2147	5.2017
0	-0.1306	0.4709	-0.0150	0.0298	0.0303	-0.0094	-0.9462	-0.6538	-4.8269
1	0.5188	0.0701	0.1603	0.0356	0.0143	0.0788	4.5078	2.9071	-0.5206
2	0.1257	-0.5475	-0.0731	0.0354	-0.0924	0.0295	0.4948	-0.3465	4.9897
