0	0.0000	0.0000	0.0000	0.0000	0.0000	0.0000	0.0000	0.0000	0.0000
0	0.0000	0.0000	0.0000	0.0000	0.0000	0.0000	0.0000	0.0000	0.0000
0	0.0000	0.0000	0.0000	0.0000	0.0000	0.0000	0.0000	0.0000	0.0000
0	-0.0125	-0.0460	0.0139	-0.0989	-0.2260	0.1071	-0.0634	0.3399	0.4618
1	-0.0203	-0.0312	-0.1049	-0.1295	0.0021	-0.2402	-0.3688	0.2022	-0.0320
2	0.0111	-0.0165	-0.0546	-0.0560	0.2361	-0.0618	0.1463	0.5585	-0.2095
0	-0.0089	-0.0566	0.0172	-0.0456	-0.2028	0.0679	-0.0419	-0.0034	0.0046
1	-0.0292	-0.0353	-0.1013	-0.0406	-0.0094	-0.1370	0.1306	0.0268	0.1240
2	0.0080	-0.0049	-0.0522	-0.0807	0.2466	-0.0520	0.0457	0.2942	-0.2952
0	-0.0080	-0.0611	0.0182	-0.0271	-0.0467	-0.0006	-0.0385	-0.0692	0.1350
1	-0.0322	-0.0351	-0.1024	0.0202	0.0303	-0.0866	-0.0064	-0.0368	0.0270
2	0.0066	0.0020	-0.0518	-0.0263	0.0525	-0.0005	-0.0527	-0.2859	-0.2485
0	-0.0090	-0.0652	0.0180	-0.0049	-0.0856	0.0107	-0.2263	0.5597	0.4042
1	-0.0363	-0.0341	-0.1046	-0.0098	0.0049	-0.0752	-0.2666	0.1577	-0.0020
2	0.0079	0.0052	-0.0523	0.0003	0.1177	0.0396	0.0120	0.0769	-0.1690
0	-0.0088	-0.0692	0.0182	-0.0375	-0.1073	0.0093	0.0679	0.1890	0.6731
1	-0.0411	-0.0341	-0.1052	-0.0442	0.0478	-0.1976	-0.5347	-0.0743	0.0830
2	0.0086	0.0091	-0.0532	-0.0107	0.0839	0.0106	0.0340	0.3041	-0.4276
0	-0.0086	-0.0797	0.0213	-0.0828	-0.2709	0.0480	-0.2317	0.4573	0.2869
1	-0.0523	-0.0350	-0.1029	-0.0551	0.0135	-0.2386	-0.3568	0.0863	0.0261
2	0.0093	0.0165	-0.0522	-0.0763	0.2387	0.0324	0.0183	0.2640	-0.5690
0	-0.0079	-0.0883	0.0231	-0.0462	-0.1009	0.0012	-0.1106	0.1001	0.6786
1	-0.0591	-0.0352	-0.1026	-0.0203	0.0335	-0.1220	-0.2264	-0.1582	0.0112
2	0.0091	0.0271	-0.0507	-0.0369	0.1637	0.0066	0.0372	0.1841	-0.3899
0	-0.0090	-0.0928	0.0239	-0.0010	-0.0613	-0.0533	0.0180	-0.1827	0.4117
1	-0.0628	-0.0324	-0.1057	0.0829	0.0496	0.0038	-0.1063	-0.2573	0.1015
2	0.0100	0.0325	-0.0500	-0.0219	0.1064	0.0365	0.0091	-0.0823	-0.4948
0	-0.0129	-0.0936	0.0220	0.0284	-0.0545	-0.0418	-0.2109	0.4402	0.6461
1	-0.0639	-0.0272	-0.1125	0.0384	0.0195	-0.1306	-0.6406	-0.0553	0.0178
2	0.0134	0.0341	-0.0513	0.0468	-0.0059	0.0852	-0.0627	-0.1431	-0.4648
0	-0.0138	-0.0998	0.0219	-0.0203	-0.1383	-0.0064	-0.0486	0.2584	0.8363
1	-0.0708	-0.0254	-0.1149	0.0363	0.0445	-0.0502	-0.6603	-0.2131	0.0229
2	0.0158	0.0381	-0.0528	-0.0221	0.1647	0.0285	0.1357	0.5048	-0.8023
0	-0.0162	-0.1022	0.0216	-0.0048	0.0234	-0.0421	-0.2689	0.3123	0.9473
1	-0.0712	-0.0216	-0.1188	0.0064	0.0446	-0.0768	-0.5238	-0.3463	-0.0511
2	0.0181	0.0428	-0.0533	0.0080	0.0067	0.0741	0.0441	-0.0317	-0.8737
0	-0.0175	-0.1063	0.0221	-0.0134	-0.1716	-0.0180	-0.1072	0.0442	0.5401
1	-0.0784	-0.0189	-0.1216	0.0420	0.0451	-0.2301	-0.6038	-0.1740	-0.0357
2	0.0204	0.0440	-0.0535	-0.0237	0.1158	0.0419	0.1978	0.1510	-0.8294
0	-0.0226	-0.1186	0.0194	0.1464	-0.4177	-0.2572	-0.3726	-0.2078	0.4613
1	-0.0913	-0.0085	-0.1324	0.1607	0.0835	-0.3254	-0.8223	-0.1764	-0.1337
2	0.0238	0.0529	-0.0540	0.0359	0.2691	0.1569	0.0666	0.1734	-0.6105
0	-0.0296	-0.1321	0.0161	0.0539	-0.1976	-0.0814	-0.4084	0.3648	1.0333
1	-0.1010	-0.0012	-0.1402	0.0989	0.0245	-0.1907	-0.5257	-0.4060	-0.1234
2	0.0347	0.0677	-0.0572	0.0444	0.2440	0.1415	0.2323	0.1992	-0.9132
0	-0.0350	-0.1444	0.0123	0.0280	-0.3776	-0.0640	-0.3986	0.3309	1.0625
1	-0.1153	0.0049	-0.1482	-0.0054	0.0080	-0.4666	-0.8163	-0.2993	-0.1983
2	0.0407	0.0775	-0.0597	0.0795	0.2834	0.1389	0.2560	-0.0046	-0.8763
0	-0.0350	-0.1652	0.0124	0.0043	-0.4138	0.0383	-0.5038	0.4520	1.2737
1	-0.1337	0.0049	-0.1498	-0.0020	-0.0403	-0.2500	-0.6944	-0.5245	-0.1929
2	0.0443	0.0972	-0.0609	-0.0131	0.4903	0.0213	0.4253	0.3314	-1.0098
0	-0.0341	-0.1727	0.0106	0.0448	-0.0423	-0.0044	-0.2426	-0.1921	1.3532
1	-0.1376	0.0057	-0.1537	0.0716	-0.0183	-0.1487	-0.8500	-0.8732	-0.1243
2	0.0445	0.1101	-0.0628	0.0321	0.0620	-0.0121	0.3406	-0.3082	-1.5140
0	-0.0358	-0.1843	0.0065	0.0879	-0.4088	0.0082	-0.5111	0.1670	1.4643
1	-0.1525	0.0099	-0.1622	0.0418	-0.0327	-0.4110	-1.2219	-0.6637	-0.1917
2	0.0463	0.1151	-0.0660	0.0840	0.2699	0.0549	0.2186	-0.0339	-1.2250
0	-0.0359	-0.2014	0.0036	0.0159	-0.4392	0.0138	-0.4063	0.0523	1.6020
1	-0.1725	0.0114	-0.1660	-0.0290	0.0109	-0.5638	-1.4038	-0.7532	-0.3264
2	0.0493	0.1324	-0.0700	0.0485	0.3445	0.0348	0.4351	0.1540	-1.5160
0	-0.0348	-0.2287	0.0038	-0.0316	-0.5404	0.0328	-0.1897	0.1360	2.0682
1	-0.1960	0.0107	-0.1657	-0.0509	0.0355	-0.4636	-1.1939	-0.9523	-0.1600
2	0.0513	0.1555	-0.0708	-0.0149	0.6047	0.0178	0.4559	0.2185	-1.6113
0	-0.0353	-0.2523	0.0058	-0.0545	-0.5543	-0.0041	-0.4664	0.0405	2.0499
1	-0.2161	0.0120	-0.1659	-0.0749	0.0196	-0.4477	-1.3248	-1.2377	-0.1636
2	0.0527	0.1799	-0.0698	-0.0354	0.5203	0.0748	0.3057	-0.3039	-1.8582
0	-0.0348	-0.2697	0.0072	-0.0027	-0.1814	-0.0234	-0.1728	-0.1379	2.5508
1	-0.2266	0.0116	-0.1666	0.0681	0.0428	-0.0902	-1.2215	-1.6180	-0.0486
2	0.0539	0.2018	-0.0684	-0.0362	0.3482	0.0142	0.3976	-0.3501	-2.1965
0	-0.0398	-0.2753	0.0063	0.0603	-0.0995	-0.1098	-0.4820	0.0722	2.5496
1	-0.2310	0.0233	-0.1787	0.0942	0.0453	-0.1050	-1.5304	-1.6016	-0.1280
2	0.0573	0.2098	-0.0688	0.0584	0.1170	0.1463	0.1461	-0.7945	-2.3059
0	-0.0455	-0.2840	0.0060	0.0153	-0.3318	-0.1300	-0.4751	-0.4667	2.1534
1	-0.2442	0.0351	-0.1887	0.0872	0.1055	-0.4333	-1.8188	-1.4763	-0.3110
2	0.0636	0.2158	-0.0693	-0.0028	0.2078	0.1196	0.5238	-0.2856	-2.6124
0	-0.0512	-0.2980	0.0052	0.0364	-0.1311	-0.0615	-0.7008	0.5211	3.0711
1	-0.2554	0.0443	-0.1965	0.0637	0.0386	-0.1459	-1.6085	-1.5167	-0.3965
2	0.0707	0.2302	-0.0683	0.0371	0.2988	0.1330	0.5620	-0.1424	-2.4147
0	-0.0547	-0.3056	0.0010	0.1994	-0.3670	-0.0098	-1.0315	-0.1353	1.9146
1	-0.2682	0.0521	-0.2094	0.1283	-0.1917	-0.3552	-2.1500	-1.5233	-0.4138
2	0.0758	0.2374	-0.0697	0.0902	0.1913	0.0676	0.7411	-0.1560	-2.5254
0	-0.0571	-0.3268	-0.0123	0.3910	-0.6108	0.0843	-0.3756	-0.0473	2.8256
1	-0.2777	0.0609	-0.2342	0.2408	-0.2635	-0.3987	-2.1133	-1.9196	-0.2187
2	0.0808	0.2531	-0.0773	0.2865	0.5116	-0.0010	0.7013	0.0336	-2.3010
0	-0.0570	-0.3517	-0.0219	0.0399	-0.2872	-0.0176	-0.3776	-0.1098	3.3937
1	-0.2960	0.0666	-0.2448	0.0740	0.0038	-0.2490	-1.4080	-1.8792	-0.4466
2	0.0840	0.2808	-0.0905	0.0614	0.4993	0.0012	0.7443	-0.4760	-3.1844
0	-0.0615	-0.3526	-0.0257	0.1227	0.0343	-0.0948	-0.6024	-0.7196	2.9066
1	-0.2964	0.0802	-0.2616	0.1676	0.0054	-0.1407	-1.6349	-2.0556	-0.3580
2	0.0875	0.2907	-0.0929	0.1252	-0.0801	0.0641	0.4928	-1.1678	-3.0850
0	-0.0679	-0.3591	-0.0307	0.1422	-0.1803	-0.1008	-0.6113	-0.0901	3.2097
1	-0.3036	0.0964	-0.2807	0.1746	-0.0115	-0.0974	-1.8765	-1.9384	-0.4560
2	0.0940	0.2924	-0.0970	0.1429	0.2079	0.1197	0.6951	-0.5463	-2.7996
0	-0.0735	-0.3630	-0.0356	0.0795	-0.0813	-0.0433	-0.7376	0.0769	3.6427
1	-0.3062	0.1075	-0.2947	0.0496	0.0017	-0.1745	-2.3492	-1.9935	-0.6271
2	0.1014	0.2977	-0.1012	0.1384	0.0396	0.0833	0.7748	-0.5103	-3.0607
0	-0.0750	-0.3712	-0.0366	0.0203	-0.2173	-0.0006	-0.7896	-0.3131	3.3179
1	-0.3151	0.1122	-0.3003	0.0276	-0.0139	-0.1820	-2.2756	-2.1380	-0.6171
2	0.1052	0.3027	-0.1034	0.0082	0.2003	0.0358	1.0388	-0.1695	-3.5296
0	-0.0761	-0.3797	-0.0383	0.0372	-0.2172	0.0199	-0.7862	-0.2197	2.9543
1	-0.3220	0.1171	-0.3078	0.0467	-0.0489	-0.1964	-2.1390	-2.1217	-0.5580
2	0.1074	0.3119	-0.1039	0.0100	0.1498	0.0212	0.9095	-0.5540	-3.3270
0	-0.0757	-0.3916	-0.0383	-0.0285	-0.2357	-0.0098	-0.6127	-0.6402	3.3111
1	-0.3330	0.1217	-0.3121	0.0392	0.0358	-0.1655	-1.8565	-2.3108	-0.5365
2	0.1080	0.3222	-0.1048	-0.0379	0.2815	0.0107	0.9480	-0.5263	-3.2687
0	-0.0783	-0.3991	-0.0383	0.0188	-0.2070	-0.0577	-0.6940	-0.7362	3.4727
1	-0.3388	0.1320	-0.3235	0.1460	-0.0093	-0.3379	-2.2682	-2.4328	-0.5038
2	0.1104	0.3312	-0.1039	0.0350	0.1137	0.0691	0.7399	-1.0190	-3.2239
0	-0.0816	-0.4193	-0.0386	0.0014	-0.4694	-0.1466	-0.7332	-1.1679	4.2275
1	-0.3505	0.1460	-0.3431	0.0989	0.0646	-0.5465	-2.3634	-2.5492	-0.7190
2	0.1140	0.3440	-0.1036	0.0284	0.5621	0.0640	0.9001	-0.5677	-3.4352
0	-0.0862	-0.4347	-0.0377	-0.0419	-0.1759	-0.0505	-0.8873	-0.2202	4.0680
1	-0.3630	0.1607	-0.3564	0.0214	0.0905	-0.3112	-2.3362	-2.4234	-0.7752
2	0.1205	0.3651	-0.1015	0.0161	0.2157	0.1003	0.9228	-1.0239	-3.8722
0	-0.0887	-0.4471	-0.0344	-0.0082	-0.2618	-0.0948	-0.9209	-0.5981	3.6322
1	-0.3750	0.1753	-0.3685	0.1051	0.0078	-0.1156	-2.1186	-2.5897	-0.6073
2	0.1238	0.3765	-0.0983	-0.0484	0.3141	0.1147	1.0743	-0.6411	-3.8472
0	-0.0922	-0.4498	-0.0366	0.0411	0.0259	-0.0009	-0.8473	-0.5970	3.9636
1	-0.3687	0.1804	-0.3783	0.2079	-0.1657	0.2077	-2.6583	-2.6883	-0.7272
2	0.1287	0.3830	-0.0983	0.0739	-0.0179	0.0052	0.9879	-0.9595	-3.6802
0	-0.0958	-0.4584	-0.0386	0.0475	-0.2598	-0.0143	-0.9996	-0.2610	4.3763
1	-0.3702	0.1935	-0.3969	0.0177	-0.0187	-0.2100	-2.3228	-2.6363	-0.8419
2	0.1317	0.3856	-0.1000	0.0541	0.2061	0.1149	1.1227	-0.8516	-3.8335
0	-0.0960	-0.4656	-0.0400	0.0208	-0.2543	0.0241	-0.9400	-0.6270	3.8614
1	-0.3787	0.1995	-0.4056	-0.0019	-0.0328	-0.4399	-2.6132	-2.5900	-0.8658
2	0.1344	0.3950	-0.1008	0.0062	0.1358	0.0048	1.1664	-0.8868	-4.2145
0	-0.0943	-0.4835	-0.0395	-0.0692	-0.3097	0.0582	-0.8820	-0.4331	4.5392
1	-0.3962	0.2041	-0.4096	-0.0461	0.0067	-0.1921	-2.2784	-2.8630	-0.7843
2	0.1345	0.4107	-0.1006	-0.0828	0.4338	-0.0026	1.2315	-0.6572	-4.1532
0	-0.0924	-0.4914	-0.0381	-0.0933	-0.2979	0.0298	-0.8272	-1.2088	4.2865
1	-0.4067	0.2075	-0.4115	-0.0622	0.0816	-0.5026	-2.7943	-2.9549	-0.8730
2	0.1335	0.4200	-0.0993	-0.0298	0.0761	-0.0113	1.0415	-1.3786	-4.2480
0	-0.0911	-0.5121	-0.0353	0.0008	-0.2512	0.0564	-1.1437	-0.2818	4.7362
1	-0.4235	0.2146	-0.4181	-0.0469	-0.0185	-0.2663	-2.3901	-3.1550	-0.7274
2	0.1333	0.4372	-0.0956	-0.0558	0.4514	0.0396	1.1051	-1.0321	-4.2207
0	-0.0886	-0.5284	-0.0331	-0.2282	-0.7495	0.0064	-0.6468	-1.4877	4.8893
1	-0.4508	0.2234	-0.4243	-0.1880	0.1419	-1.0320	-3.3867	-3.1184	-0.9550
2	0.1327	0.4507	-0.0948	-0.1048	0.3864	0.0062	1.1346	-1.1976	-4.4978
0	-0.0814	-0.5728	-0.0216	-0.1623	-0.5821	0.1104	-1.0936	-0.3245	5.0103
1	-0.4907	0.2321	-0.4291	-0.0827	-0.0293	-0.4392	-2.4878	-3.8437	-0.5074
2	0.1288	0.4907	-0.0834	-0.3431	1.0330	0.0725	1.3204	-0.7883	-5.0392
0	-0.0767	-0.5909	-0.0188	-0.1630	-0.3556	0.0223	-0.6089	-1.5062	4.8863
1	-0.5075	0.2372	-0.4308	-0.0514	0.0853	-0.3519	-2.3790	-3.9179	-0.4880
2	0.1242	0.5177	-0.0786	-0.1363	0.3534	0.0058	0.8568	-1.9801	-4.9009
0	-0.0765	-0.6026	-0.0167	0.0942	-0.0577	-0.0403	-0.7994	-1.3802	5.1430
1	-0.5115	0.2527	-0.4462	0.1241	-0.0039	-0.0145	-2.3654	-4.1853	-0.4603
2	0.1231	0.5337	-0.0742	0.0265	0.1773	0.0410	0.7059	-2.1403	-4.6631
0	-0.0824	-0.6087	-0.0169	-0.0001	-0.2872	-0.1159	-0.8440	-1.3588	5.2216
1	-0.5165	0.2781	-0.4704	0.0911	0.0421	-0.3135	-3.1302	-4.0021	-0.7475
2	0.1279	0.5370	-0.0748	0.0243	0.1619	0.1347	0.8880	-2.1498	-5.0717
0	-0.0857	-0.6236	-0.0163	-0.0132	-0.3103	-0.0330	-0.8135	-1.2214	5.7919
1	-0.5283	0.3031	-0.4937	0.0101	0.0445	-0.1639	-3.1247	-4.1293	-0.7641
2	0.1333	0.5495	-0.0723	0.0247	0.2954	0.0747	1.0985	-1.4773	-5.2382
0	-0.0908	-0.6395	-0.0202	0.2791	-0.4920	0.0042	-1.4108	-1.1860	5.7290
1	-0.5371	0.3449	-0.5424	0.1574	-0.1131	-0.4249	-3.1425	-4.1341	-0.8129
2	0.1374	0.5631	-0.0718	0.1712	0.3289	0.0609	0.7898	-1.7248	-5.3014
0	-0.0951	-0.6609	-0.0294	0.2269	-0.5510	0.0327	-0.6423	-1.8246	5.8088
1	-0.5549	0.3992	-0.6054	0.1381	-0.1051	-0.4320	-2.8614	-4.4515	-0.7985
2	0.1463	0.5837	-0.0811	0.2161	0.5273	-0.0273	1.3283	-1.7368	-5.5031
0	-0.0984	-0.6801	-0.0378	0.2003	-0.4327	0.0909	-0.8446	-1.5171	5.7744
1	-0.5659	0.4429	-0.6562	0.2993	0.0473	-0.0946	-3.0687	-4.5012	-0.6412
2	0.1532	0.6069	-0.0892	0.1974	0.3991	-0.0405	1.0938	-2.2752	-5.6107
0	-0.0976	-0.6962	-0.0414	-0.1091	-0.2013	0.0345	-0.8585	-1.4434	6.8462
1	-0.5726	0.4770	-0.6874	-0.1685	0.1114	-0.2148	-3.1364	-4.7762	-1.0838
2	0.1564	0.6237	-0.0956	0.0037	0.3379	0.0016	1.1615	-2.3064	-6.0570
0	-0.0888	-0.7078	-0.0345	-0.4324	-0.3445	0.1164	-0.4885	-1.6167	6.6302
1	-0.5911	0.4776	-0.6773	-0.3628	0.2835	-0.4196	-3.4867	-4.6726	-0.9250
2	0.1529	0.6345	-0.0918	-0.2656	0.2884	-0.0313	1.4244	-2.0910	-6.3865
0	-0.0766	-0.7249	-0.0238	-0.2150	-0.3989	0.0388	-0.9605	-2.2719	5.6835
1	-0.6131	0.4909	-0.6804	-0.1644	0.1577	-0.6281	-3.2670	-4.9668	-0.8215
2	0.1409	0.6509	-0.0809	-0.3238	0.3453	-0.0220	1.1590	-2.2771	-6.0550
0	-0.0690	-0.7617	-0.0169	-0.1981	-0.9449	0.0894	-1.0245	-1.8462	6.2605
1	-0.6520	0.5821	-0.7661	-0.1391	-0.0242	-0.8307	-3.2759	-5.1211	-0.6536
2	0.1346	0.6769	-0.0725	-0.2285	0.9061	0.0445	1.0676	-2.1623	-5.7566
0	-0.0619	-0.7910	-0.0204	0.0149	-0.4313	0.1763	-0.4705	-2.5051	6.5458
1	-0.6718	0.6487	-0.8368	-0.0544	-0.0642	-0.4997	-2.8129	-5.4824	-0.5388
2	0.1296	0.7154	-0.0699	0.0003	0.4854	-0.1551	0.8747	-2.7789	-6.0174
0	-0.0596	-0.8116	-0.0239	0.0884	-0.5146	0.0553	-0.4668	-2.9795	6.4779
1	-0.6862	0.7589	-0.9495	0.0961	-0.1097	-0.4113	-2.8118	-6.0045	-0.4742
2	0.1280	0.7363	-0.0740	0.0342	0.5511	-0.0176	0.7984	-3.2429	-6.2058
0	-0.0638	-0.8240	-0.0317	0.1943	-0.1272	0.0271	-0.3647	-2.8944	7.2292
1	-0.6865	0.8349	-1.0301	0.1546	-0.0567	-0.2006	-3.1562	-6.2707	-0.6589
2	0.1325	0.7543	-0.0781	0.1954	0.1629	-0.0399	0.7542	-3.7276	-6.4042
0	-0.0705	-0.8369	-0.0355	0.1354	-0.3595	-0.0551	-0.8211	-2.5111	7.3323
1	-0.6881	0.9586	-1.1545	0.1566	-0.1691	-0.3468	-3.8472	-6.2357	-0.7635
2	0.1393	0.7624	-0.0823	0.1293	0.2842	0.0751	0.9579	-3.4730	-6.9137
0	-0.0734	-0.8559	-0.0395	-0.0225	-0.3784	0.0347	-0.7089	-2.7707	7.8350
1	-0.6947	1.0828	-1.2799	-0.0403	0.0361	-0.3830	-3.8264	-6.3316	-1.0646
2	0.1461	0.7808	-0.0848	0.0394	0.4043	-0.0120	1.2828	-2.9024	-7.2716
0	-0.0714	-0.8738	-0.0396	-0.0325	-0.4111	0.0472	-0.7027	-2.8359	7.1319
1	-0.7024	1.2252	-1.4211	-0.0041	-0.1131	-0.4313	-3.4605	-6.4401	-0.6480
2	0.1465	0.7978	-0.0836	-0.0460	0.3779	0.0032	1.2833	-3.2748	-7.3077
0	-0.0717	-0.8920	-0.0447	0.1361	-0.3414	0.0853	-0.5710	-3.4343	7.2908
1	-0.7036	1.3622	-1.5629	0.1059	-0.1351	-0.2381	-2.9744	-6.9080	-0.5893
2	0.1470	0.8175	-0.0849	0.0786	0.3718	-0.0464	0.9218	-3.6127	-6.8529
0	-0.0764	-0.9042	-0.0510	0.1647	-0.2766	-0.0243	-0.6361	-3.7318	7.2407
1	-0.6976	1.4469	-1.6505	0.2235	-0.1012	-0.3115	-3.2202	-6.9307	-0.7454
2	0.1521	0.8316	-0.0898	0.1414	0.2105	0.0102	0.9633	-4.2288	-7.0294
0	-0.0846	-0.9219	-0.0579	0.2101	-0.4964	0.0409	-0.8699	-3.0133	8.2192
1	-0.6868	1.6125	-1.8220	0.1293	-0.1072	-0.4721	-3.7395	-6.9306	-1.0873
2	0.1614	0.8455	-0.0930	0.2605	0.4878	0.0182	1.0474	-3.9121	-7.0596
0	-0.0888	-0.9389	-0.0647	0.1846	-0.3684	0.1502	-1.2027	-3.0273	7.7355
1	-0.6734	1.6211	-1.8414	0.0223	-0.1701	-0.2187	-3.7823	-6.9785	-1.0264
2	0.1694	0.8664	-0.0971	0.0965	0.2866	-0.0391	1.4951	-3.7861	-7.7117
0	-0.0855	-0.9515	-0.0721	-0.0404	-0.3444	0.1579	-0.7843	-3.7986	8.4445
1	-0.6718	1.6887	-1.9131	-0.0810	-0.0266	-0.3745	-3.6992	-7.1730	-1.3693
2	0.1710	0.8786	-0.1038	0.0167	0.2951	-0.1460	1.4538	-3.7727	-7.8979
0	-0.0795	-0.9705	-0.0732	-0.0628	-0.3513	0.1302	-0.8703	-3.1912	7.8467
1	-0.6721	1.7928	-2.0172	-0.0672	-0.0667	-0.2773	-3.4184	-7.1964	-1.0517
2	0.1675	0.8955	-0.1050	-0.1238	0.4329	-0.0405	1.5334	-4.1816	-7.9372
0	-0.0755	-0.9826	-0.0749	-0.0954	-0.2737	0.0465	-0.6485	-3.9935	8.2476
1	-0.6706	1.8678	-2.0904	-0.1087	0.0567	-0.2860	-3.3827	-7.3896	-1.0710
2	0.1642	0.9107	-0.1065	-0.0441	0.2120	-0.0414	1.1159	-4.5002	-7.5770
0	-0.0700	-0.9956	-0.0738	-0.0945	-0.2902	0.0716	-0.8066	-3.9474	7.9344
1	-0.6691	1.9602	-2.1786	-0.0402	0.0419	-0.3971	-3.5225	-7.4639	-0.9664
2	0.1605	0.9242	-0.1047	-0.1371	0.2838	-0.0268	1.2353	-4.4757	-7.8154
0	-0.0667	-1.0163	-0.0728	-0.1553	-0.5309	0.0335	-0.6431	-3.6588	8.7372
1	-0.6616	2.0976	-2.3109	-0.1374	0.0837	-0.3954	-3.7805	-7.5127	-1.1015
2	0.1582	0.9394	-0.1025	-0.0868	0.4818	0.0301	1.1355	-4.3804	-7.7247
0	-0.0599	-1.0304	-0.0708	-0.1507	-0.1656	0.0743	-0.4242	-4.4397	8.4143
1	-0.6612	2.1560	-2.3654	-0.1428	0.0825	-0.2554	-3.3799	-7.9160	-0.9069
2	0.1538	0.9594	-0.0990	-0.1469	0.1987	-0.0597	1.2617	-4.5163	-8.1473
0	-0.0533	-1.0425	-0.0688	-0.1755	-0.2693	0.0814	-0.4944	-3.9811	8.4355
1	-0.6591	2.2376	-2.4418	-0.1525	-0.0013	-0.0326	-3.0118	-8.0798	-0.7120
2	0.1481	0.9698	-0.0971	-0.1752	0.3407	-0.0059	1.0560	-4.9234	-8.0240
0	-0.0474	-1.0464	-0.0695	-0.1234	-0.2529	0.0201	-0.1188	-5.3781	8.3601
1	-0.6576	2.2812	-2.4812	-0.0379	0.1095	-0.3526	-3.5371	-8.1513	-0.8431
2	0.1426	0.9759	-0.0966	-0.0798	0.0075	-0.0756	0.8239	-5.3634	-7.8303
0	-0.0444	-1.0600	-0.0668	-0.0391	-0.1188	0.0418	-0.4521	-3.7700	8.5662
1	-0.6525	2.3163	-2.5122	-0.0193	-0.0156	-0.0364	-3.2264	-8.1129	-0.6076
2	0.1398	0.9889	-0.0935	-0.0609	0.2625	0.0210	0.8630	-5.0815	-7.9424
0	-0.0423	-1.0635	-0.0683	-0.0339	-0.1218	0.0349	-0.3276	-4.8328	8.4873
1	-0.6498	2.3364	-2.5293	-0.0024	0.0714	-0.3551	-3.5341	-8.2231	-0.8403
2	0.1390	0.9929	-0.0941	-0.0269	0.0555	-0.0540	0.7995	-5.1732	-8.0274
0	-0.0441	-1.0823	-0.0650	-0.0244	-0.3933	-0.0828	-0.4708	-3.5514	8.8617
1	-0.6352	2.3955	-2.5814	0.0275	-0.0668	-0.0363	-3.2611	-8.2755	-0.5484
2	0.1396	1.0041	-0.0917	-0.0402	0.5243	0.1888	0.9866	-5.1417	-8.1075
0	-0.0435	-1.0789	-0.0684	-0.0371	0.2854	0.1256	-0.0412	-5.1875	9.0029
1	-0.6430	2.3653	-2.5508	-0.1124	0.0890	0.0160	-3.1427	-8.5335	-0.6707
2	0.1409	1.0127	-0.0901	0.0295	-0.2718	-0.1458	0.8285	-5.2854	-8.2792
0	-0.0385	-1.0755	-0.0674	-0.1009	0.2368	0.0824	-0.4744	-3.7509	8.7840
1	-0.6492	2.3587	-2.5396	-0.0890	-0.0554	0.4507	-3.0150	-8.5227	-0.5702
2	0.1377	1.0060	-0.0912	-0.1371	0.0193	0.0134	0.9091	-5.4967	-8.4013
0	-0.0353	-1.0540	-0.0696	-0.0299	0.3491	0.0469	-0.1839	-5.4693	8.1180
1	-0.6642	2.2767	-2.4542	-0.0294	0.1021	-0.0430	-3.4757	-8.2192	-0.6877
2	0.1343	0.9933	-0.0923	-0.0244	-0.6261	-0.1052	0.7086	-5.7108	-8.1377
0	-0.0359	-1.0561	-0.0674	0.0572	0.0100	-0.0047	-0.6034	-3.3139	8.4624
1	-0.6623	2.2711	-2.4440	-0.0023	-0.0794	0.2098	-3.3576	-7.8936	-0.5471
2	0.1340	0.9845	-0.0910	-0.0006	0.1517	0.0855	0.7472	-4.8121	-7.7924
0	-0.0357	-1.0478	-0.0716	-0.0576	0.1100	0.1569	-0.5760	-4.2097	9.1056
1	-0.6687	2.2495	-2.4219	-0.2327	0.0301	-0.1338	-3.9664	-8.0157	-0.9980
2	0.1355	0.9784	-0.0931	-0.0149	-0.2398	-0.1076	0.9045	-4.8158	-8.1521
0	-0.0268	-1.0556	-0.0721	-0.1477	-0.2252	0.0970	-0.1285	-4.0133	8.5626
1	-0.6677	2.3278	-2.4958	-0.1406	0.0374	-0.1322	-3.7587	-8.0464	-0.6214
2	0.1292	0.9792	-0.0944	-0.1944	0.2649	-0.0454	1.2063	-4.5191	-8.6251
0	-0.0224	-1.0568	-0.0725	-0.0354	0.1433	0.0731	-0.0313	-4.3124	7.9600
1	-0.6716	2.3248	-2.4900	-0.0677	-0.0457	0.2553	-2.5654	-8.0749	-0.2067
2	0.1238	0.9872	-0.0933	-0.0655	-0.0233	-0.0510	0.4652	-5.1884	-7.9163
0	-0.0182	-1.0399	-0.0750	-0.0773	0.6709	0.1469	-0.0884	-3.9234	8.9169
1	-0.6910	2.2044	-2.3684	-0.1711	-0.0822	0.8391	-2.8951	-8.3021	-0.4212
2	0.1212	0.9786	-0.0958	-0.0541	-0.4061	-0.1326	0.5257	-5.5412	-7.7266
0	-0.0094	-0.9985	-0.0757	-0.2646	1.0743	0.1212	0.1511	-3.8475	9.2532
1	-0.7236	1.8685	-2.0282	-0.3349	0.0813	0.7736	-3.8473	-7.9203	-0.5664
2	0.1148	0.9462	-0.1006	-0.1470	-0.9640	-0.1807	0.6616	-5.4615	-8.4691
0	0.0016	-0.9730	-0.0697	-0.2680	0.0926	-0.0117	-0.1934	-3.8611	7.7124
1	-0.7381	1.7369	-1.8864	-0.1972	0.1215	0.0528	-4.1077	-7.0864	-0.4903
2	0.1023	0.9052	-0.0993	-0.2892	-0.3595	0.0137	0.5944	-4.3908	-8.2891
0	0.0076	-0.9687	-0.0646	-0.0846	0.1527	-0.0283	0.3129	-3.8322	7.2103
1	-0.7425	1.6735	-1.8166	-0.0162	0.0474	0.1847	-2.9339	-7.0437	0.1041
2	0.0942	0.8997	-0.0924	-0.1622	-0.1100	0.0113	0.4832	-4.1428	-7.3985
0	0.0085	-0.9596	-0.0643	-0.0011	0.2894	0.0618	0.0870	-3.5176	7.6892
1	-0.7436	1.5097	-1.6512	-0.0610	-0.0342	0.3417	-3.0143	-7.0183	-0.0098
2	0.0925	0.8919	-0.0905	-0.0121	-0.2627	-0.0484	-0.0151	-4.4625	-7.0017
0	0.0112	-0.9425	-0.0661	-0.0536	0.5153	0.1191	0.0092	-2.9095	8.2838
1	-0.7438	1.2100	-1.3511	-0.1930	-0.0403	0.6040	-3.5055	-7.0294	-0.3236
2	0.0908	0.8787	-0.0926	-0.0497	-0.4011	-0.0930	0.3843	-4.2775	-7.4928
0	0.0195	-0.9153	-0.0663	-0.2319	0.6914	0.1546	0.3459	-3.2114	8.3731
1	-0.7373	0.8053	-0.9444	-0.3073	-0.0195	0.7379	-3.6628	-6.9928	-0.1426
2	0.0853	0.8554	-0.0951	-0.1841	-0.6628	-0.1605	0.5431	-4.0981	-8.0363
0	0.0297	-0.8840	-0.0651	-0.1531	0.7483	0.1408	0.4005	-3.3185	7.3354
1	-0.7179	0.4828	-0.6204	-0.2272	-0.0040	0.6626	-3.3204	-6.4986	0.1252
2	0.0742	0.8260	-0.0957	-0.2014	-0.7316	-0.1759	0.1678	-4.0256	-7.6032
0	0.0373	-0.8534	-0.0650	-0.1669	0.7512	0.1766	-0.1482	-1.9871	8.2031
1	-0.6944	0.2866	-0.4223	-0.3485	-0.0080	0.7323	-3.7231	-6.1192	-0.2282
2	0.0646	0.7952	-0.0966	-0.1789	-0.6659	-0.1321	0.0555	-3.7544	-7.0370
0	0.0506	-0.8244	-0.0618	-0.2886	0.4218	0.1408	0.7953	-2.8597	6.6738
1	-0.6751	0.1399	-0.2717	-0.3205	0.0328	0.2219	-3.9516	-5.4736	0.4107
2	0.0506	0.7621	-0.0959	-0.3173	-0.6204	-0.1742	0.3658	-3.0825	-7.5192
0	0.0631	-0.8134	-0.0595	-0.1867	0.2097	0.2058	0.8643	-2.5031	6.2669
1	-0.6676	0.0538	-0.1847	-0.1800	-0.0480	0.2598	-2.9228	-5.3297	0.7835
2	0.0381	0.7474	-0.0931	-0.2516	-0.1857	-0.1718	-0.3608	-2.5582	-6.5615
0	0.0683	-0.8006	-0.0605	0.0521	0.2805	-0.0333	0.9800	-3.5042	5.9717
1	-0.6545	0.0494	-0.1805	0.0779	0.0091	0.2221	-2.5488	-5.6597	0.7871
2	0.0281	0.7356	-0.0942	-0.0099	-0.3243	-0.0461	-0.7840	-3.5133	-5.8576
0	0.0648	-0.7879	-0.0625	0.0831	0.4111	0.0113	0.6806	-2.2198	7.1233
1	-0.6391	0.0612	-0.1931	0.0746	-0.0354	0.5184	-3.0283	-5.6971	0.4522
2	0.0304	0.7244	-0.0951	0.0756	-0.2916	-0.0030	-0.5720	-3.4646	-6.1556
0	0.0605	-0.7663	-0.0644	0.0464	0.4441	-0.0602	0.6909	-2.2902	6.8549
1	-0.6169	0.0706	-0.2024	0.0309	0.0207	0.3433	-3.6179	-5.3108	0.2887
2	0.0336	0.7058	-0.0978	0.0772	-0.5281	0.0205	-0.2064	-3.2922	-6.7577
0	0.0585	-0.7517	-0.0649	0.0131	0.3200	0.0065	0.6761	-2.0507	6.8268
1	-0.6029	0.0697	-0.2008	-0.0096	0.0326	0.2763	-3.5577	-5.0669	0.3975
2	0.0363	0.6883	-0.0981	0.0217	-0.3158	-0.0071	-0.1782	-2.3957	-6.6330
0	0.0569	-0.7414	-0.0639	0.0112	0.2008	-0.0851	0.7186	-2.3056	6.0430
1	-0.5923	0.0780	-0.2066	0.0808	0.0338	0.2284	-3.1564	-4.9175	0.4672
2	0.0371	0.6755	-0.0976	-0.0135	-0.2487	0.0478	-0.2379	-2.5603	-6.5079
0	0.0544	-0.7274	-0.0645	0.0024	0.4173	0.0484	0.4476	-1.6507	6.8258
1	-0.5757	0.0725	-0.2009	-0.0721	-0.0112	0.3598	-3.2250	-4.9061	0.3055
2	0.0401	0.6653	-0.0967	0.0178	-0.3455	-0.0149	-0.2753	-2.5870	-6.1183
0	0.0562	-0.7158	-0.0638	-0.0625	0.0391	0.0007	0.7507	-1.9641	5.9923
1	-0.5678	0.0639	-0.1902	-0.0338	0.0416	0.0940	-3.3216	-4.5391	0.4681
2	0.0382	0.6484	-0.0972	-0.0589	-0.1843	-0.0132	-0.1021	-2.2350	-6.3647
0	0.0571	-0.7073	-0.0637	0.0004	0.4710	0.0733	0.5525	-1.6205	6.5102
1	-0.5543	0.0525	-0.1789	-0.0669	-0.0190	0.4899	-2.6676	-4.8609	0.5059
2	0.0375	0.6435	-0.0957	-0.0212	-0.2508	-0.0253	-0.4075	-2.4112	-5.9496
0	0.0575	-0.6898	-0.0633	0.0005	0.2804	-0.0409	0.7414	-2.0239	5.7101
1	-0.5369	0.0500	-0.1749	0.0405	0.0190	0.3625	-3.0511	-4.5158	0.5055
2	0.0356	0.6240	-0.0966	-0.0328	-0.3519	0.0056	-0.2965	-2.6393	-5.9779
0	0.0541	-0.6739	-0.0631	0.0221	0.3247	-0.0527	0.5139	-1.5627	5.8753
1	-0.5201	0.0556	-0.1795	0.0303	0.0588	0.2993	-3.1446	-4.1847	0.3857
2	0.0374	0.6099	-0.0960	0.0316	-0.3825	0.0410	-0.3736	-2.3501	-5.7513
0	0.0519	-0.6585	-0.0637	0.0648	0.4967	0.0206	0.5931	-1.0000	5.8960
1	-0.5003	0.0604	-0.1854	0.0557	-0.0743	0.6620	-2.8295	-4.0673	0.5670
2	0.0399	0.5946	-0.0956	0.0530	-0.3598	0.0031	-0.2649	-1.8914	-5.6898
0	0.0521	-0.6333	-0.0662	0.0149	0.5125	0.0227	0.5811	-1.8127	5.5618
1	-0.4735	0.0553	-0.1816	-0.0035	0.0184	0.4928	-2.9081	-3.9952	0.2983
2	0.0407	0.5716	-0.1001	0.0529	-0.5945	-0.0868	-0.2737	-2.0301	-5.6832
0	0.0513	-0.6127	-0.0673	0.0210	0.5109	0.0034	0.6458	-1.3445	5.5800
1	-0.4518	0.0524	-0.1788	0.0102	0.0313	0.4582	-2.9331	-3.7845	0.3625
2	0.0407	0.5485	-0.1022	0.0171	-0.5306	-0.0292	-0.1997	-1.9578	-5.4684
0	0.0497	-0.5946	-0.0667	-0.0084	0.4252	-0.0288	0.7865	-1.1345	5.3398
1	-0.4324	0.0511	-0.1756	-0.0010	0.0500	0.6019	-2.4653	-3.7124	0.5447
2	0.0411	0.5287	-0.1025	-0.0015	-0.3900	0.0360	-0.3434	-1.7891	-5.3292
0	0.0454	-0.5643	-0.0668	0.0455	0.7832	-0.1104	0.5644	-1.1997	5.3348
1	-0.3975	0.0546	-0.1766	0.1021	0.1273	0.6641	-2.4901	-3.5644	0.3098
2	0.0431	0.5048	-0.1022	0.0446	-0.7274	0.0576	-0.3894	-2.1461	-5.0941
0	0.0374	-0.5394	-0.0634	-0.0343	0.3406	-0.2212	0.4250	-1.0109	4.7303
1	-0.3775	0.0673	-0.1831	0.0514	0.1295	0.3230	-2.8794	-2.9653	0.2691
2	0.0479	0.4744	-0.1005	-0.0034	-0.5092	0.1923	-0.1766	-1.7606	-4.9949
0	0.0315	-0.5198	-0.0618	0.0572	0.7464	-0.0489	0.1042	0.0130	5.4213
1	-0.3516	0.0684	-0.1821	-0.0040	0.0264	0.8215	-2.3092	-3.0383	0.2146
2	0.0545	0.4559	-0.0959	0.0258	-0.5060	0.0838	-0.1666	-1.1534	-4.6944
0	0.0290	-0.4923	-0.0595	-0.1222	0.1779	-0.0885	0.4900	-1.0851	4.0206
1	-0.3367	0.0669	-0.1750	-0.1542	0.1217	0.0834	-3.0852	-2.3792	0.1360
2	0.0553	0.4268	-0.0953	-0.0871	-0.5757	0.0610	0.1175	-1.1790	-4.8832
0	0.0305	-0.4832	-0.0551	-0.0209	0.5100	0.0319	0.3988	-0.3514	4.2210
1	-0.3208	0.0581	-0.1640	-0.0253	-0.0073	0.6586	-1.7964	-2.5462	0.5119
2	0.0547	0.4172	-0.0893	-0.1154	-0.2282	-0.0225	-0.1209	-0.4770	-4.3919
0	0.0303	-0.4526	-0.0547	-0.0748	0.4998	-0.0363	0.6347	-1.1024	3.9283
1	-0.2909	0.0537	-0.1577	0.0137	0.0670	0.5134	-2.0807	-2.3728	0.3244
2	0.0523	0.3906	-0.0891	-0.0309	-0.6679	-0.0131	-0.1825	-1.4197	-4.0937
0	0.0268	-0.4260	-0.0543	0.0918	0.8280	-0.1310	0.4787	-0.7397	3.8478
1	-0.2592	0.0610	-0.1647	0.2111	0.0873	0.7682	-1.5999	-2.2069	0.3672
2	0.0529	0.3659	-0.0876	0.0600	-0.6453	0.0499	-0.4084	-1.2561	-3.6777
0	0.0187	-0.3968	-0.0539	-0.0352	0.4081	-0.0514	0.0721	0.3455	3.9867
1	-0.2375	0.0697	-0.1711	-0.0169	0.0990	0.4858	-2.2092	-1.6263	-0.0216
2	0.0588	0.3331	-0.0889	0.0205	-0.4856	0.1383	-0.0926	-0.8940	-3.5562
0	0.0162	-0.3710	-0.0521	-0.0036	0.6682	-0.0699	0.3837	-0.2129	3.1920
1	-0.2109	0.0695	-0.1678	-0.0062	0.1236	0.7155	-1.7740	-1.4581	0.2526
2	0.0609	0.3117	-0.0865	-0.0296	-0.6586	0.0340	0.0422	-0.4681	-3.6428
0	0.0134	-0.3525	-0.0504	0.0019	0.2667	-0.0575	0.0378	-0.2468	2.7782
1	-0.1918	0.0714	-0.1674	0.0324	0.0322	0.3923	-1.5663	-1.2308	0.1479
2	0.0626	0.2864	-0.0849	-0.0244	-0.3318	0.0617	-0.2049	-0.3016	-3.0590
0	0.0096	-0.3338	-0.0505	0.0308	0.4774	-0.1257	0.2087	-0.6427	2.7246
1	-0.1703	0.0742	-0.1696	0.0755	0.0837	0.3946	-1.4130	-1.3705	0.0083
2	0.0647	0.2717	-0.0847	0.0120	-0.5108	0.0458	0.0320	-0.6829	-3.0960
0	0.0056	-0.3191	-0.0506	0.0150	0.2911	-0.0526	0.2747	-0.2007	2.6996
1	-0.1558	0.0770	-0.1718	0.0770	0.0768	0.3296	-1.4251	-1.1087	0.1773
2	0.0682	0.2533	-0.0846	0.0021	-0.3095	0.0532	-0.0072	-0.4174	-2.8882
0	0.0004	-0.3048	-0.0504	-0.0083	0.4118	-0.0476	-0.0590	0.5458	3.0857
1	-0.1374	0.0792	-0.1726	-0.0014	0.0210	0.4751	-1.2582	-1.0383	0.0032
2	0.0715	0.2402	-0.0847	0.0094	-0.3291	0.1017	-0.0665	-0.5623	-2.8126
0	-0.0012	-0.2823	-0.0505	-0.0230	0.5390	-0.0285	0.1303	-0.0774	3.0364
1	-0.1156	0.0764	-0.1687	-0.0402	0.0673	0.5616	-1.1951	-1.0831	-0.0555
2	0.0728	0.2199	-0.0847	-0.0076	-0.4909	0.0059	0.1367	-0.2761	-2.7615
0	-0.0046	-0.2611	-0.0484	-0.0297	0.4638	-0.1377	0.1411	-0.3587	1.9739
1	-0.0941	0.0789	-0.1670	0.0262	0.1147	0.4716	-0.9307	-0.8698	0.0982
2	0.0734	0.1969	-0.0829	-0.0630	-0.5142	0.1006	0.0409	-0.6328	-2.6609
0	-0.0109	-0.2341	-0.0484	0.0850	0.8150	-0.1192	-0.0027	0.1538	2.0287
1	-0.0600	0.0799	-0.1669	0.0984	0.0269	1.1644	-0.1310	-0.8324	0.1815
2	0.0772	0.1750	-0.0809	0.0220	-0.6573	0.0847	-0.1251	-0.4584	-2.0410
0	-0.0189	-0.1829	-0.0516	-0.0248	0.9656	-0.1622	-0.0879	-0.3232	1.4060
1	-0.0101	0.0798	-0.1649	-0.0054	0.1222	0.4913	-1.2847	0.4428	-0.3282
2	0.0811	0.1308	-0.0839	0.0555	-1.2676	0.0772	0.0183	-0.9501	-2.0089
0	-0.0213	-0.1705	-0.0480	-0.1057	-0.1319	0.0714	-0.1986	0.8241	0.5998
1	-0.0091	0.0784	-0.1598	-0.1205	0.0291	-0.0883	-0.8801	1.1635	0.0056
2	0.0841	0.0977	-0.0816	-0.1114	-0.0495	0.0305	0.3678	1.8660	-1.0087
0	-0.0162	-0.1672	-0.0467	-0.0198	0.3224	0.1647	-0.0687	0.3807	1.6269
1	-0.0014	0.0685	-0.1519	-0.1307	-0.0673	0.2129	-0.1015	0.1408	0.0445
2	0.0814	0.0983	-0.0791	-0.0415	-0.1870	-0.1319	0.1074	0.9278	-0.8907
0	-0.0093	-0.1665	-0.0449	-0.0786	-0.3135	0.1316	0.2901	-0.4810	1.0071
1	-0.0107	0.0608	-0.1451	-0.0820	0.0478	-0.3433	-0.4204	0.0196	0.1171
2	0.0738	0.0891	-0.0788	-0.0844	0.0179	-0.1244	0.0482	0.1515	-1.2461
0	-0.0085	-0.1734	-0.0429	-0.0287	0.2610	0.0081	-0.1151	0.6775	2.1841
1	-0.0088	0.0601	-0.1433	-0.0324	0.0232	0.3512	0.2403	-0.5125	0.0605
2	0.0707	0.1018	-0.0770	-0.0423	0.1282	0.0409	-0.1691	-0.4809	-1.2357
0	-0.0075	-0.1587	-0.0416	-0.0748	0.1491	0.0853	-0.0929	0.4811	1.1192
1	0.0010	0.0559	-0.1388	-0.1426	0.0168	0.0367	-0.6124	0.2841	-0.0176
2	0.0694	0.0894	-0.0761	-0.0538	-0.3152	-0.0377	0.1100	-0.4089	-1.5877
0	-0.0050	-0.1573	-0.0371	-0.0919	0.0564	0.0208	-0.0185	0.3659	1.1455
1	0.0027	0.0523	-0.1314	-0.1145	0.0360	0.2463	-0.1728	0.1512	0.1662
2	0.0657	0.0852	-0.0732	-0.1230	0.0105	-0.0085	0.0136	0.5148	-1.3672
0	-0.0022	-0.1444	-0.0348	-0.0087	0.3539	0.0403	0.1935	-0.4863	0.5374
1	0.0195	0.0459	-0.1270	0.0967	-0.0793	0.4237	0.2922	-0.1131	0.3124
2	0.0631	0.0787	-0.0700	-0.0592	-0.3364	-0.0840	-0.0840	-0.0792	-1.1247
0	-0.0048	-0.1289	-0.0362	0.0048	0.4617	-0.1246	0.3112	-0.3965	1.2841
1	0.0423	0.0467	-0.1304	0.0317	0.0445	0.5931	0.5508	-0.2979	0.1956
2	0.0617	0.0640	-0.0724	0.0466	-0.3466	0.0474	-0.3249	-0.7252	-0.7493
0	-0.0101	-0.1021	-0.0355	-0.0680	0.6099	-0.0618	-0.0659	0.5366	0.8330
1	0.0685	0.0467	-0.1269	-0.0934	0.0798	0.4818	-0.0712	0.8354	0.0957
2	0.0654	0.0390	-0.0735	-0.0220	-0.6631	0.0798	0.0038	-0.6000	-1.1446
0	-0.0093	-0.0809	-0.0337	-0.0208	0.3753	0.0554	-0.0963	0.6195	0.3815
1	0.0869	0.0412	-0.1213	-0.1338	0.0334	0.3596	0.0370	1.1518	0.1321
2	0.0657	0.0151	-0.0715	-0.0322	-0.4125	-0.0463	-0.0379	1.1135	-0.4289
0	-0.0083	-0.0616	-0.0311	-0.0754	0.6385	0.0068	0.0971	0.5220	0.6433
1	0.1105	0.0364	-0.1137	-0.1341	0.0071	0.7505	0.7236	0.5431	0.1923
2	0.0632	-0.0039	-0.0700	-0.1014	-0.4811	-0.0138	0.0021	0.4647	-0.5709
0	-0.0068	-0.0268	-0.0278	-0.1167	0.7179	0.0892	0.1547	0.0694	0.0609
1	0.1434	0.0274	-0.1022	-0.1646	0.0195	0.5216	0.5482	0.8986	0.2876
2	0.0603	-0.0343	-0.0673	-0.1221	-0.7940	-0.1107	0.0055	0.0349	-0.5294
0	-0.0055	-0.0034	-0.0242	-0.0508	0.4728	0.0104	0.2147	0.2815	-0.1442
1	0.1645	0.0239	-0.0971	-0.0900	0.0055	0.6339	1.0060	0.9320	0.4763
2	0.0551	-0.0622	-0.0629	-0.0838	-0.4236	-0.0265	-0.3756	0.3015	0.3171
0	-0.0052	0.0237	-0.0215	-0.0817	0.6625	0.0092	0.0060	-0.0184	-0.5096
1	0.1926	0.0195	-0.0911	-0.1334	0.0384	0.6264	1.2521	1.0645	0.2573
2	0.0526	-0.0849	-0.0609	-0.1039	-0.6664	-0.0513	-0.3027	-0.0201	0.1785
0	-0.0053	0.0505	-0.0182	-0.0513	0.5770	-0.0341	0.2646	-0.5932	-1.1228
1	0.2184	0.0171	-0.0865	-0.0002	0.0794	0.5380	1.6075	1.0701	0.3971
2	0.0497	-0.1149	-0.0572	-0.1088	-0.6034	-0.0405	-0.1811	0.1960	0.5877
0	-0.0112	0.0723	-0.0177	-0.0528	0.4522	-0.0975	-0.5517	0.3042	-1.0786
1	0.2379	0.0195	-0.0855	-0.1386	0.0703	0.4358	1.9163	1.1931	0.1248
2	0.0515	-0.1363	-0.0561	-0.0593	-0.4608	0.1446	-0.3568	-0.3393	1.0455
0	-0.0115	0.0923	-0.0137	-0.1041	0.3949	0.0589	0.0422	0.0786	-1.3810
1	0.2540	0.0160	-0.0787	-0.1127	0.0503	0.3680	1.7027	1.6415	0.2251
2	0.0525	-0.1573	-0.0533	-0.1289	-0.4363	-0.0634	0.1839	0.3905	1.0952
0	-0.0140	0.1088	-0.0102	-0.1056	0.4202	-0.1078	0.1678	0.0113	-1.3572
1	0.2753	0.0168	-0.0758	-0.0135	0.0578	0.5836	2.0745	1.5107	0.4431
2	0.0510	-0.1744	-0.0497	-0.1235	-0.3863	0.0653	-0.2912	0.0169	1.1982
0	-0.0176	0.1322	-0.0083	-0.0655	0.7086	0.0228	-0.3904	0.7122	-0.9515
1	0.3013	0.0147	-0.0718	-0.2244	0.0266	0.7879	2.2725	1.6494	0.2036
2	0.0537	-0.1945	-0.0475	-0.0745	-0.5821	0.0376	-0.2572	0.0684	1.4273
0	-0.0168	0.1696	-0.0034	-0.1221	0.8411	0.0334	-0.1109	-0.2850	-2.2769
1	0.3395	0.0099	-0.0616	-0.1431	0.0530	0.7284	2.3965	1.8758	0.2363
2	0.0509	-0.2282	-0.0436	-0.1644	-0.9093	-0.0986	0.0973	0.1678	1.2429
0	-0.0180	0.1965	0.0006	-0.0822	0.4791	0.0204	-0.2091	-0.0451	-2.5741
1	0.3632	0.0085	-0.0562	-0.1432	0.0124	0.6097	2.9638	1.9907	0.3987
2	0.0485	-0.2640	-0.0385	-0.1324	-0.5001	-0.0060	-0.2326	0.2545	2.3235
0	-0.0175	0.2304	0.0037	-0.0989	1.0313	-0.0149	0.1147	-0.3346	-1.9641
1	0.4011	0.0055	-0.0492	-0.1377	0.1052	1.0001	3.4586	1.7035	0.2854
2	0.0461	-0.2903	-0.0357	-0.1030	-0.8337	-0.0768	-0.1838	-0.2189	2.2450
0	-0.0216	0.2679	0.0066	-0.1170	0.7361	-0.0893	-0.0723	-0.8107	-3.6362
1	0.4385	0.0077	-0.0458	-0.0397	0.1067	0.6353	3.5305	2.3382	0.3757
2	0.0459	-0.3331	-0.0322	-0.1454	-0.8731	0.0409	-0.1972	-0.4256	2.4444
0	-0.0257	0.3021	0.0072	-0.0608	0.8453	-0.0357	-0.1366	-0.2391	-2.6733
1	0.4731	0.0077	-0.0416	-0.1357	0.0769	0.7808	3.9494	2.1944	0.3171
2	0.0481	-0.3645	-0.0309	-0.0686	-0.7214	0.0132	-0.2536	-0.0278	3.3291
0	-0.0279	0.3378	0.0079	0.0262	0.6117	-0.0060	-0.2999	-0.6127	-4.3097
1	0.5051	0.0065	-0.0393	-0.0093	-0.0126	0.6028	4.2614	2.5420	0.4601
2	0.0482	-0.4027	-0.0295	-0.0578	-0.6906	-0.0102	-0.1824	-0.1454	3.3828
0	-0.0280	0.3650	0.0046	0.0024	0.6298	-0.0745	0.0099	-0.8855	-3.2398
1	0.5306	0.0065	-0.0394	-0.0484	0.1380	0.4497	4.2899	2.2691	0.2440
2	0.0463	-0.4302	-0.0325	0.0403	-0.6166	0.0021	-0.3389	-0.2369	3.9701
0	-0.0327	0.3844	0.0044	-0.0130	0.2289	-0.0661	-0.2520	-0.7233	-4.8996
1	0.5450	0.0096	-0.0397	0.0372	0.0405	0.3278	4.6567	2.8270	0.4965
2	0.0484	-0.4559	-0.0341	-0.1071	-0.3978	0.0795	-0.1467	-0.3093	3.6849
0	-0.0332	0.3989	0.0015	0.0061	0.4379	-0.0042	-0.2463	-0.5820	-3.4560
1	0.5637	0.0081	-0.0401	-0.0634	0.0320	0.4518	4.7453	2.4535	0.1894
2	0.0495	-0.4701	-0.0380	0.0321	-0.3931	-0.0037	-0.2975	-0.1813	4.4066
0	-0.0340	0.4188	0.0015	-0.0115	0.4012	-0.0284	-0.0790	-1.2705	-4.3358
1	0.5812	0.0077	-0.0389	-0.0320	0.0750	0.3900	5.0507	2.3820	0.3105
2	0.0485	-0.4885	-0.0394	-0.0468	-0.4102	-0.0110	-0.0714	-0.4723	4.0284
0	-0.0362	0.4374	0.0008	-0.0470	0.5458	-0.0214	-0.3970	-0.6798	-3.9397
1	0.6028	0.0083	-0.0369	-0.1283	0.0340	0.6469	5.1730	2.3191	0.1670
2	0.0492	-0.5067	-0.0414	-0.0393	-0.4469	0.0459	-0.2266	-0.8021	4.3108
0	-0.0379	0.4705	0.0028	-0.0851	0.8397	-0.0293	0.0538	-1.4923	-4.5547
1	0.6406	0.0070	-0.0318	-0.0629	0.0345	0.9156	5.6218	2.3511	0.3713
2	0.0490	-0.5338	-0.0408	-0.1131	-0.7603	-0.0487	0.0172	-0.7920	4.1627
0	-0.0415	0.5059	0.0014	-0.0200	0.6609	-0.0851	-0.3957	-1.4375	-5.4733
1	0.6728	0.0076	-0.0310	-0.0597	0.0440	0.5697	5.7817	2.9490	0.2405
2	0.0498	-0.5733	-0.0406	-0.0405	-0.7496	0.0504	-0.2871	-0.9160	5.1993
0	-0.0430	0.5307	0.0011	-0.0435	0.5857	0.0089	-0.2465	-1.4084	-5.0064
1	0.6983	0.0059	-0.0266	-0.1427	0.0557	0.5909	5.9393	2.6729	0.2436
2	0.0503	-0.6002	-0.0425	-0.0717	-0.5687	-0.0358	-0.0504	-0.4480	5.3156
0	-0.0458	0.5576	0.0014	-0.0882	0.5732	-0.0418	-0.3665	-1.6381	-5.2498
1	0.7235	0.0073	-0.0222	-0.1421	0.0988	0.5494	6.2495	2.5796	0.1547
2	0.0507	-0.6262	-0.0427	-0.0868	-0.6011	0.0298	-0.1199	-1.0329	5.1736
0	-0.0484	0.5855	0.0041	-0.1142	0.6697	0.0340	-0.3395	-1.7808	-5.3581
1	0.7532	0.0068	-0.0153	-0.1772	0.0228	0.6033	6.5049	2.5960	0.1839
2	0.0522	-0.6522	-0.0423	-0.1223	-0.6325	-0.0504	0.0208	-1.1113	5.4363
0	-0.0500	0.6084	0.0092	-0.0917	0.2005	0.0445	-0.4388	-2.4160	-6.9549
1	0.7690	0.0051	-0.0110	-0.0389	-0.0030	0.1023	6.7312	3.0348	0.2938
2	0.0518	-0.6805	-0.0392	-0.1478	-0.4414	-0.0779	-0.0398	-1.0472	5.8829
0	-0.0495	0.6123	0.0103	-0.0050	0.1431	0.0761	-0.4928	-1.3499	-5.7311
1	0.7752	0.0026	-0.0099	-0.0793	-0.0594	0.3044	7.1679	2.8242	0.3362
2	0.0511	-0.6875	-0.0395	-0.0095	-0.0648	-0.0203	-0.2406	-1.0288	6.6417
0	-0.0475	0.6243	0.0114	0.0068	0.3385	0.0081	-0.1992	-2.3871	-6.1645
1	0.7912	-0.0002	-0.0081	-0.0053	-0.0057	0.5204	7.3644	2.3434	0.3835
2	0.0476	-0.6969	-0.0411	-0.0355	-0.3181	-0.0606	-0.1753	-1.5643	5.9937
0	-0.0484	0.6511	0.0079	-0.0076	0.7159	-0.0959	-0.2526	-2.3592	-5.6243
1	0.8224	-0.0002	-0.0090	-0.0963	0.1214	0.6513	7.4319	2.3066	0.1319
2	0.0462	-0.7167	-0.0448	0.0165	-0.6298	0.0372	-0.2278	-2.1582	6.0112
0	-0.0523	0.6809	0.0067	-0.0437	0.4162	-0.0569	-0.5082	-2.9496	-7.1763
1	0.8454	0.0014	-0.0073	-0.0436	0.0325	0.3810	7.5329	2.6926	0.1625
2	0.0478	-0.7488	-0.0484	-0.0991	-0.6017	0.0190	0.0318	-1.7741	6.0878
0	-0.0537	0.6964	0.0041	0.0147	0.3710	-0.0259	-0.4888	-2.3140	-6.4594
1	0.8637	-0.0003	-0.0078	-0.0835	0.0623	0.3809	7.9777	2.5883	0.2325
2	0.0494	-0.7657	-0.0517	-0.0080	-0.3275	0.0347	-0.0824	-1.6802	6.9429
0	-0.0542	0.7188	0.0026	-0.0025	0.5543	-0.0472	-0.3731	-3.1431	-6.7701
1	0.8860	-0.0005	-0.0066	0.0096	0.0037	0.6416	8.1375	2.2901	0.2702
2	0.0490	-0.7852	-0.0558	-0.0522	-0.5203	-0.0205	-0.0806	-1.9791	6.6340
0	-0.0562	0.7432	-0.0016	-0.0041	0.4991	-0.1189	-0.4427	-2.9788	-6.8524
1	0.9125	-0.0003	-0.0094	0.0330	0.0723	0.5384	8.3174	2.3439	0.1832
2	0.0490	-0.8099	-0.0600	-0.0073	-0.5704	0.0681	-0.1591	-2.4869	6.8741
0	-0.0592	0.7658	-0.0049	-0.0452	0.5712	-0.0267	-0.6604	-2.5700	-6.6945
1	0.9373	-0.0003	-0.0092	-0.1101	0.0233	0.5394	8.3638	2.5050	0.1374
2	0.0510	-0.8329	-0.0658	-0.0400	-0.5310	0.0470	0.0097	-2.2237	6.8982
0	-0.0606	0.7884	-0.0036	-0.0473	0.4182	0.0312	-0.4519	-3.0900	-7.4763
1	0.9562	-0.0007	-0.0057	-0.0643	-0.0262	0.3903	8.6860	2.6128	0.3151
2	0.0519	-0.8583	-0.0676	-0.0865	-0.4427	-0.0421	0.0564	-2.0140	7.1154
0	-0.0602	0.8053	-0.0041	-0.0003	0.4482	0.0038	-0.5294	-3.1814	-7.0331
1	0.9749	-0.0032	-0.0042	-0.0747	0.0014	0.5033	9.0189	2.2849	0.1721
2	0.0508	-0.8759	-0.0695	-0.0165	-0.3937	-0.0275	-0.1494	-2.3585	7.5905
0	-0.0607	0.8295	-0.0055	-0.0199	0.5243	-0.0274	-0.4370	-3.6587	-7.3649
1	0.9983	-0.0034	-0.0029	-0.0545	0.0372	0.5094	9.1896	2.1476	0.2109
2	0.0499	-0.8966	-0.0720	-0.0397	-0.5385	-0.0060	0.0195	-2.8400	7.3608
0	-0.0618	0.8530	-0.0067	-0.0246	0.5755	-0.0149	-0.5470	-3.6086	-7.2087
1	1.0249	-0.0037	-0.0016	-0.0882	0.0205	0.6536	9.4135	1.9854	0.1721
2	0.0498	-0.9200	-0.0752	-0.0271	-0.5128	-0.0011	-0.0702	-2.9618	7.6449
0	-0.0634	0.8819	-0.0072	-0.0588	0.7071	-0.0369	-0.4611	-4.2709	-7.5379
1	1.0547	-0.0028	0.0015	-0.0695	0.0706	0.7180	9.7607	1.8008	0.1333
2	0.0495	-0.9464	-0.0777	-0.0801	-0.6816	-0.0310	0.0495	-3.1729	7.5645
0	-0.0666	0.9129	-0.0102	-0.0596	0.7106	-0.0964	-0.5711	-4.3861	-7.8347
1	1.0871	0.0005	0.0040	-0.0786	0.1088	0.7680	10.0775	1.8302	0.1266
2	0.0512	-0.9798	-0.0807	-0.0852	-0.7138	0.0510	-0.0544	-3.6314	7.9790
0	-0.0705	0.9479	-0.0135	-0.0600	0.8381	-0.0779	-0.5735	-4.5961	-8.2646
1	1.1230	0.0039	0.0065	-0.0493	0.1327	0.7440	10.3836	1.9545	0.0951
2	0.0542	-1.0133	-0.0847	-0.0753	-0.8546	0.0228	0.0704	-3.6031	8.2528
0	-0.0762	0.9759	-0.0217	-0.0094	0.4035	-0.2872	-0.6117	-5.0108	-8.6813
1	1.1438	0.0094	0.0024	0.0832	0.2062	0.4119	10.5340	1.8980	0.1664
2	0.0573	-1.0437	-0.0898	-0.0404	-0.5359	0.1991	-0.1076	-3.8270	8.7437
0	-0.0805	0.9954	-0.0294	-0.0392	0.4986	-0.0590	-1.0902	-4.1510	-8.2178
1	1.1657	0.0129	0.0013	-0.0852	0.0441	0.4748	10.6331	1.9899	-0.0846
2	0.0621	-1.0636	-0.1019	-0.0312	-0.4724	0.1243	0.1531	-3.5098	8.6114
0	-0.0816	1.0162	-0.0302	-0.0064	0.3720	0.0078	-0.6833	-5.0483	-8.5857
1	1.1845	0.0126	0.0031	-0.0396	0.0225	0.3384	10.8373	1.7709	0.0400
2	0.0637	-1.0852	-0.1063	-0.0394	-0.4157	-0.0219	0.3152	-3.5727	8.7281
0	-0.0817	1.0307	-0.0315	-0.0481	0.3533	0.0047	-0.7528	-5.0815	-8.1780
1	1.2000	0.0132	0.0048	-0.1077	0.0316	0.4581	11.1617	1.4191	-0.1047
2	0.0629	-1.1010	-0.1103	-0.0206	-0.3316	0.0040	0.0790	-4.0876	8.8536
0	-0.0826	1.0557	-0.0315	0.0054	0.6885	0.0149	-0.7457	-5.3558	-8.5752
1	1.2273	0.0129	0.0082	-0.0635	-0.0110	0.7130	11.5335	1.3162	0.0016
2	0.0634	-1.1208	-0.1133	-0.0464	-0.5897	-0.0451	0.2279	-4.5196	8.7903
0	-0.0824	1.0851	-0.0330	-0.0434	0.7471	-0.0141	-0.6994	-5.5948	-8.4154
1	1.2600	0.0135	0.0118	-0.1050	0.0060	0.7646	11.5573	1.1629	-0.0570
2	0.0620	-1.1513	-0.1161	-0.0361	-0.7387	-0.0155	0.1307	-4.8635	8.9555
0	-0.0820	1.1200	-0.0335	0.0808	0.9440	0.0453	-0.7541	-5.7118	-8.9638
1	1.2996	0.0091	0.0130	0.0102	-0.1096	1.0287	12.0866	1.0781	0.1476
2	0.0615	-1.1848	-0.1179	0.0264	-0.8186	-0.1013	0.0971	-4.8329	9.1818
0	-0.0796	1.1660	-0.0382	-0.0326	0.8728	-0.0778	-0.7466	-6.2722	-8.6236
1	1.3454	0.0083	0.0123	-0.0683	0.0470	0.8012	11.9836	0.7938	-0.1734
2	0.0559	-1.2267	-0.1216	0.0309	-0.9415	0.0358	0.0003	-5.6057	9.3212
0	-0.0810	1.2046	-0.0390	0.0510	0.8783	0.0455	-0.9468	-6.6778	-9.4865
1	1.3833	0.0068	0.0150	-0.0254	-0.0769	0.9051	12.7466	0.5957	0.0757
2	0.0566	-1.2673	-0.1259	-0.0574	-0.8071	-0.0803	0.2394	-5.2582	9.3987
0	-0.0786	1.2417	-0.0412	-0.0216	0.6844	-0.0331	-0.5957	-7.5051	-9.0993
1	1.4166	0.0057	0.0164	-0.0576	0.0454	0.5841	12.6757	0.2567	-0.0959
2	0.0531	-1.3050	-0.1279	0.0137	-0.7989	-0.0351	0.0563	-6.0542	9.8081
0	-0.0800	1.2655	-0.0442	-0.0526	0.4362	-0.0167	-0.7759	-7.3599	-9.3191
1	1.4379	0.0077	0.0182	-0.0549	0.0869	0.1424	12.9166	0.2968	-0.1017
2	0.0533	-1.3351	-0.1326	-0.0402	-0.4910	0.0191	0.1466	-6.1980	9.7546
0	-0.0818	1.2646	-0.0471	0.0230	-0.4502	-0.0256	-0.8561	-7.7179	-10.7868
1	1.4223	0.0061	0.0127	0.1288	0.0286	-0.6184	13.1720	0.7088	0.1102
2	0.0555	-1.3471	-0.1379	-0.0434	0.1737	0.0823	0.1370	-6.0405	10.3094
0	-0.0781	1.2425	-0.0499	0.0667	-0.3104	0.0282	-0.9044	-6.3110	-8.3971
1	1.4057	0.0001	0.0060	-0.0096	-0.0233	-0.0726	13.0625	0.1490	-0.1457
2	0.0536	-1.3257	-0.1472	0.0936	0.5086	0.0591	0.0603	-6.0271	10.4261
0	-0.0754	1.2451	-0.0504	0.0758	0.3796	-0.0003	-0.5401	-7.0912	-9.1451
1	1.4161	-0.0015	0.0053	-0.1134	-0.0664	0.3377	12.8740	0.1843	0.0868
2	0.0507	-1.3184	-0.1526	-0.0005	-0.2361	-0.0354	0.2876	-6.5194	9.1023
0	-0.0719	1.2631	-0.0429	0.0058	0.4656	0.2731	-0.7624	-7.3643	-9.3496
1	1.4347	-0.0048	0.0149	-0.2237	-0.2317	0.4270	12.9307	0.2162	0.0276
2	0.0475	-1.3359	-0.1532	-0.0386	-0.4857	-0.2675	0.1529	-6.0690	9.4000
0	-0.0665	1.2817	-0.0351	0.1031	0.4863	0.1514	-0.5774	-7.7653	-9.0319
1	1.4550	-0.0117	0.0196	-0.0863	-0.1436	0.5333	13.2731	-0.2985	-0.0275
2	0.0430	-1.3552	-0.1469	0.0498	-0.3910	-0.2122	-0.0088	-6.4781	9.9740
0	-0.0645	1.3032	-0.0318	-0.0923	0.3623	0.0398	-0.2282	-8.4548	-9.1866
1	1.4740	-0.0107	0.0247	-0.0957	0.0629	0.3419	13.1863	-0.4712	-0.0272
2	0.0371	-1.3782	-0.1456	-0.0399	-0.4597	-0.1043	0.0451	-7.1390	9.5279
0	-0.0662	1.3172	-0.0333	-0.0232	0.3369	-0.0369	-0.6276	-8.1284	-9.2101
1	1.4898	-0.0093	0.0261	-0.0771	0.0709	0.2658	13.3349	-0.4667	-0.0111
2	0.0385	-1.3947	-0.1488	-0.0355	-0.3427	0.0218	-0.0833	-7.2005	9.7338
0	-0.0691	1.3271	-0.0355	-0.1052	0.0264	-0.0174	-0.6567	-8.3387	-9.9387
1	1.4927	-0.0047	0.0289	-0.0667	0.1173	-0.1537	13.3222	-0.0468	-0.0452
2	0.0400	-1.4083	-0.1542	-0.1035	-0.1560	0.0414	0.1311	-6.9713	9.8378
0	-0.0721	1.3199	-0.0379	-0.0117	-0.2112	-0.0169	-0.8280	-7.6351	-9.7726
1	1.4835	-0.0039	0.0276	-0.0116	0.0379	-0.1977	13.5583	0.0061	0.0529
2	0.0434	-1.4055	-0.1603	-0.0438	0.2222	0.0745	-0.0316	-6.6639	10.4754
0	-0.0716	1.3121	-0.0388	0.0167	-0.0887	0.0517	-0.7876	-7.5108	-9.4367
1	1.4771	-0.0061	0.0267	-0.0387	-0.0169	-0.1147	13.3591	-0.1007	-0.0370
2	0.0432	-1.3973	-0.1670	-0.0091	0.1100	0.0072	0.0718	-6.7534	10.1297
0	-0.0708	1.3064	-0.0378	-0.0232	-0.1451	0.0577	-0.6778	-7.8479	-9.3585
1	1.4708	-0.0078	0.0268	-0.0387	-0.0094	-0.0876	13.3676	-0.2309	-0.0880
2	0.0418	-1.3926	-0.1714	-0.0166	0.1403	-0.0155	0.0988	-6.7466	9.8572
0	-0.0705	1.3031	-0.0376	-0.0084	-0.0397	0.0048	-0.5729	-8.1837	-9.2884
1	1.4680	-0.0088	0.0263	-0.0201	0.0726	-0.2041	13.3827	-0.3330	-0.1321
2	0.0409	-1.3878	-0.1753	-0.0030	0.0448	-0.0099	0.1181	-7.0387	9.9066
0	-0.0717	1.2900	-0.0403	-0.0109	-0.5875	-0.0284	-0.7329	-8.0247	-10.1938
1	1.4447	-0.0087	0.0227	0.0566	0.0720	-0.6756	13.2184	0.1674	-0.0079
2	0.0414	-1.3814	-0.1817	-0.0369	0.3791	0.0873	0.0920	-6.9200	10.0228
0	-0.0710	1.2603	-0.0433	0.0177	-0.7126	-0.0290	-0.6412	-7.2848	-9.1293
1	1.4164	-0.0109	0.0174	0.0475	0.0837	-0.7607	12.9538	0.2244	-0.0392
2	0.0408	-1.3551	-0.1908	0.0543	0.6792	0.1069	-0.0256	-6.4542	10.3286
0	-0.0713	1.2249	-0.0465	-0.0247	-0.8607	-0.0576	-0.6091	-7.0686	-9.0244
1	1.3799	-0.0110	0.0119	0.0609	0.1157	-0.8804	12.5809	0.3465	-0.0698
2	0.0397	-1.3224	-0.2010	0.0267	0.8308	0.1382	0.0569	-6.2006	9.7044
0	-0.0726	1.1891	-0.0491	-0.0272	-0.6887	-0.0118	-0.8444	-6.4600	-8.7254
1	1.3462	-0.0107	0.0078	0.0151	0.0822	-0.6665	12.5340	0.4320	-0.2223
2	0.0402	-1.2847	-0.2118	0.0083	0.7876	0.1104	0.1695	-5.9627	9.4737
0	-0.0745	1.1572	-0.0521	-0.0485	-0.7696	-0.0716	-0.6305	-6.6022	-9.1427
1	1.3133	-0.0081	0.0039	0.0385	0.1305	-0.7201	12.4142	0.6633	-0.0931
2	0.0412	-1.2533	-0.2204	-0.0240	0.7317	0.1539	0.2223	-5.9187	9.4055
0	-0.0757	1.1308	-0.0561	0.0141	-0.4041	-0.0953	-0.5727	-5.9801	-8.6261
1	1.2910	-0.0076	-0.0017	0.0917	0.1125	-0.3265	12.3330	0.7465	0.0325
2	0.0434	-1.2221	-0.2307	0.0299	0.5385	0.1410	-0.0032	-5.7068	9.5379
0	-0.0765	1.1179	-0.0616	-0.0163	-0.3180	-0.0739	-0.8750	-5.8921	-9.0034
1	1.2755	-0.0070	-0.0076	0.0614	0.1104	-0.5111	11.6341	1.2828	-0.2243
2	0.0438	-1.2063	-0.2417	0.0242	0.2282	0.1424	0.0421	-5.4357	9.1589
0	-0.0774	1.0942	-0.0660	0.0121	-0.7111	-0.0717	-0.8148	-5.9906	-8.9436
1	1.2466	-0.0066	-0.0133	0.0364	0.0939	-0.6436	11.7059	1.2149	-0.1842
2	0.0449	-1.1890	-0.2514	0.0361	0.6284	0.1484	0.2320	-4.6416	9.5787
0	-0.0780	1.0687	-0.0689	0.0036	-0.3594	-0.0324	-0.8021	-5.6363	-8.2885
1	1.2262	-0.0060	-0.0166	0.0348	0.0976	-0.3089	11.7641	0.8198	-0.1749
2	0.0458	-1.1587	-0.2619	0.0054	0.4876	0.0975	0.2234	-5.0632	9.0943
0	-0.0792	1.0559	-0.0735	0.0002	-0.2910	-0.1280	-0.7314	-5.8809	-8.5125
1	1.2133	-0.0038	-0.0218	0.0898	0.1745	-0.3143	11.4565	0.9938	-0.2169
2	0.0469	-1.1438	-0.2706	0.0194	0.2797	0.1536	0.1630	-5.2629	8.8228
0	-0.0828	1.0428	-0.0809	-0.0604	-0.2936	-0.1524	-0.8169	-5.3200	-8.4220
1	1.1988	0.0016	-0.0276	0.0463	0.2119	-0.3921	11.0995	1.4761	-0.2772
2	0.0494	-1.1316	-0.2819	0.0047	0.2674	0.2098	0.2108	-4.8808	8.8465
0	-0.0885	1.0232	-0.0875	-0.0516	-0.5451	-0.1539	-0.8549	-5.1083	-8.7836
1	1.1743	0.0071	-0.0335	0.0678	0.1828	-0.5957	10.9339	1.8041	-0.1797
2	0.0549	-1.1156	-0.2941	-0.0302	0.4419	0.2229	0.2391	-4.2240	8.9454
0	-0.0924	0.9960	-0.0927	-0.0247	-0.6490	-0.0918	-1.0348	-4.7018	-8.6149
1	1.1482	0.0097	-0.0388	0.0752	0.0827	-0.6053	10.8207	1.9085	-0.2437
2	0.0596	-1.0913	-0.3055	-0.0109	0.6015	0.1972	0.2214	-3.8869	8.9930
0	-0.0925	0.9725	-0.0956	0.0068	-0.4682	-0.0143	-0.9234	-4.7941	-8.0011
1	1.1241	0.0086	-0.0439	0.0363	0.0713	-0.5094	10.6163	1.6518	-0.4182
2	0.0615	-1.0637	-0.3157	0.0494	0.4892	0.0820	0.3543	-3.8102	8.7537
0	-0.0934	0.9512	-0.0972	-0.0223	-0.4352	0.0054	-1.1017	-4.1676	-8.0984
1	1.1053	0.0087	-0.0465	0.0081	0.0263	-0.4250	10.4564	1.8611	-0.3942
2	0.0621	-1.0431	-0.3231	-0.0024	0.4767	0.0999	0.4577	-3.9012	8.4177
0	-0.0926	0.9322	-0.0976	0.0204	-0.4611	0.0345	-1.0488	-4.3634	-8.2667
1	1.0831	0.0062	-0.0497	0.0204	-0.0156	-0.5629	10.2148	2.0778	-0.3395
2	0.0625	-1.0241	-0.3291	0.0285	0.4173	0.0442	0.4017	-3.6246	8.4696
0	-0.0897	0.9038	-0.0965	0.0268	-0.6707	0.1063	-0.9562	-3.9893	-8.0926
1	1.0524	0.0019	-0.0525	0.0124	-0.0661	-0.6892	9.8702	2.2752	-0.2849
2	0.0610	-1.0018	-0.3347	0.0372	0.6035	0.0021	0.3953	-3.1811	8.4901
0	-0.0849	0.8723	-0.0939	0.0161	-0.6243	0.1465	-0.8790	-3.8799	-7.6105
1	1.0203	-0.0038	-0.0541	-0.0318	-0.0769	-0.6799	9.6192	2.1317	-0.3076
2	0.0575	-0.9709	-0.3394	0.0657	0.6339	-0.0277	0.3473	-3.1296	8.2081
0	-0.0795	0.8410	-0.0893	0.0475	-0.5638	0.1581	-0.7813	-3.7076	-7.5519
1	0.9936	-0.0096	-0.0546	0.0044	-0.1019	-0.5096	9.6185	2.1324	-0.1920
2	0.0527	-0.9370	-0.3424	0.0392	0.6439	-0.0816	0.3514	-3.0175	7.9276
0	-0.0753	0.8204	-0.0891	0.0574	-0.5146	0.0134	-0.6204	-4.0686	-7.3864
1	0.9722	-0.0125	-0.0588	0.1134	0.0902	-0.5378	9.4102	1.9779	-0.2114
2	0.0475	-0.9129	-0.3460	0.1016	0.5010	0.0091	0.1645	-3.2806	7.7849
0	-0.0742	0.7972	-0.0954	0.1272	-0.4973	-0.1193	-0.7403	-3.3627	-7.1311
1	0.9511	-0.0118	-0.0679	0.1597	0.0716	-0.3372	9.2187	2.0107	-0.1385
2	0.0462	-0.8893	-0.3557	0.1523	0.5475	0.1811	0.0441	-3.2773	7.6902
0	-0.0735	0.7811	-0.1030	0.0357	-0.3132	-0.0707	-0.7671	-3.3548	-7.0152
1	0.9376	-0.0111	-0.0744	0.0852	0.0961	-0.4191	8.7857	2.1688	-0.2824
2	0.0460	-0.8715	-0.3686	0.1078	0.2625	0.1335	0.2730	-2.8873	7.1142
0	-0.0743	0.7612	-0.1070	0.0508	-0.5813	-0.0510	-0.8840	-2.9523	-7.3296
1	0.9136	-0.0099	-0.0805	0.1077	0.0519	-0.5807	8.6941	2.5843	-0.1929
2	0.0477	-0.8546	-0.3777	0.0648	0.5320	0.1485	0.2842	-2.4334	7.2751
0	-0.0724	0.7365	-0.1101	0.0540	-0.5223	0.0149	-0.7781	-2.8212	-6.7899
1	0.8897	-0.0114	-0.0857	0.0777	0.0009	-0.5862	8.4319	2.5217	-0.2167
2	0.0482	-0.8299	-0.3867	0.0900	0.5198	0.0603	0.2716	-2.1031	7.3332
0	-0.0697	0.7093	-0.1115	0.0337	-0.7056	0.0521	-0.7173	-2.6078	-6.5715
1	0.8573	-0.0135	-0.0901	0.0485	0.0062	-0.7129	7.8805	2.5927	-0.1860
2	0.0467	-0.8053	-0.3937	0.0752	0.6507	0.0418	0.2530	-1.9336	6.9653
0	-0.0682	0.6796	-0.1132	0.0419	-0.5832	-0.0794	-0.3608	-2.8143	-6.1116
1	0.8287	-0.0127	-0.0962	0.1746	0.1514	-0.6149	7.8299	2.3068	-0.0797
2	0.0459	-0.7725	-0.4006	0.0743	0.6421	0.0978	0.1166	-2.0325	6.6093
0	-0.0729	0.6488	-0.1220	0.0473	-0.7193	-0.2381	-0.5928	-2.6919	-6.3556
1	0.7969	-0.0050	-0.1083	0.2554	0.2898	-0.7204	7.5824	2.4661	-0.1364
2	0.0496	-0.7480	-0.4107	0.1016	0.6272	0.2847	-0.0219	-2.1454	6.4321
0	-0.0812	0.6180	-0.1349	0.1185	-0.6295	-0.3412	-0.9599	-2.0054	-5.5981
1	0.7694	0.0052	-0.1233	0.2559	0.2452	-0.4898	7.5038	2.2461	-0.3742
2	0.0592	-0.7142	-0.4272	0.1693	0.7208	0.4311	0.0491	-2.0597	6.4750
0	-0.0876	0.5997	-0.1433	-0.0126	-0.2569	-0.1452	-0.9969	-2.1713	-5.5701
1	0.7572	0.0116	-0.1300	0.1069	0.1457	-0.1675	7.3657	2.2022	-0.5059
2	0.0691	-0.6887	-0.4442	0.0326	0.3141	0.2185	0.7387	-1.6276	5.5473
0	-0.0928	0.5939	-0.1508	0.0525	-0.1118	-0.2015	-0.9270	-2.1523	-5.8278
1	0.7520	0.0176	-0.1390	0.1649	0.1772	-0.2397	7.0395	2.5559	-0.4681
2	0.0751	-0.6802	-0.4525	0.0944	0.0493	0.2211	0.4795	-1.9169	5.8672
0	-0.0970	0.5829	-0.1568	0.0027	-0.3407	-0.0606	-1.2146	-1.2562	-5.6122
1	0.7390	0.0214	-0.1450	0.0317	0.0846	-0.3785	6.5637	3.0146	-0.5821
2	0.0811	-0.6740	-0.4624	0.0650	0.2717	0.1855	0.5529	-1.0497	5.9980
0	-0.0981	0.5647	-0.1564	-0.0241	-0.4642	0.0330	-1.1203	-1.2531	-5.8334
1	0.7170	0.0221	-0.1469	0.0030	0.0042	-0.4868	6.4210	3.0913	-0.4378
2	0.0845	-0.6581	-0.4673	-0.0269	0.4139	0.0753	0.7125	-0.5652	5.6989
0	-0.0962	0.5440	-0.1556	-0.0031	-0.4683	0.0788	-1.1301	-1.3547	-5.2855
1	0.6955	0.0199	-0.1480	-0.0550	-0.0235	-0.5310	6.2701	2.8837	-0.5583
2	0.0851	-0.6381	-0.4700	0.0318	0.4521	0.0122	0.4737	-0.6755	5.7347
0	-0.0934	0.5197	-0.1523	-0.0467	-0.5760	0.1030	-0.9626	-1.5844	-5.2051
1	0.6697	0.0178	-0.1473	-0.0561	-0.0150	-0.5869	6.1176	2.6780	-0.5547
2	0.0838	-0.6163	-0.4713	-0.0305	0.5490	-0.0303	0.6599	-0.7600	5.3732
0	-0.0910	0.4937	-0.1493	-0.0311	-0.5463	0.0585	-0.8512	-1.7204	-5.0819
1	0.6452	0.0165	-0.1475	-0.0235	0.0202	-0.5715	6.1100	2.5178	-0.4668
2	0.0828	-0.5889	-0.4716	-0.0123	0.5309	-0.0010	0.5043	-1.0112	5.2241
0	-0.0890	0.4694	-0.1475	-0.0191	-0.4913	0.0940	-0.9218	-1.2174	-4.6149
1	0.6198	0.0145	-0.1482	-0.0360	-0.0181	-0.5066	5.8766	2.4899	-0.4629
2	0.0829	-0.5648	-0.4731	0.0090	0.5367	0.0043	0.4828	-1.0114	5.1299
0	-0.0867	0.4445	-0.1459	0.0172	-0.5473	0.0197	-0.7997	-1.7154	-4.8929
1	0.5965	0.0135	-0.1503	0.0656	0.0197	-0.5180	5.8009	2.3805	-0.3702
2	0.0818	-0.5404	-0.4742	0.0090	0.5367	0.0177	0.4761	-0.9153	4.8615
0	-0.0871	0.4277	-0.1507	0.0783	-0.1754	-0.0935	-0.7185	-1.2084	-3.5160
1	0.5835	0.0155	-0.1575	0.0885	0.1218	-0.2107	5.5981	1.9065	-0.4658
2	0.0826	-0.5185	-0.4789	0.1373	0.3818	0.1284	0.2722	-1.3616	4.8085
0	-0.0915	0.4115	-0.1529	-0.0519	-0.7281	-0.0681	-1.1883	-1.0854	-5.0776
1	0.5577	0.0212	-0.1623	0.0223	0.0939	-0.8865	4.6687	3.1566	-0.5699
2	0.0866	-0.5084	-0.4856	0.0007	0.3011	0.1724	0.5126	-1.2223	4.0942
0	-0.0919	0.3757	-0.1516	0.0000	-0.6303	0.0757	-0.9878	-0.1552	-3.9127
1	0.5264	0.0207	-0.1641	-0.0222	-0.0271	-0.5497	5.0923	2.8117	-0.3940
2	0.0921	-0.4762	-0.4884	0.0003	0.8022	0.0573	0.6270	0.2867	4.5715
0	-0.0893	0.3575	-0.1530	0.0711	-0.2378	-0.0047	-0.7576	-0.9587	-3.2716
1	0.5130	0.0196	-0.1678	0.0804	0.0309	-0.0969	4.8670	2.0281	-0.4182
2	0.0917	-0.4505	-0.4907	0.0728	0.3488	0.0198	0.4073	-0.5337	4.0299
0	-0.0910	0.3568	-0.1573	0.0465	0.1705	-0.0689	-0.9637	-0.6752	-3.1494
1	0.5171	0.0218	-0.1722	0.0411	0.0426	0.2686	4.6726	1.7955	-0.5152
2	0.0929	-0.4429	-0.4961	0.0458	-0.0609	0.1119	0.5027	-1.1271	3.3210
0	-0.0936	0.3711	-0.1594	-0.0664	0.2225	-0.0799	-0.9307	-1.4129	-3.8877
1	0.5288	0.0253	-0.1727	-0.0314	0.1603	-0.1187	4.5128	2.3028	-0.7288
2	0.0955	-0.4537	-0.4995	-0.0080	-0.3689	0.0684	0.6497	-0.9044	3.3610
0	-0.0987	0.3630	-0.1568	-0.1047	-0.4776	-0.0087	-1.2220	-0.3904	-4.6335
1	0.5115	0.0300	-0.1719	-0.0575	0.0587	-0.4684	4.4655	3.1381	-0.6109
2	0.1013	-0.4563	-0.4988	-0.1024	0.3249	0.1422	0.8125	-0.0076	4.1056
0	-0.0987	0.3442	-0.1558	0.0300	-0.2459	-0.0197	-0.7957	-0.8610	-3.6648
1	0.4968	0.0309	-0.1742	0.0778	0.0709	-0.1549	4.8019	2.2710	-0.4261
2	0.1054	-0.4356	-0.4979	0.0087	0.3505	0.0385	0.5914	0.2456	4.4192
0	-0.1005	0.3367	-0.1588	-0.0032	-0.2617	-0.0115	-1.1717	-0.2709	-3.6622
1	0.4848	0.0331	-0.1776	-0.0215	0.0305	-0.4780	3.9201	2.6415	-0.6552
2	0.1079	-0.4264	-0.5018	0.0354	0.1130	0.1120	0.5368	-0.6497	3.5333
0	-0.0989	0.3128	-0.1567	-0.0415	-0.5934	0.0693	-0.9476	-0.5957	-3.3446
1	0.4593	0.0324	-0.1777	-0.0503	0.0156	-0.5732	3.9133	2.6267	-0.6576
2	0.1097	-0.4093	-0.5030	-0.0217	0.5798	0.0001	0.8415	0.5100	3.5284
0	-0.0983	0.2931	-0.1555	-0.0621	-0.2831	0.0195	-0.9407	-0.1971	-2.5736
1	0.4405	0.0332	-0.1777	-0.0864	0.0538	-0.3259	3.9252	2.1209	-0.6792
2	0.1104	-0.3852	-0.5034	-0.0015	0.3874	0.0545	0.7012	-0.4250	3.2720
0	-0.0975	0.2754	-0.1520	-0.0523	-0.6038	0.0560	-1.0222	-0.7527	-3.7390
1	0.4164	0.0336	-0.1775	-0.0136	0.0284	-0.6839	3.6944	2.5983	-0.5768
2	0.1122	-0.3687	-0.5020	-0.0604	0.4550	0.0203	0.7269	0.0876	3.1534
0	-0.0958	0.2470	-0.1511	0.0038	-0.3993	0.0679	-1.0548	-0.0048	-2.4526
1	0.3929	0.0326	-0.1793	-0.0350	-0.0232	-0.3428	3.8588	2.1706	-0.5850
2	0.1134	-0.3418	-0.5021	0.0217	0.5596	0.0337	0.5980	0.0799	3.4503
0	-0.0932	0.2308	-0.1496	-0.0210	-0.4205	0.0702	-0.9166	-0.5485	-2.8525
1	0.3749	0.0311	-0.1798	-0.0036	0.0061	-0.4610	3.3352	2.1098	-0.5943
2	0.1125	-0.3240	-0.5028	-0.0119	0.3358	-0.0116	0.7273	-0.2041	2.7433
0	-0.0922	0.2128	-0.1502	0.0333	-0.3204	-0.0204	-0.8190	-0.3911	-2.0666
1	0.3582	0.0324	-0.1834	0.0363	0.0625	-0.3256	3.2527	1.8515	-0.6000
2	0.1125	-0.3067	-0.5035	0.0476	0.4100	0.0528	0.6073	-0.1234	2.6901
0	-0.0934	0.1930	-0.1493	-0.0980	-0.6432	0.0623	-1.0249	0.1149	-2.6537
1	0.3319	0.0339	-0.1844	-0.0803	-0.0007	-0.7292	2.6378	2.4512	-0.6803
2	0.1154	-0.2899	-0.5054	-0.0276	0.4356	0.0671	0.8065	0.0624	2.2121
0	-0.0896	0.1646	-0.1459	-0.0065	-0.4511	0.1395	-0.9760	0.3384	-1.7367
1	0.3080	0.0301	-0.1834	-0.0399	-0.0629	-0.2402	3.0765	1.8391	-0.5120
2	0.1159	-0.2604	-0.5035	-0.0244	0.6574	-0.0381	0.7822	0.6838	2.4300
0	-0.0873	0.1577	-0.1468	0.0470	0.0653	-0.0716	-0.5442	-0.9193	-1.4095
1	0.3074	0.0309	-0.1863	0.0896	0.0866	0.0749	3.0216	1.1082	-0.5117
2	0.1132	-0.2431	-0.5039	0.0441	0.0700	0.0123	0.5501	-0.4703	1.8840
0	-0.0920	0.1622	-0.1501	0.0409	0.1613	-0.1323	-0.8945	-0.3054	-1.9051
1	0.3157	0.0364	-0.1923	0.1262	0.0689	0.3199	3.0781	1.5970	-0.5407
2	0.1172	-0.2458	-0.5068	0.0466	-0.1135	0.1443	0.5842	-0.6414	1.7196
0	-0.0977	0.1769	-0.1556	0.0484	0.2650	-0.1279	-0.9493	-0.2623	-2.2408
1	0.3295	0.0406	-0.1979	0.0853	0.0867	0.0622	2.6202	2.2206	-0.6924
2	0.1227	-0.2579	-0.5113	0.0911	-0.3764	0.1240	0.6713	-0.2763	2.0832
0	-0.1009	0.1760	-0.1578	0.0228	-0.1634	-0.0102	-1.1877	0.4859	-2.2160
1	0.3243	0.0431	-0.2015	0.0019	0.0053	-0.0678	2.5344	2.4185	-0.6704
2	0.1274	-0.2645	-0.5146	0.0272	0.1525	0.0942	0.8210	0.9086	2.3882
0	-0.1003	0.1732	-0.1591	0.0155	-0.0188	0.0005	-0.9253	-0.1956	-1.7082
1	0.3225	0.0431	-0.2028	-0.0083	0.0319	-0.0768	2.5203	1.7941	-0.7006
2	0.1287	-0.2598	-0.5164	0.0313	0.0081	0.0224	0.8190	0.4705	2.0288
0	-0.1006	0.1682	-0.1582	-0.0359	-0.1336	0.0322	-1.1828	0.1159	-1.9706
1	0.3164	0.0431	-0.2022	-0.0679	-0.0026	-0.0497	2.6173	1.8901	-0.7446
2	0.1298	-0.2572	-0.5168	-0.0300	0.1307	0.0410	0.8420	0.1398	1.7536
0	-0.0988	0.1664	-0.1566	-0.0379	-0.0036	0.0433	-0.9032	-0.4041	-1.9332
1	0.3150	0.0414	-0.2001	-0.0717	0.0256	-0.1423	2.7086	1.8429	-0.6996
2	0.1296	-0.2533	-0.5152	-0.0270	-0.0209	-0.0202	0.8762	0.1094	1.9142
0	-0.0974	0.1585	-0.1541	-0.0280	-0.2949	0.0556	-0.9783	-0.2662	-2.4378
1	0.3038	0.0406	-0.1993	-0.0176	0.0000	-0.2372	2.8641	1.9683	-0.5430
2	0.1292	-0.2504	-0.5134	-0.0532	0.2382	0.0043	0.7543	0.1792	2.0875
0	-0.0958	0.1532	-0.1547	0.0312	0.0484	0.0089	-0.7518	-0.3266	-1.5274
1	0.3021	0.0406	-0.2008	0.0080	0.0635	-0.0684	2.7699	1.5326	-0.5687
2	0.1290	-0.2402	-0.5131	0.0377	0.0019	0.0099	0.5906	-0.2755	2.0000
0	-0.0969	0.1479	-0.1544	-0.0277	-0.3513	0.0102	-1.0466	-0.0317	-2.3689
1	0.2889	0.0427	-0.2025	-0.0117	0.0332	-0.4180	2.2929	2.0280	-0.6110
2	0.1306	-0.2386	-0.5137	-0.0306	0.2409	0.0782	0.6930	-0.0200	1.7112
0	-0.0957	0.1325	-0.1529	-0.0588	-0.2483	0.0742	-0.9817	0.2675	-1.1713
1	0.2726	0.0422	-0.2014	-0.1071	0.0401	-0.3866	2.2433	1.8281	-0.7500
2	0.1322	-0.2237	-0.5133	-0.0204	0.3189	0.0152	0.8164	0.4549	1.8113
0	-0.0931	0.1116	-0.1477	-0.1184	-0.6676	0.1051	-0.9545	0.0568	-1.9966
1	0.2490	0.0414	-0.1989	-0.1199	0.0035	-0.7453	1.9321	2.1502	-0.6063
2	0.1321	-0.2091	-0.5102	-0.0971	0.4593	0.0026	0.8710	0.4113	1.5200
0	-0.0879	0.0836	-0.1426	-0.0608	-0.4191	0.1749	-0.9422	0.3870	-0.9745
1	0.2220	0.0363	-0.1948	-0.1290	-0.0332	-0.4542	2.1685	1.6605	-0.5723
2	0.1307	-0.1803	-0.5061	-0.0725	0.6043	-0.0729	0.7444	0.6723	1.7237
0	-0.0818	0.0592	-0.1379	-0.0952	-0.6144	0.1531	-0.8179	0.1589	-1.2087
1	0.1947	0.0317	-0.1907	-0.1083	-0.0587	-0.5303	1.8060	1.5233	-0.4832
2	0.1266	-0.1579	-0.5026	-0.0785	0.5165	-0.0485	0.6814	0.1352	1.2365
0	-0.0755	0.0391	-0.1352	-0.0204	-0.2090	0.1172	-0.6556	-0.0048	-0.3655
1	0.1798	0.0263	-0.1884	-0.0746	-0.0415	-0.1999	1.8399	1.1226	-0.4905
2	0.1230	-0.1316	-0.4995	-0.0063	0.3292	-0.0804	0.5865	0.0645	1.0518
0	-0.0715	0.0278	-0.1333	-0.0269	-0.3376	0.0789	-0.5790	-0.3125	-0.8527
1	0.1666	0.0234	-0.1871	-0.0285	-0.0155	-0.2684	1.5404	1.1042	-0.3606
2	0.1198	-0.1207	-0.4984	-0.0318	0.2863	-0.0397	0.5708	0.0473	0.6260
0	-0.0698	0.0189	-0.1333	0.0116	-0.0025	0.0033	-0.5708	-0.0734	-0.1664
1	0.1628	0.0231	-0.1886	0.0110	0.0350	-0.0580	1.5173	0.9379	-0.4474
2	0.1187	-0.1084	-0.4979	0.0237	0.1408	0.0052	0.4408	-0.1675	0.6774
0	-0.0706	0.0127	-0.1330	-0.0358	-0.3268	0.0081	-0.7509	0.2263	-0.8218
1	0.1516	0.0249	-0.1903	-0.0254	0.0255	-0.3738	1.0660	1.4580	-0.4841
2	0.1199	-0.1054	-0.4982	-0.0068	0.2228	0.0648	0.5586	0.0639	0.4938
0	-0.0685	-0.0007	-0.1318	-0.0092	-0.1676	0.0876	-0.7109	0.4734	-0.1484
1	0.1406	0.0233	-0.1900	-0.0316	-0.0070	-0.2083	1.2045	1.1657	-0.4201
2	0.1210	-0.0911	-0.4972	-0.0071	0.2533	-0.0167	0.6395	0.5607	0.5622
0	-0.0658	-0.0139	-0.1308	-0.0485	-0.4489	0.0821	-0.6471	0.2073	-0.3351
1	0.1223	0.0217	-0.1893	-0.0596	-0.0063	-0.4386	0.9408	1.1364	-0.4083
2	0.1198	-0.0817	-0.4966	-0.0188	0.3649	0.0079	0.5502	0.2750	0.3148
0	-0.0631	-0.0301	-0.1295	-0.0125	-0.2107	0.0620	-0.6438	0.1704	0.2810
1	0.1087	0.0204	-0.1889	-0.0400	0.0262	-0.2812	1.1262	0.8042	-0.4420
2	0.1192	-0.0625	-0.4951	-0.0004	0.3276	-0.0022	0.5218	0.1602	0.2578
0	-0.0618	-0.0457	-0.1278	-0.0299	-0.4004	0.0233	-0.5605	0.1115	-0.1643
1	0.0912	0.0213	-0.1897	0.0015	0.0254	-0.3555	0.9501	0.9053	-0.3178
2	0.1193	-0.0493	-0.4938	-0.0346	0.3840	0.0404	0.5380	0.0351	0.0280
0	-0.0615	-0.0559	-0.1287	0.0357	-0.0144	0.0299	-0.6725	0.5269	0.6392
1	0.0864	0.0214	-0.1920	-0.0071	0.0066	-0.0359	0.9258	0.6585	-0.4135
2	0.1206	-0.0337	-0.4933	0.0488	0.1825	0.0334	0.4155	-0.0825	0.0531
0	-0.0607	-0.0609	-0.1285	-0.0341	-0.2891	0.0280	-0.5549	0.0651	0.1370
1	0.0762	0.0217	-0.1921	-0.0358	0.0359	-0.3185	0.4259	0.8512	-0.4198
2	0.1211	-0.0301	-0.4938	-0.0158	0.2164	0.0324	0.5918	0.1600	-0.3973
0	-0.0595	-0.0704	-0.1278	0.0323	0.0076	0.0445	-0.6010	0.4264	0.4716
1	0.0718	0.0207	-0.1928	0.0301	-0.0284	0.1096	0.9832	0.5830	-0.2901
2	0.1219	-0.0182	-0.4924	-0.0005	0.1707	0.0079	0.5206	0.2269	-0.2760
0	-0.0602	-0.0683	-0.1294	-0.0272	-0.1771	-0.0205	-0.6000	-0.0687	0.1080
1	0.0693	0.0225	-0.1951	-0.0306	0.0450	-0.2472	0.3261	0.9488	-0.4835
2	0.1222	-0.0200	-0.4937	0.0359	-0.0647	0.0499	0.4514	-0.2632	-0.3598
0	-0.0597	-0.0771	-0.1283	0.0112	-0.0636	0.0580	-0.7124	0.6032	0.4746
1	0.0638	0.0215	-0.1951	0.0034	-0.0183	0.0359	0.6865	0.8156	-0.3653
2	0.1240	-0.0124	-0.4923	-0.0190	0.2016	0.0186	0.6401	0.5697	-0.2639
0	-0.0590	-0.0764	-0.1297	0.0153	-0.0244	0.0016	-0.3639	-0.1322	0.5380
1	0.0637	0.0219	-0.1969	-0.0142	0.0377	-0.1072	0.4260	0.5511	-0.3118
2	0.1237	-0.0112	-0.4927	0.0441	-0.0459	0.0229	0.4894	0.0776	-0.3583
0	-0.0593	-0.0804	-0.1290	-0.0048	-0.0007	-0.0116	-0.5590	0.2494	0.4668
1	0.0610	0.0231	-0.1976	0.0224	0.0292	0.0481	0.6339	0.5817	-0.3335
2	0.1250	-0.0088	-0.4924	-0.0162	0.0904	0.0452	0.4778	0.0897	-0.5418
0	-0.0603	-0.0783	-0.1300	0.0138	-0.0186	0.0024	-0.5967	0.2021	0.2757
1	0.0613	0.0242	-0.1997	-0.0223	0.0202	-0.1402	0.4246	0.8330	-0.3787
2	0.1268	-0.0094	-0.4923	0.0395	-0.0735	0.0452	0.4583	0.0208	-0.3526
0	-0.0595	-0.0840	-0.1297	-0.0034	-0.1480	0.0587	-0.6409	0.4854	0.3701
1	0.0549	0.0228	-0.1993	-0.0308	-0.0284	-0.0718	0.5210	0.7818	-0.3487
2	0.1276	-0.0053	-0.4918	-0.0097	0.1771	0.0112	0.5741	0.4596	-0.3622
0	-0.0580	-0.0850	-0.1303	0.0098	0.0167	0.0021	-0.4082	-0.2147	0.5275
1	0.0546	0.0228	-0.2001	0.0105	0.0448	-0.0939	0.5520	0.4757	-0.3139
2	0.1268	-0.0013	-0.4917	0.0157	-0.0389	0.0144	0.4828	-0.0058	-0.4987
0	-0.0587	-0.0904	-0.1305	0.0079	-0.1537	0.0029	-0.6606	0.3629	0.4483
1	0.0480	0.0249	-0.2022	0.0090	0.0136	-0.0840	0.5028	0.6663	-0.3587
2	0.1284	0.0010	-0.4913	-0.0013	0.1572	0.0677	0.4375	0.0516	-0.4731
0	-0.0587	-0.0910	-0.1318	0.0081	0.0270	0.0029	-0.4346	-0.0390	0.7049
1	0.0484	0.0256	-0.2040	-0.0109	0.0598	-0.1338	0.3773	0.5335	-0.4130
2	0.1300	0.0054	-0.4912	0.0436	-0.0393	0.0203	0.5269	0.0599	-0.5359
0	-0.0594	-0.1002	-0.1309	-0.0175	-0.3447	0.0024	-0.6705	0.4011	0.2990
1	0.0348	0.0286	-0.2055	-0.0035	0.0279	-0.2365	0.2708	0.8279	-0.3692
2	0.1316	0.0078	-0.4905	-0.0309	0.2533	0.0835	0.5569	0.2867	-0.6092
0	-0.0587	-0.1057	-0.1319	0.0411	0.0439	0.0351	-0.4982	0.2488	0.9132
1	0.0325	0.0285	-0.2075	-0.0008	0.0131	-0.0891	0.3229	0.4575	-0.3732
2	0.1338	0.0199	-0.4895	0.0484	0.0053	0.0037	0.5170	0.2375	-0.4868
0	-0.0583	-0.1161	-0.1317	-0.0466	-0.5503	0.0168	-0.5133	0.1183	0.3515
1	0.0132	0.0303	-0.2085	-0.0393	0.0094	-0.5840	-0.1773	0.8505	-0.3809
2	0.1343	0.0222	-0.4899	-0.0194	0.3025	0.0608	0.5462	0.2239	-0.7179
0	-0.0552	-0.1370	-0.1314	0.0344	-0.2275	0.1177	-0.5548	0.5278	1.2365
1	-0.0015	0.0270	-0.2084	-0.0163	-0.0685	-0.1115	0.3270	0.3184	-0.2973
2	0.1353	0.0448	-0.4880	0.0055	0.4416	-0.0324	0.5527	0.6555	-0.6123
0	-0.0535	-0.1414	-0.1324	-0.0335	-0.1782	-0.0116	-0.3025	-0.5467	1.1093
1	-0.0083	0.0277	-0.2096	-0.0195	0.0862	-0.4042	-0.1987	0.0859	-0.4095
2	0.1331	0.0525	-0.4893	0.0271	0.0143	-0.0026	0.4616	-0.4167	-1.1590
0	-0.0538	-0.1588	-0.1303	0.0017	-0.2537	0.0384	-0.6339	0.6524	1.1515
1	-0.0232	0.0295	-0.2111	0.0213	-0.0043	-0.1600	0.2254	0.2740	-0.2706
2	0.1354	0.0657	-0.4870	-0.0271	0.4122	0.0596	0.5207	0.2466	-1.0061
0	-0.0548	-0.1591	-0.1331	0.1016	0.2458	-0.0837	-0.2438	-0.3580	1.6062
1	-0.0167	0.0339	-0.2179	0.1441	0.0612	0.2578	0.4615	-0.3695	-0.2393
2	0.1366	0.0742	-0.4871	0.0980	-0.1022	0.0581	0.3905	-0.3950	-1.0356
0	-0.0612	-0.1526	-0.1360	0.0591	-0.0018	-0.1682	-0.6241	0.0724	0.9676
1	-0.0127	0.0444	-0.2277	0.0993	0.0802	-0.0024	-0.1858	0.1715	-0.4207
2	0.1421	0.0654	-0.4897	0.0871	-0.0980	0.2012	0.3571	-0.7424	-1.2541
0	-0.0650	-0.1499	-0.1380	0.0496	0.1812	-0.0163	-0.7251	0.6324	1.3384
1	-0.0076	0.0474	-0.2317	0.0326	0.0093	0.1343	-0.1797	0.3923	-0.5170
2	0.1484	0.0643	-0.4906	0.0489	-0.0717	0.0829	0.7073	0.3878	-1.1832
0	-0.0651	-0.1518	-0.1376	-0.0900	-0.3131	0.0677	-0.6945	0.5505	1.2290
1	-0.0187	0.0462	-0.2295	-0.1371	0.0263	-0.3594	-0.7133	0.6370	-0.5871
2	0.1503	0.0601	-0.4911	-0.0341	0.1814	0.0267	0.7999	0.7137	-1.2391
0	-0.0608	-0.1645	-0.1343	-0.0322	-0.1135	0.1088	-0.5603	0.2928	1.4205
1	-0.0272	0.0414	-0.2251	-0.0611	-0.0202	-0.0216	0.0373	0.0691	-0.3684
2	0.1486	0.0749	-0.4867	-0.0572	0.2229	-0.0541	0.7216	0.6044	-1.2362
0	-0.0587	-0.1666	-0.1334	-0.0354	-0.1336	0.0176	-0.4511	-0.3400	1.0545
1	-0.0311	0.0402	-0.2242	-0.0324	0.0333	-0.2493	-0.1021	0.0194	-0.3817
2	0.1462	0.0781	-0.4851	-0.0175	0.0165	0.0017	0.4696	-0.3930	-1.2611
0	-0.0577	-0.1763	-0.1326	0.0199	-0.0651	0.0512	-0.5702	0.4221	1.4565
1	-0.0371	0.0396	-0.2250	0.0181	-0.0156	0.0525	0.1315	-0.0214	-0.3114
2	0.1466	0.0866	-0.4829	-0.0039	0.2192	0.0209	0.5035	-0.0100	-1.1051
0	-0.0585	-0.1733	-0.1342	0.0333	0.1084	-0.0650	-0.3573	-0.2378	1.5252
1	-0.0323	0.0429	-0.2288	0.0329	0.0558	0.0557	-0.0817	-0.2356	-0.3296
2	0.1468	0.0880	-0.4833	0.0512	-0.1299	0.0608	0.4406	-0.4593	-1.3196
0	-0.0607	-0.1704	-0.1348	0.0170	0.0914	-0.0102	-0.6627	0.4281	1.4509
1	-0.0288	0.0448	-0.2307	0.0105	0.0250	0.1323	-0.2905	0.1252	-0.4207
2	0.1500	0.0842	-0.4832	0.0095	-0.0548	0.0597	0.5493	-0.0669	-1.4607
0	-0.0619	-0.1649	-0.1351	-0.0223	0.0609	-0.0251	-0.5219	0.0299	1.2419
1	-0.0252	0.0462	-0.2312	-0.0445	0.0548	-0.0983	-0.4871	0.3496	-0.4637
2	0.1514	0.0796	-0.4827	0.0072	-0.1612	0.0481	0.6090	0.0822	-1.4266
0	-0.0619	-0.1698	-0.1332	-0.0254	-0.1551	0.0336	-0.6357	0.4362	1.0399
1	-0.0315	0.0462	-0.2304	-0.0221	-0.0036	-0.0949	-0.1242	0.3959	-0.3525
2	0.1529	0.0795	-0.4804	-0.0426	0.1693	0.0354	0.6146	0.4722	-1.1894
0	-0.0604	-0.1719	-0.1333	-0.0049	0.0169	0.0357	-0.4348	-0.1216	1.4673
1	-0.0323	0.0447	-0.2301	-0.0152	0.0204	-0.0385	-0.1533	-0.0811	-0.3946
2	0.1526	0.0836	-0.4794	0.0033	-0.0097	-0.0155	0.5596	0.0664	-1.1986
0	-0.0607	-0.1729	-0.1331	0.0112	0.0230	-0.0277	-0.4678	-0.0180	1.3892
1	-0.0316	0.0464	-0.2320	0.0358	0.0199	0.1392	0.0103	-0.1504	-0.3426
2	0.1526	0.0842	-0.4785	0.0018	0.0335	0.0486	0.5062	-0.2477	-1.3580
0	-0.0629	-0.1643	-0.1347	0.0352	0.2607	-0.0567	-0.4416	-0.1627	1.4055
1	-0.0204	0.0488	-0.2348	0.0453	0.0614	0.2525	-0.0604	-0.0880	-0.4127
2	0.1547	0.0799	-0.4784	0.0388	-0.2416	0.0435	0.5186	-0.3227	-1.3688
0	-0.0666	-0.1553	-0.1351	0.0053	0.0917	-0.0638	-0.7122	0.2503	0.8411
1	-0.0144	0.0525	-0.2374	0.0138	0.0424	0.0173	-0.2647	0.3692	-0.4783
2	0.1573	0.0696	-0.4784	0.0115	-0.1974	0.0965	0.5701	-0.1620	-1.3163
