   0.0000000e+00   0.0000000e+00   0.0000000e+00   0.0000000e+00   0.0000000e+00   0.0000000e+00   0.0000000e+00   0.0000000e+00   0.0000000e+00   0.0000000e+00
   0.0000000e+00   1.4000000e-03  -2.1400000e-02   3.1800000e-02   2.8700000e-02  -3.9700000e-02  -5.4000000e-03   7.5400000e-02   1.1870000e-01  -2.3980000e-01
   0.0000000e+00   1.6000000e-03  -2.1600000e-02   3.1400000e-02  -3.4700000e-02   1.0800000e-02   5.3900000e-02   9.7400000e-02   6.0310000e-01   5.0090000e-01
   0.0000000e+00   3.3000000e-03  -1.9600000e-02   3.2000000e-02   2.7300000e-02   8.9800000e-02  -6.7000000e-03   1.0570000e-01   3.8850000e-01  -4.3300000e-02
   0.0000000e+00   4.6000000e-03  -1.4900000e-02   3.0600000e-02   4.0500000e-02   7.4400000e-02   1.0700000e-01  -4.2240000e-01   4.9780000e-01  -1.5800000e-01
   0.0000000e+00   9.8000000e-03  -1.3700000e-02   3.0600000e-02  -2.1800000e-02   9.5000000e-03   8.2600000e-02   3.5230000e-01  -4.8040000e-01   1.3670000e-01
   0.0000000e+00   9.8000000e-03  -9.0000000e-03   3.1200000e-02   4.3300000e-02   2.5070000e-01  -4.0900000e-02   2.7570000e-01   3.0480000e-01  -6.1300000e-02
   0.0000000e+00   5.4000000e-03   1.3400000e-02   2.5000000e-02   2.2590000e-01   6.4460000e-01  -1.0270000e-01  -1.7830000e-01   7.0690000e-01  -1.9220000e-01
   0.0000000e+00   3.3000000e-03   4.4900000e-02   1.2700000e-02   3.1840000e-01   6.0460000e-01  -3.7300000e-02   5.8740000e-01  -5.7140000e-01  -8.1850000e-01
   0.0000000e+00   1.0000000e-04   6.1500000e-02   1.9000000e-03   1.1890000e-01  -1.0100000e-02  -1.8070000e-01   6.0650000e-01  -1.2786000e+00  -1.2211000e+00
   0.0000000e+00  -6.7000000e-03   2.8300000e-02  -1.9000000e-03   4.1100000e-02  -1.6410000e+00  -8.7200000e-02   5.4000000e-02  -1.2958000e+00  -1.9213000e+00
   0.0000000e+00  -7.1000000e-03  -8.4300000e-02  -3.5000000e-03  -6.3800000e-02  -3.8126000e+00   1.5900000e-02   5.9550000e-01  -2.4955000e+00  -2.0850000e-01
   0.0000000e+00  -3.9000000e-03  -3.1870000e-01   1.5400000e-02  -6.6820000e-01  -6.6309000e+00   1.1360000e-01  -1.0054000e+00  -1.3564000e+00   2.1563000e+00
   0.0000000e+00   2.5800000e-02  -6.4980000e-01   2.5500000e-02  -3.7040000e-01  -8.0745000e+00   7.6920000e-01   2.1620000e-01  -3.6265000e+00   6.1066000e+00
   0.0000000e+00   4.8700000e-02  -9.8470000e-01   9.1000000e-03   5.3390000e-01  -6.1911000e+00   4.3130000e-01  -4.6300000e-01  -3.6653000e+00   6.7863000e+00
   0.0000000e+00   7.7000000e-03  -1.1931000e+00  -4.5900000e-02   1.5591000e+00  -3.0818000e+00   1.0520000e+00  -1.4564000e+00  -3.5253000e+00   9.8044000e+00
   0.0000000e+00  -3.1300000e-02  -1.2783000e+00  -1.1260000e-01   9.5000000e-01  -1.1913000e+00   8.8070000e-01   2.2000000e-03  -7.8527000e+00   1.3212300e+01
   0.0000000e+00  -5.2400000e-02  -1.2857000e+00  -1.3110000e-01   4.5010000e-01   5.2750000e-01   4.3800000e-02  -7.3130000e-01  -5.3897000e+00   1.0349500e+01
   0.0000000e+00  -6.3900000e-02  -1.2290000e+00  -1.5120000e-01   2.1020000e-01   1.3620000e+00   5.2560000e-01  -7.1750000e-01  -6.2790000e+00   9.5218000e+00
   0.0000000e+00  -5.5400000e-02  -1.1564000e+00  -1.6850000e-01  -3.7710000e-01   2.5930000e+00   2.6110000e-01  -6.0930000e-01  -5.5004000e+00   1.4358300e+01
   0.0000000e+00  -2.6700000e-02  -9.6310000e-01  -1.6460000e-01  -4.4840000e-01   4.8583000e+00   2.5070000e-01  -7.5810000e-01  -6.2367000e+00   8.8675000e+00
   0.0000000e+00  -4.4000000e-03  -7.1760000e-01  -1.6250000e-01  -4.3010000e-01   6.5035000e+00   4.1890000e-01  -5.4120000e-01  -3.9736000e+00   9.4848000e+00
   0.0000000e+00   2.7800000e-02  -3.9390000e-01  -1.6100000e-01  -3.5310000e-01   8.0331000e+00   8.3700000e-01  -7.9220000e-01  -4.2884000e+00   6.3950000e+00
   0.0000000e+00   6.9400000e-02  -4.0200000e-02  -1.4570000e-01  -6.6590000e-01   8.0740000e+00   9.7220000e-01   3.3170000e-01  -3.2964000e+00   2.4889000e+00
   0.0000000e+00   1.1870000e-01   3.0390000e-01  -9.7300000e-02  -7.3780000e-01   6.3120000e+00   1.1389000e+00   1.0362000e+00  -4.0304000e+00  -5.6833000e+00
   0.0000000e+00   1.4600000e-01   5.6630000e-01  -6.9200000e-02  -1.6960000e-01   5.1940000e+00   4.8670000e-01   1.7126000e+00  -3.2311000e+00  -5.6684000e+00
   0.0000000e+00   1.5210000e-01   7.5800000e-01  -4.4700000e-02  -3.6040000e-01   3.7825000e+00   6.3880000e-01   1.3084000e+00  -1.5051000e+00  -7.2216000e+00
   0.0000000e+00   1.5920000e-01   9.2640000e-01  -5.0000000e-04  -7.6100000e-01   3.3040000e+00   1.1198000e+00   6.0210000e-01  -2.3693000e+00  -8.0261000e+00
   0.0000000e+00   1.6030000e-01   1.0624000e+00   5.7900000e-02  -5.2150000e-01   3.0243000e+00   9.8270000e-01   1.7509000e+00  -5.3064000e+00  -9.4349000e+00
   0.0000000e+00   1.6030000e-01   1.1942000e+00   1.0060000e-01  -4.1710000e-01   2.1752000e+00   1.0021000e+00   1.2748000e+00  -4.1616000e+00  -9.3201000e+00
   0.0000000e+00   1.5860000e-01   1.2694000e+00   1.5340000e-01  -3.8090000e-01   8.8520000e-01   1.1264000e+00   2.0569000e+00  -8.5053000e+00  -1.2090700e+01
   0.0000000e+00   1.6300000e-01   1.2471000e+00   1.8490000e-01   2.1330000e-01  -1.8455000e+00   3.6360000e-01   2.1697000e+00  -1.0103800e+01  -1.4788200e+01
   0.0000000e+00   1.8200000e-01   1.1501000e+00   1.7580000e-01   3.8580000e-01  -2.3593000e+00  -2.4560000e-01   2.4889000e+00  -6.8444000e+00  -7.9896000e+00
   0.0000000e+00   1.8040000e-01   1.0137000e+00   1.6290000e-01   1.1620000e-01  -4.2724000e+00  -4.1520000e-01   2.5689000e+00  -9.1896000e+00  -1.3194900e+01
   0.0000000e+00   1.8490000e-01   7.6770000e-01   9.7500000e-02   1.7563000e+00  -6.4670000e+00  -1.5844000e+00   6.1420000e-01  -8.1074000e+00  -1.0051700e+01
   0.0000000e+00   1.5430000e-01   4.1180000e-01  -1.5200000e-02   1.2610000e+00  -8.3134000e+00  -1.9884000e+00  -3.1900000e-01  -5.3685000e+00  -7.8170000e-01
   0.0000000e+00   8.2800000e-02   3.1800000e-02  -7.0600000e-02   5.2410000e-01  -8.5853000e+00  -1.8099000e+00   1.3500000e-02  -2.2703000e+00   4.4946000e+00
   0.0000000e+00   2.4200000e-02  -3.1060000e-01  -7.4200000e-02   7.0900000e-02  -6.0100000e+00  -4.3410000e-01  -5.9600000e-01   2.9577000e+00   4.6216000e+00
   0.0000000e+00   5.0000000e-03  -5.6180000e-01  -8.5800000e-02   7.3700000e-01  -5.9317000e+00  -4.8190000e-01   2.4270000e-01  -5.2097000e+00   3.3805000e+00
   0.0000000e+00  -2.1200000e-02  -8.2710000e-01  -1.1730000e-01   5.8920000e-01  -5.8696000e+00   5.4120000e-01  -1.0718000e+00  -4.6244000e+00   7.4159000e+00
   0.0000000e+00  -2.4400000e-02  -1.1289000e+00  -1.3840000e-01   4.9360000e-01  -5.6415000e+00   1.1310000e-01  -5.0200000e-01  -6.2188000e+00   8.5332000e+00
   0.0000000e+00  -6.6200000e-02  -1.2535000e+00  -1.7390000e-01   1.3341000e+00  -8.3550000e-01   7.5830000e-01  -1.0804000e+00  -4.0133000e+00   1.2163700e+01
   0.0000000e+00  -8.2000000e-02  -1.2528000e+00  -2.1350000e-01  -9.0000000e-02   2.5260000e-01   4.7110000e-01   2.2250000e-01  -8.9508000e+00   1.2382300e+01
   0.0000000e+00  -7.1000000e-02  -1.2381000e+00  -2.1500000e-01  -8.8000000e-03   3.4830000e-01  -9.1300000e-02  -1.0937000e+00  -6.7246000e+00   6.6153000e+00
   0.0000000e+00  -7.1300000e-02  -1.2006000e+00  -2.2430000e-01  -2.0380000e-01   1.7674000e+00   4.7980000e-01  -8.8260000e-01  -4.5653000e+00   1.4183600e+01
   0.0000000e+00  -1.4900000e-02  -1.0133000e+00  -2.2230000e-01  -1.6950000e+00   6.0744000e+00   7.7680000e-01  -2.0400000e+00  -4.4067000e+00   1.3339200e+01
   0.0000000e+00   4.5300000e-02  -7.3360000e-01  -2.1050000e-01  -7.3920000e-01   6.9753000e+00   5.5670000e-01  -9.5530000e-01  -4.5491000e+00   7.6437000e+00
   0.0000000e+00   9.3800000e-02  -3.7150000e-01  -1.9020000e-01  -1.4307000e+00   9.2905000e+00   1.1110000e+00  -1.0462000e+00  -3.0784000e+00   1.0011600e+01
   0.0000000e+00   1.6160000e-01   2.3100000e-02  -1.2880000e-01  -1.3909000e+00   8.6660000e+00   1.1413000e+00   1.3667000e+00  -5.1623000e+00  -2.8000000e-02
   0.0000000e+00   1.8580000e-01   4.3790000e-01  -8.8700000e-02  -4.4780000e-01   8.9164000e+00   2.9690000e-01   1.8473000e+00  -3.6448000e+00  -1.6892000e+00
   0.0000000e+00   1.8390000e-01   7.4660000e-01  -4.9300000e-02  -7.4390000e-01   2.6661000e+00   8.6990000e-01   7.3170000e-01  -6.0551000e+00  -1.5456700e+01
   0.0000000e+00   2.1910000e-01   8.0490000e-01  -1.6300000e-02   4.1400000e-01   1.5774000e+00   1.0649000e+00   2.2918000e+00  -1.4484000e+00  -6.2370000e+00
   0.0000000e+00   2.3590000e-01   8.9970000e-01   1.2800000e-02  -6.3700000e-01   2.2088000e+00   7.4740000e-01   2.1791000e+00  -1.8666000e+00  -5.8537000e+00
   0.0000000e+00   2.3510000e-01   9.9590000e-01   5.9400000e-02  -3.9690000e-01   1.5530000e+00   6.7970000e-01   2.6986000e+00  -7.0085000e+00  -1.1355100e+01
   0.0000000e+00   2.3660000e-01   1.0648000e+00   8.2800000e-02  -1.8350000e-01   1.5406000e+00   4.0850000e-01   2.3443000e+00  -4.6928000e+00  -9.0576000e+00
   0.0000000e+00   2.3620000e-01   1.1432000e+00   1.0190000e-01  -1.8580000e-01   1.7847000e+00   3.7180000e-01   2.3145000e+00  -6.3205000e+00  -9.0256000e+00
   0.0000000e+00   2.2540000e-01   1.2254000e+00   1.1400000e-01  -4.9400000e-01   1.7344000e+00  -2.5600000e-02   2.8670000e+00  -8.5286000e+00  -8.5437000e+00
   0.0000000e+00   2.0240000e-01   1.2978000e+00   1.0730000e-01  -3.8940000e-01   1.3271000e+00  -3.3270000e-01   1.8981000e+00  -7.6451000e+00  -1.0601400e+01
   0.0000000e+00   1.8920000e-01   1.3227000e+00   8.9200000e-02   1.3830000e-01  -5.0270000e-01  -5.1180000e-01   1.5101000e+00  -8.6671000e+00  -1.3709300e+01
   0.0000000e+00   1.9920000e-01   1.2318000e+00   5.6700000e-02   6.8540000e-01  -3.7269000e+00  -9.3340000e-01   2.0615000e+00  -1.0825500e+01  -1.3066700e+01
   0.0000000e+00   2.1110000e-01   9.8370000e-01  -1.5500000e-02   1.0316000e+00  -7.4803000e+00  -1.5680000e+00   1.7533000e+00  -9.2871000e+00  -9.3066000e+00
   0.0000000e+00   1.7670000e-01   5.5940000e-01  -1.1240000e-01   1.3344000e+00  -1.1246800e+01  -2.9201000e+00  -2.1950000e-01  -1.0354200e+01  -2.2637000e+00
   0.0000000e+00   7.7000000e-02   7.4600000e-02  -1.7310000e-01  -6.9730000e-01  -9.8915000e+00  -1.9201000e+00  -3.8780000e-01   1.6642000e+00   1.0409600e+01
   0.0000000e+00   1.4000000e-02  -3.5520000e-01  -1.1310000e-01  -7.7130000e-01  -9.3466000e+00  -1.8059000e+00  -1.0980000e+00  -3.6043000e+00   5.2926000e+00
   0.0000000e+00  -2.0000000e-04  -7.1840000e-01  -7.7700000e-02  -7.2260000e-01  -6.0405000e+00   7.7450000e-01  -1.6892000e+00   1.8788000e+00   7.1806000e+00
   0.0000000e+00   2.8600000e-02  -1.0186000e+00  -9.3000000e-02   4.8890000e-01  -6.8134000e+00   4.5880000e-01   2.8640000e-01  -7.3035000e+00   4.5035000e+00
   0.0000000e+00   1.2000000e-03  -1.1410000e+00  -1.3510000e-01   2.9510000e-01   1.7076000e+00   7.4420000e-01   4.3300000e-01  -1.6512000e+00   2.0678800e+01
   0.0000000e+00   3.6200000e-02  -9.5730000e-01  -1.5220000e-01  -4.2540000e-01   5.2682000e+00   7.3500000e-01  -3.6800000e-02  -6.3425000e+00   8.3468000e+00
   0.0000000e+00   4.7400000e-02  -6.8990000e-01  -1.6590000e-01   1.7290000e-01   5.9316000e+00   3.1700000e-01  -3.5930000e-01  -9.6720000e-01   8.8740000e+00
   0.0000000e+00   7.9800000e-02  -3.8200000e-01  -1.7920000e-01  -2.9900000e-01   7.3135000e+00   9.7530000e-01   3.9300000e-02  -3.4273000e+00   6.8379000e+00
   0.0000000e+00   1.3270000e-01  -4.0500000e-02  -1.6370000e-01  -6.8250000e-01   7.2355000e+00   1.1747000e+00   4.0340000e-01  -8.8420000e-01   4.6199000e+00
   0.0000000e+00   1.8200000e-01   3.0980000e-01  -1.2650000e-01  -5.5960000e-01   7.2224000e+00   9.3300000e-01   1.5071000e+00  -4.1120000e+00  -1.4248000e+00
   0.0000000e+00   2.0230000e-01   6.3480000e-01  -8.6700000e-02  -9.2060000e-01   7.5042000e+00   9.8030000e-01   1.5799000e+00  -3.0751000e+00  -1.8810000e+00
   0.0000000e+00   2.0410000e-01   9.3140000e-01  -3.1600000e-02  -5.8030000e-01   5.1509000e+00   6.2130000e-01   2.0011000e+00  -8.3424000e+00  -1.1154200e+01
   0.0000000e+00   1.9800000e-01   1.1146000e+00  -2.7000000e-03  -3.8850000e-01   2.6491000e+00   6.0590000e-01   1.3802000e+00  -6.0804000e+00  -1.1776000e+01
   0.0000000e+00   1.9570000e-01   1.1738000e+00   2.5100000e-02  -3.5600000e-02   1.9030000e-01   4.2380000e-01   1.6869000e+00  -6.2231000e+00  -1.2932900e+01
   0.0000000e+00   2.0990000e-01   1.1702000e+00   3.5800000e-02   2.3710000e-01  -3.2940000e-01   2.8870000e-01   2.2439000e+00  -6.0199000e+00  -9.9002000e+00
   0.0000000e+00   2.2370000e-01   1.1359000e+00   3.8300000e-02   3.1160000e-01  -1.2518000e+00   9.0800000e-02   2.7484000e+00  -6.6382000e+00  -1.0151600e+01
   0.0000000e+00   2.3290000e-01   1.0552000e+00   2.0500000e-02   3.1810000e-01  -1.9973000e+00  -5.5760000e-01   2.3003000e+00  -6.5101000e+00  -8.9491000e+00
   0.0000000e+00   2.2330000e-01   9.2030000e-01  -1.0800000e-02   1.4020000e-01  -3.7648000e+00  -6.5310000e-01   1.4694000e+00  -3.3977000e+00  -8.2246000e+00
   0.0000000e+00   2.1390000e-01   7.7820000e-01  -2.4800000e-02  -1.4690000e-01  -2.5563000e+00  -2.8730000e-01   2.6232000e+00  -2.7341000e+00  -4.6536000e+00
   0.0000000e+00   1.9360000e-01   6.4310000e-01  -3.7100000e-02   1.2100000e-01  -4.5620000e+00  -8.1530000e-01   2.1986000e+00  -5.6082000e+00  -1.0414300e+01
   0.0000000e+00   1.5090000e-01   3.4990000e-01  -9.6900000e-02   1.1062000e+00  -8.3294000e+00  -2.3035000e+00   1.9347000e+00  -8.8093000e+00  -3.8686000e+00
   0.0000000e+00   6.2200000e-02  -8.4000000e-03  -1.4390000e-01  -2.6600000e-02  -8.8855000e+00  -1.9428000e+00  -4.7420000e-01   1.6798000e+00   8.5564000e+00
   0.0000000e+00   1.9100000e-02  -4.0170000e-01  -9.1200000e-02  -1.2165000e+00  -8.7766000e+00  -8.5970000e-01  -2.8340000e-01  -8.8430000e-01   5.7618000e+00
   0.0000000e+00   2.8500000e-02  -8.0690000e-01  -4.3900000e-02  -2.8310000e-01  -6.1422000e+00   2.3860000e-01  -1.0411000e+00  -3.7270000e-01   6.6287000e+00
   0.0000000e+00   3.0200000e-02  -1.0030000e+00  -6.3300000e-02   6.3530000e-01  -2.6449000e+00   3.2440000e-01   4.9500000e-02  -4.7212000e+00   8.8688000e+00
   0.0000000e+00   9.7000000e-03  -1.0675000e+00  -8.5600000e-02   4.7850000e-01  -6.8020000e-01   1.5840000e-01   2.7000000e-01  -5.1123000e+00   1.0668000e+01
   0.0000000e+00   5.2000000e-03  -1.0541000e+00  -9.6000000e-02   2.1300000e-01   1.2307000e+00   2.2240000e-01  -3.8440000e-01  -3.9893000e+00   8.3032000e+00
   0.0000000e+00   1.7000000e-03  -9.4390000e-01  -1.2250000e-01   4.9150000e-01   3.8600000e+00   8.1370000e-01  -7.6320000e-01  -2.0029000e+00   9.9264000e+00
   0.0000000e+00   2.6500000e-02  -7.1070000e-01  -1.6660000e-01   5.5800000e-02   5.1816000e+00   1.0816000e+00  -1.9750000e-01  -5.1131000e+00   8.0440000e+00
   0.0000000e+00   5.7400000e-02  -5.0480000e-01  -1.7990000e-01  -4.3050000e-01   4.3189000e+00   7.2490000e-01  -3.9190000e-01  -9.2560000e-01   7.1645000e+00
   0.0000000e+00   1.2450000e-01  -2.7860000e-01  -1.6430000e-01  -1.3287000e+00   6.0511000e+00   1.5523000e+00   1.8610000e-01  -2.9067000e+00   7.1854000e+00
   0.0000000e+00   1.7860000e-01  -2.7000000e-03  -1.2100000e-01  -5.7000000e-01   5.9302000e+00   5.4240000e-01   1.4307000e+00  -1.6781000e+00   1.3964000e+00
   0.0000000e+00   2.0700000e-01   3.4650000e-01  -7.9800000e-02  -1.0885000e+00   8.6955000e+00   9.7360000e-01   1.7000000e+00  -3.3323000e+00   2.1441000e+00
   0.0000000e+00   2.0500000e-01   7.1400000e-01  -2.6600000e-02  -7.1600000e-01   6.5429000e+00   9.5100000e-02   1.6184000e+00  -5.3071000e+00  -8.1002000e+00
   0.0000000e+00   1.9270000e-01   9.7790000e-01   5.8000000e-03  -7.2800000e-01   4.8478000e+00   8.1410000e-01   1.1853000e+00  -4.5544000e+00  -1.0158900e+01
   0.0000000e+00   1.9000000e-01   1.1376000e+00   4.8400000e-02  -2.1220000e-01   2.3124000e+00   5.9070000e-01   2.0257000e+00  -8.1932000e+00  -1.3676100e+01
   0.0000000e+00   1.9110000e-01   1.1507000e+00   5.6100000e-02   1.3750000e-01  -1.9259000e+00  -1.1390000e-01   2.5797000e+00  -1.0001300e+01  -1.5846700e+01
   0.0000000e+00   2.0110000e-01   9.3790000e-01   5.8000000e-03   1.0528000e+00  -5.6929000e+00  -1.3608000e+00   1.7779000e+00  -7.1530000e+00  -9.0721000e+00
   0.0000000e+00   1.9040000e-01   6.3840000e-01  -6.5500000e-02   5.7680000e-01  -7.4472000e+00  -1.0459000e+00   9.2910000e-01  -3.0690000e+00  -3.1715000e+00
   0.0000000e+00   1.6200000e-01   2.8740000e-01  -8.6100000e-02  -2.2660000e-01  -6.5818000e+00  -5.1920000e-01   1.7991000e+00  -1.4249000e+00  -2.8140000e-01
   0.0000000e+00   1.3390000e-01  -4.3000000e-03  -7.3900000e-02  -4.4510000e-01  -6.4494000e+00  -4.8890000e-01   1.3570000e+00  -1.2110000e-01   1.8634000e+00
   0.0000000e+00   1.2220000e-01  -2.7240000e-01  -5.4000000e-02  -2.3850000e-01  -6.4597000e+00  -3.5080000e-01   1.8181000e+00  -2.3117000e+00   6.8700000e-01
   0.0000000e+00   1.1710000e-01  -5.9730000e-01  -4.2900000e-02  -3.6920000e-01  -7.9210000e+00   1.3200000e-02   1.3184000e+00  -1.9407000e+00   6.7075000e+00
   0.0000000e+00   1.3930000e-01  -9.1440000e-01  -4.9600000e-02   1.5470000e-01  -4.6862000e+00   1.0465000e+00  -5.9850000e-01   1.5186000e+00   8.5177000e+00
   0.0000000e+00   1.4860000e-01  -9.6770000e-01  -9.9500000e-02   2.7410000e-01   1.7799000e+00   5.3130000e-01   2.3155000e+00  -5.6455000e+00   1.3356000e+01
   0.0000000e+00   1.5490000e-01  -8.2810000e-01  -1.0960000e-01   6.6500000e-02   4.3799000e+00   1.0940000e-01   1.2858000e+00  -4.4555000e+00   7.7535000e+00
   0.0000000e+00   1.4350000e-01  -5.5960000e-01  -1.2120000e-01   3.9720000e-01   6.2466000e+00  -6.1100000e-02   9.3000000e-01  -1.5556000e+00   7.4460000e+00
   0.0000000e+00   1.4480000e-01  -2.9870000e-01  -1.2460000e-01  -1.7900000e-01   5.2680000e+00   4.8000000e-02   1.2071000e+00  -2.4462000e+00   3.7097000e+00
   0.0000000e+00   1.5880000e-01  -9.1600000e-02  -1.1000000e-01  -3.6220000e-01   3.7079000e+00   5.1430000e-01   9.6340000e-01   7.1980000e-01   1.0205000e+00
   0.0000000e+00   1.8830000e-01   7.3000000e-02  -9.0100000e-02  -4.1000000e-01   3.4647000e+00   5.6210000e-01   2.0555000e+00  -1.7372000e+00  -1.3073000e+00
   0.0000000e+00   1.9620000e-01   2.2330000e-01  -7.1800000e-02  -4.9810000e-01   3.7054000e+00   1.9690000e-01   1.8701000e+00   1.9270000e-01  -2.7870000e-01
   0.0000000e+00   1.9920000e-01   4.0670000e-01  -4.9700000e-02  -4.0510000e-01   3.9812000e+00   1.1560000e-01   2.0835000e+00  -3.0991000e+00  -4.8692000e+00
   0.0000000e+00   1.8660000e-01   5.1840000e-01  -4.4300000e-02  -5.2700000e-02   1.7950000e-01  -5.1540000e-01   2.0412000e+00  -5.9206000e+00  -1.0651500e+01
   0.0000000e+00   1.4860000e-01   3.6500000e-01  -7.7800000e-02   4.7230000e-01  -5.4213000e+00  -1.2509000e+00   6.2300000e-01  -4.3952000e+00  -5.6731000e+00
   0.0000000e+00   8.5500000e-02   6.3500000e-02  -9.1300000e-02  -6.9260000e-01  -8.0414000e+00  -1.4711000e+00   1.3599000e+00  -1.5623000e+00   1.7541000e+00
   0.0000000e+00   3.8100000e-02  -2.9850000e-01  -5.2500000e-02  -6.6290000e-01  -7.3188000e+00  -6.5690000e-01  -7.4650000e-01   1.7443000e+00   5.4729000e+00
   0.0000000e+00   4.2500000e-02  -5.9540000e-01  -1.3600000e-02  -9.0880000e-01  -6.2965000e+00  -1.5990000e-01  -6.4500000e-02  -2.1031000e+00   6.6131000e+00
   0.0000000e+00   4.7200000e-02  -8.2070000e-01   2.1000000e-03   3.0100000e-02  -3.6407000e+00   8.0000000e-03   1.5490000e-01  -8.6020000e-01   7.5794000e+00
   0.0000000e+00   5.0200000e-02  -9.3490000e-01  -9.1000000e-03  -1.2100000e-02  -1.8942000e+00   3.1060000e-01   6.2920000e-01  -4.5654000e+00   8.7150000e+00
   0.0000000e+00   5.4000000e-02  -1.0287000e+00  -1.2000000e-02   1.5080000e-01  -2.1942000e+00   1.2920000e-01   3.3320000e-01  -3.4500000e+00   7.3633000e+00
   0.0000000e+00   5.5700000e-02  -1.0853000e+00  -3.2200000e-02   2.3010000e-01  -5.1990000e-01   4.5010000e-01   6.7230000e-01  -5.0923000e+00   8.7381000e+00
   0.0000000e+00   4.7300000e-02  -1.0314000e+00  -5.4300000e-02   2.9990000e-01   3.1438000e+00   4.0660000e-01   2.2780000e-01  -2.4407000e+00   1.2061700e+01
   0.0000000e+00   5.9100000e-02  -8.1650000e-01  -7.8400000e-02   1.3630000e-01   5.2841000e+00   6.2250000e-01   1.8920000e-01  -3.1476000e+00   8.0662000e+00
   0.0000000e+00   7.4300000e-02  -5.7420000e-01  -1.0080000e-01   1.4640000e-01   5.6416000e+00   5.7970000e-01   2.6190000e-01  -1.3157000e+00   7.2385000e+00
   0.0000000e+00   1.0600000e-01  -2.6070000e-01  -1.1020000e-01  -2.9230000e-01   7.4521000e+00   8.2470000e-01   5.8690000e-01  -1.6491000e+00   7.0210000e+00
   0.0000000e+00   1.3410000e-01   6.6600000e-02  -1.0680000e-01   2.8700000e-01   6.4656000e+00   3.4640000e-01   1.2752000e+00  -1.6289000e+00  -1.1087000e+00
   0.0000000e+00   1.5170000e-01   3.3090000e-01  -1.1880000e-01   3.0560000e-01   6.7002000e+00   3.6520000e-01   1.5034000e+00  -1.7499000e+00  -7.2390000e-01
   0.0000000e+00   1.7080000e-01   6.3670000e-01  -1.0460000e-01  -4.6860000e-01   5.5609000e+00   5.5020000e-01   1.8977000e+00  -3.8067000e+00  -4.1553000e+00
   0.0000000e+00   1.7030000e-01   8.3920000e-01  -7.4900000e-02  -5.0680000e-01   3.7915000e+00   5.4900000e-01   1.0404000e+00  -3.2596000e+00  -8.6232000e+00
   0.0000000e+00   1.7010000e-01   9.7250000e-01  -3.9300000e-02  -3.8000000e-01   2.2087000e+00   7.2170000e-01   1.0796000e+00  -4.1629000e+00  -1.0179300e+01
   0.0000000e+00   1.7870000e-01   1.0622000e+00  -3.2000000e-03  -1.8960000e-01   1.6864000e+00   8.3140000e-01   1.6275000e+00  -4.7539000e+00  -9.1590000e+00
   0.0000000e+00   1.8360000e-01   1.1256000e+00   3.0800000e-02  -2.5780000e-01   1.1114000e+00   7.0100000e-01   1.8318000e+00  -6.2609000e+00  -1.0341100e+01
   0.0000000e+00   1.8870000e-01   1.1643000e+00   5.0000000e-02   7.2900000e-02   3.8190000e-01   1.4340000e-01   2.4552000e+00  -8.4536000e+00  -1.0814700e+01
   0.0000000e+00   1.8820000e-01   1.1356000e+00   3.8100000e-02   1.6100000e-01  -2.0226000e+00  -6.1500000e-01   2.3360000e+00  -9.1322000e+00  -1.1754000e+01
   0.0000000e+00   1.8520000e-01   9.8630000e-01  -8.1000000e-03   6.2740000e-01  -3.9823000e+00  -1.1114000e+00   1.5115000e+00  -7.4705000e+00  -1.0145900e+01
   0.0000000e+00   1.5670000e-01   7.3270000e-01  -7.4000000e-02   3.7060000e-01  -7.3743000e+00  -1.9707000e+00   6.1320000e-01  -6.4169000e+00  -7.0036000e+00
   0.0000000e+00   9.8100000e-02   3.9510000e-01  -1.2820000e-01  -7.0100000e-02  -7.0749000e+00  -1.2480000e+00   9.9880000e-01   1.0277000e+00   9.9630000e-01
   0.0000000e+00   5.6600000e-02   1.0860000e-01  -1.1980000e-01  -5.1600000e-01  -6.1014000e+00  -6.5900000e-01  -1.8950000e-01   4.4960000e-01  -2.3800000e-02
   0.0000000e+00   3.8200000e-02  -1.6760000e-01  -9.3200000e-02  -6.3490000e-01  -5.6075000e+00  -2.3860000e-01   5.4900000e-01  -4.8090000e-01   1.9575000e+00
   0.0000000e+00   4.1300000e-02  -4.4900000e-01  -5.2500000e-02  -9.1630000e-01  -6.4640000e+00  -1.0430000e-01  -5.3800000e-02   5.4030000e-01   4.7036000e+00
   0.0000000e+00   6.6200000e-02  -6.7780000e-01  -3.5800000e-02  -2.7360000e-01  -4.1564000e+00   5.1470000e-01   5.4530000e-01  -2.0628000e+00   4.5319000e+00
   0.0000000e+00   7.6500000e-02  -8.3970000e-01  -3.7600000e-02   6.6000000e-03  -2.8770000e+00   7.9800000e-02   5.9420000e-01  -1.9876000e+00   7.8167000e+00
   0.0000000e+00   8.6300000e-02  -9.0850000e-01  -5.3200000e-02   1.9480000e-01  -3.7440000e-01   3.8190000e-01   9.3900000e-01  -3.8252000e+00   7.6058000e+00
   0.0000000e+00   8.2600000e-02  -8.7760000e-01  -7.3000000e-02   3.8970000e-01   1.6554000e+00   3.5140000e-01   5.9950000e-01  -2.4912000e+00   8.6247000e+00
   0.0000000e+00   8.1300000e-02  -7.7850000e-01  -9.2800000e-02   3.5040000e-01   2.7596000e+00   2.4620000e-01   5.2140000e-01  -2.4219000e+00   7.5170000e+00
   0.0000000e+00   7.6200000e-02  -6.2680000e-01  -1.1910000e-01   5.0840000e-01   3.5522000e+00   3.4060000e-01   7.2230000e-01  -2.8390000e+00   7.3412000e+00
   0.0000000e+00   7.1400000e-02  -5.0480000e-01  -1.2890000e-01   4.3300000e-02   1.5970000e+00  -2.3640000e-01   9.3240000e-01  -2.9231000e+00   4.4731000e+00
   0.0000000e+00   6.8800000e-02  -4.5200000e-01  -1.2480000e-01  -1.1080000e-01   1.1830000e+00   2.5390000e-01  -1.6050000e-01   1.3890000e+00   4.8111000e+00
   0.0000000e+00   8.7400000e-02  -3.9870000e-01  -1.2300000e-01  -3.4950000e-01   1.3604000e+00   4.2440000e-01   6.5040000e-01  -1.0884000e+00   4.6013000e+00
   0.0000000e+00   1.0600000e-01  -3.4560000e-01  -1.0500000e-01  -4.4520000e-01   9.4090000e-01   7.7000000e-02   1.2521000e+00  -1.5092000e+00   2.2781000e+00
   0.0000000e+00   1.1790000e-01  -2.8380000e-01  -9.1800000e-02  -2.5360000e-01   1.6495000e+00   2.3870000e-01   1.1862000e+00  -3.0120000e-01   2.7613000e+00
   0.0000000e+00   1.2680000e-01  -2.1120000e-01  -8.4400000e-02  -1.2510000e-01   1.7240000e+00   1.4900000e-01   1.1066000e+00   8.9900000e-02   1.5684000e+00
   0.0000000e+00   1.3810000e-01  -1.2870000e-01  -8.2300000e-02  -2.3100000e-02   1.7925000e+00   2.8240000e-01   1.4014000e+00  -2.2220000e-01   5.9080000e-01
   0.0000000e+00   0.0000000e+00   0.0000000e+00   0.0000000e+00   0.0000000e+00   0.0000000e+00   0.0000000e+00   0.0000000e+00   0.0000000e+00   0.0000000e+00
   1.0000000e+00  -1.8200000e-02  -7.1600000e-02   1.4900000e-02  -2.4600000e-02  -3.0600000e-02  -2.2000000e-02  -2.4940000e-01   3.1440000e-01  -2.4080000e-01
   1.0000000e+00  -1.9600000e-02  -7.1500000e-02   1.3900000e-02   4.3400000e-02   3.0000000e-04  -3.1800000e-02  -7.9900000e-02   3.0940000e-01   8.8000000e-02
   1.0000000e+00  -1.9700000e-02  -7.3400000e-02   1.5100000e-02  -5.8700000e-02  -2.8500000e-02   2.4700000e-02  -4.4540000e-01   2.3190000e-01   5.1800000e-02
   1.0000000e+00  -1.6800000e-02  -7.5300000e-02   1.6000000e-02   1.2500000e-02  -2.4800000e-02   9.9700000e-02  -7.4100000e-02   3.3360000e-01   2.3960000e-01
   1.0000000e+00  -1.3300000e-02  -8.1400000e-02   1.8300000e-02  -6.6800000e-02  -1.2920000e-01   4.1700000e-02  -1.5420000e-01   4.1620000e-01  -1.0800000e-01
   1.0000000e+00  -1.3300000e-02  -8.7300000e-02   2.2200000e-02  -2.7900000e-02   1.1800000e-02   4.6500000e-02   2.3200000e-02  -1.4270000e-01   9.6900000e-02
   1.0000000e+00  -4.8000000e-03  -8.7300000e-02   2.2500000e-02   1.0130000e-01  -9.0000000e-03   3.6890000e-01   1.6850000e-01  -5.9700000e-02   4.3610000e-01
   1.0000000e+00   2.4200000e-02  -8.7400000e-02   1.7200000e-02   1.9500000e-01  -1.6010000e-01   7.2380000e-01   1.4400000e-01   3.8140000e-01   2.4000000e-01
   1.0000000e+00   5.4100000e-02  -9.1700000e-02   9.8000000e-03   2.4650000e-01  -1.5750000e-01   4.6670000e-01   3.7080000e-01   2.4880000e-01   5.1380000e-01
   1.0000000e+00   5.8900000e-02  -8.4600000e-02  -1.4000000e-03   1.9380000e-01   1.6750000e-01  -4.9000000e-01   3.2510000e-01   4.8920000e-01   2.6620000e-01
   1.0000000e+00  -1.4000000e-03  -6.2700000e-02  -2.3300000e-02   1.1950000e-01   1.9580000e-01  -2.3814000e+00  -7.7870000e-01   1.1398000e+00   1.1900000e-01
   1.0000000e+00  -1.5490000e-01  -1.3200000e-02  -7.5800000e-02  -2.2900000e-02   5.7020000e-01  -4.8465000e+00  -1.7909000e+00   7.1290000e-01  -1.2090000e-01
   1.0000000e+00  -4.0740000e-01   1.2970000e-01  -2.1010000e-01  -2.9750000e-01   4.8910000e-01  -6.8447000e+00  -2.9534000e+00   7.2780000e-01  -8.8810000e-01
   1.0000000e+00  -6.8090000e-01   8.2300000e-01  -9.2220000e-01  -2.3910000e-01  -3.4000000e-03  -7.8306000e+00  -3.4096000e+00  -1.8688000e+00   6.2500000e-02
   1.0000000e+00  -5.9990000e-01   2.1695000e+00  -2.2972000e+00   8.4360000e-01  -6.5420000e-01  -4.8861000e+00   1.0564000e+00  -5.6365000e+00   1.0823000e+00
   1.0000000e+00  -4.4730000e-01   2.3108000e+00  -2.4991000e+00   7.8220000e-01  -1.6199000e+00  -2.7914000e+00  -8.1850000e-01  -8.7353000e+00  -2.4340000e-01
   1.0000000e+00  -3.6630000e-01   2.2948000e+00  -2.5421000e+00   4.0620000e-01  -7.9370000e-01  -6.4890000e-01  -2.4833000e+00  -1.2123200e+01  -2.7524000e+00
   1.0000000e+00  -3.6800000e-01   2.2264000e+00  -2.4846000e+00   1.6060000e-01  -5.8820000e-01   1.1200000e+00  -2.1209000e+00  -1.1389300e+01  -1.8940000e+00
   1.0000000e+00  -4.1420000e-01   2.1305000e+00  -2.4010000e+00  -2.6540000e-01  -5.4930000e-01   1.1543000e+00  -3.1496000e+00  -9.9645000e+00  -1.8116000e+00
   1.0000000e+00  -4.9070000e-01   1.9936000e+00  -2.2609000e+00  -7.6700000e-01  -5.3300000e-02   3.5617000e+00  -2.2049000e+00  -1.2179900e+01  -2.7722000e+00
   1.0000000e+00  -6.0190000e-01   1.4456000e+00  -1.6933000e+00  -6.6680000e-01  -4.4500000e-01   5.0873000e+00  -1.7353000e+00  -1.0106400e+01  -1.0703000e+00
   1.0000000e+00  -5.2330000e-01   4.4490000e-01  -6.8240000e-01  -9.2930000e-01  -9.0160000e-01   7.1043000e+00  -4.3430000e-01  -6.7903000e+00  -5.0970000e-01
   1.0000000e+00  -2.3210000e-01   7.0000000e-03  -2.5090000e-01  -1.1222000e+00  -1.2512000e+00   8.0049000e+00   7.5380000e-01  -3.6484000e+00   4.6500000e-02
   1.0000000e+00   1.1410000e-01  -1.6780000e-01  -8.2500000e-02  -1.7489000e+00  -1.1971000e+00   7.6177000e+00   2.0619000e+00   7.8680000e-01   7.9880000e-01
   1.0000000e+00   4.1900000e-01  -2.6200000e-01   1.4700000e-02  -1.4341000e+00  -1.0598000e+00   6.0701000e+00   3.4331000e+00   4.6994000e+00   2.5940000e+00
   1.0000000e+00   6.7070000e-01  -3.0970000e-01   4.6100000e-02  -8.8830000e-01  -5.7690000e-01   4.5964000e+00   4.8681000e+00   4.4815000e+00   2.1095000e+00
   1.0000000e+00   8.5330000e-01  -3.3950000e-01   7.4600000e-02  -1.0123000e+00  -8.5400000e-01   3.9592000e+00   6.8740000e+00   3.8542000e+00   2.3497000e+00
   1.0000000e+00   1.0088000e+00  -3.6740000e-01   1.1530000e-01  -1.5240000e+00  -9.0540000e-01   2.9997000e+00   7.9044000e+00   4.2536000e+00   1.8759000e+00
   1.0000000e+00   1.1460000e+00  -3.8990000e-01   1.5610000e-01  -9.9600000e-01  -6.8190000e-01   2.9092000e+00   1.0279600e+01   2.7462000e+00   2.8179000e+00
   1.0000000e+00   1.2589000e+00  -4.0950000e-01   1.8820000e-01  -1.1098000e+00  -8.6170000e-01   1.7964000e+00   1.0239700e+01   2.3685000e+00   2.7981000e+00
   1.0000000e+00   1.3113000e+00  -4.2200000e-01   2.2980000e-01  -7.1910000e-01  -5.7000000e-01  -2.0720000e-01   1.1390000e+01   1.8308000e+00   2.9886000e+00
   1.0000000e+00   1.2476000e+00  -4.2610000e-01   2.4940000e-01   3.9210000e-01  -1.5700000e-01  -2.2362000e+00   1.2744800e+01   1.9112000e+00   3.3177000e+00
   1.0000000e+00   1.1420000e+00  -4.2170000e-01   2.4430000e-01   2.9220000e-01   4.3610000e-01  -2.7214000e+00   1.1752100e+01   8.7490000e-01   2.7316000e+00
   1.0000000e+00   9.6900000e-01  -3.9140000e-01   2.5150000e-01   1.1594000e+00   7.0280000e-01  -5.2205000e+00   1.0972200e+01   2.6705000e+00   3.6542000e+00
   1.0000000e+00   6.8100000e-01  -3.6290000e-01   1.8630000e-01   2.9790000e+00   1.0448000e+00  -7.2861000e+00   9.8439000e+00   3.9214000e+00   3.6683000e+00
   1.0000000e+00   3.2600000e-01  -2.7980000e-01   8.2800000e-02   2.7725000e+00   1.6838000e+00  -8.7163000e+00   4.8437000e+00   3.5116000e+00   1.1372000e+00
   1.0000000e+00  -7.1400000e-02  -1.0510000e-01  -6.5300000e-02   1.6665000e+00   1.9940000e+00  -8.1079000e+00   1.9107000e+00   1.8751000e+00   5.5870000e-01
   1.0000000e+00  -3.6050000e-01   1.1460000e-01  -2.6670000e-01   4.8950000e-01   4.3130000e-01  -5.5502000e+00   9.3330000e-01  -1.6880000e-01   1.0833000e+00
   1.0000000e+00  -5.5240000e-01   5.3140000e-01  -6.9390000e-01   1.0879000e+00   2.8150000e-01  -5.7652000e+00  -9.9710000e-01  -2.8641000e+00   5.0700000e-01
   1.0000000e+00  -6.0880000e-01   1.5483000e+00  -1.7468000e+00   1.5580000e-01   4.5000000e-02  -6.3403000e+00  -2.9679000e+00  -4.9577000e+00  -1.6991000e+00
   1.0000000e+00  -4.4670000e-01   2.2084000e+00  -2.4300000e+00   6.2730000e-01  -3.7720000e-01  -4.3003000e+00   1.2260000e-01  -8.7099000e+00  -4.8490000e-01
   1.0000000e+00  -3.5960000e-01   2.2255000e+00  -2.4922000e+00   4.4680000e-01  -1.2761000e+00  -4.4990000e-01   1.7170000e-01  -1.2095200e+01  -6.2550000e-01
   1.0000000e+00  -3.5890000e-01   2.1928000e+00  -2.4834000e+00  -2.7450000e-01  -2.0100000e-02   3.6960000e-01  -2.3907000e+00  -1.2791800e+01  -3.2174000e+00
   1.0000000e+00  -3.7320000e-01   2.1734000e+00  -2.4545000e+00   8.5500000e-02  -2.6210000e-01   4.6400000e-01  -2.0819000e+00  -1.0422700e+01  -1.5738000e+00
   1.0000000e+00  -4.3080000e-01   2.0912000e+00  -2.3732000e+00  -1.1099000e+00  -1.3800000e-01   3.4052000e+00  -1.7845000e+00  -1.2136500e+01  -2.6016000e+00
   1.0000000e+00  -6.1470000e-01   1.6156000e+00  -1.8711000e+00  -1.6849000e+00  -2.9440000e-01   6.3881000e+00  -9.9900000e-01  -1.0412200e+01  -2.1078000e+00
   1.0000000e+00  -5.6600000e-01   3.8620000e-01  -6.3210000e-01  -1.2688000e+00  -8.7070000e-01   7.9221000e+00  -1.0499000e+00  -6.0546000e+00  -3.0120000e-01
   1.0000000e+00  -2.3310000e-01  -1.1180000e-01  -1.3160000e-01  -2.3979000e+00  -1.0450000e+00   9.1970000e+00  -3.2350000e-01  -2.8051000e+00  -4.8640000e-01
   1.0000000e+00   1.5540000e-01  -2.7610000e-01   3.7600000e-02  -1.5370000e+00  -1.0818000e+00   8.6090000e+00   1.6122000e+00   1.9949000e+00   2.7982000e+00
   1.0000000e+00   5.7600000e-01  -3.3370000e-01   6.6000000e-02  -9.5350000e-01  -6.8980000e-01   7.9890000e+00   4.0348000e+00   4.8538000e+00   2.6360000e+00
   1.0000000e+00   7.5280000e-01  -3.5650000e-01   9.2700000e-02  -9.8530000e-01  -6.9140000e-01   1.4546000e+00   2.3323000e+00   7.8064000e+00   2.5207000e+00
   1.0000000e+00   8.0610000e-01  -4.0870000e-01   1.1090000e-01  -5.0510000e-01  -1.0825000e+00   2.0764000e+00   8.5417000e+00   3.4194000e+00   2.9941000e+00
   1.0000000e+00   9.1600000e-01  -4.3430000e-01   1.3460000e-01  -1.2202000e+00  -5.5230000e-01   2.1762000e+00   7.5753000e+00   1.9484000e+00   2.5742000e+00
   1.0000000e+00   9.9730000e-01  -4.5010000e-01   1.5880000e-01  -5.4150000e-01  -3.6370000e-01   1.3422000e+00   9.8030000e+00   2.4631000e+00   3.7885000e+00
   1.0000000e+00   1.0625000e+00  -4.6330000e-01   1.6470000e-01  -4.9770000e-01  -3.5180000e-01   1.6037000e+00   1.0671800e+01   1.9010000e+00   3.3882000e+00
   1.0000000e+00   1.1412000e+00  -4.7680000e-01   1.6630000e-01  -4.4270000e-01  -1.8120000e-01   1.8318000e+00   1.1146600e+01   8.6740000e-01   3.1926000e+00
   1.0000000e+00   1.2227000e+00  -4.7480000e-01   1.6520000e-01  -3.8040000e-01   2.6650000e-01   1.7455000e+00   1.1441400e+01  -5.3860000e-01   2.9100000e+00
   1.0000000e+00   1.2895000e+00  -4.6200000e-01   1.5600000e-01  -6.8400000e-02   3.9250000e-01   1.0412000e+00   1.1723800e+01  -1.3310000e-01   3.1293000e+00
   1.0000000e+00   1.2885000e+00  -4.5290000e-01   1.4010000e-01   5.4770000e-01   3.4300000e-01  -1.0639000e+00   1.1600300e+01   1.5488000e+00   3.3778000e+00
   1.0000000e+00   1.1529000e+00  -4.3820000e-01   1.1810000e-01   1.4943000e+00   8.7000000e-01  -4.6585000e+00   1.0400000e+01   2.3696000e+00   3.1607000e+00
   1.0000000e+00   8.5480000e-01  -3.9550000e-01   8.2300000e-02   2.0976000e+00   1.6380000e+00  -8.5157000e+00   8.1744000e+00   4.1593000e+00   3.1086000e+00
   1.0000000e+00   3.7990000e-01  -2.8140000e-01   1.3000000e-03   3.1772000e+00   2.6663000e+00  -1.1358400e+01   6.3453000e+00   5.1634000e+00   2.9526000e+00
   1.0000000e+00  -9.6100000e-02  -7.3500000e-02  -1.4080000e-01   3.1610000e-01   2.8507000e+00  -9.3488000e+00   2.5013000e+00   3.1716000e+00  -1.0590000e-01
   1.0000000e+00  -4.7830000e-01   3.5350000e-01  -4.8260000e-01   8.7260000e-01   2.0588000e+00  -7.9902000e+00   1.4590000e-01  -3.2770000e-01   9.5720000e-01
   1.0000000e+00  -6.5580000e-01   1.3296000e+00  -1.4535000e+00  -7.6900000e-01   2.8620000e-01  -6.7675000e+00  -2.6207000e+00  -2.3388000e+00  -6.5340000e-01
   1.0000000e+00  -5.0710000e-01   2.2908000e+00  -2.4374000e+00   6.7340000e-01  -6.1810000e-01  -4.6290000e+00   2.8660000e-01  -6.0650000e+00   9.1760000e-01
   1.0000000e+00  -5.0670000e-01   2.2413000e+00  -2.4245000e+00  -9.0450000e-01  -6.4150000e-01   4.0571000e+00   1.6876000e+00  -1.4552600e+01  -1.9997000e+00
   1.0000000e+00  -6.6470000e-01   1.5612000e+00  -1.7496000e+00  -4.6700000e-02  -7.4220000e-01   5.2653000e+00  -1.9036000e+00  -9.1354000e+00   1.8040000e-01
   1.0000000e+00  -5.9010000e-01   5.0530000e-01  -7.0970000e-01  -5.7290000e-01  -1.3036000e+00   6.4080000e+00  -2.2765000e+00  -5.2570000e+00  -1.5560000e-01
   1.0000000e+00  -3.0770000e-01  -2.7100000e-02  -2.0970000e-01  -1.1471000e+00  -1.2540000e+00   7.0085000e+00  -1.4034000e+00  -2.6913000e+00  -4.5820000e-01
   1.0000000e+00   1.5600000e-02  -2.1350000e-01  -4.7300000e-02  -1.5652000e+00  -1.4539000e+00   7.3949000e+00  -3.1650000e-01   5.1200000e-01   8.3560000e-01
   1.0000000e+00   3.3830000e-01  -3.1080000e-01   1.7800000e-02  -1.1322000e+00  -1.2271000e+00   7.1754000e+00   2.2134000e+00   1.9624000e+00   2.1104000e+00
   1.0000000e+00   6.7450000e-01  -3.7170000e-01   4.7800000e-02  -1.6448000e+00  -1.1390000e+00   7.1523000e+00   5.1064000e+00   3.3742000e+00   2.4969000e+00
   1.0000000e+00   9.3060000e-01  -4.0980000e-01   6.6600000e-02  -9.0170000e-01  -6.8270000e-01   4.5541000e+00   7.5647000e+00   4.3007000e+00   3.3519000e+00
   1.0000000e+00   1.0728000e+00  -4.3330000e-01   7.6200000e-02  -7.8940000e-01  -4.9750000e-01   1.7221000e+00   8.9673000e+00   3.9831000e+00   2.8835000e+00
   1.0000000e+00   1.0983000e+00  -4.4240000e-01   9.2500000e-02  -1.8640000e-01  -3.7750000e-01  -2.0600000e-02   1.0318000e+01   3.3836000e+00   3.1861000e+00
   1.0000000e+00   1.0862000e+00  -4.5930000e-01   9.6000000e-02   7.1300000e-02  -2.0320000e-01  -6.8850000e-01   1.0608400e+01   1.9933000e+00   3.1504000e+00
   1.0000000e+00   1.0284000e+00  -4.6280000e-01   9.6300000e-02   4.0140000e-01   1.2880000e-01  -1.5814000e+00   9.9352000e+00   1.3931000e+00   3.4044000e+00
   1.0000000e+00   9.3870000e-01  -4.4550000e-01   8.6000000e-02   7.2980000e-01   7.7580000e-01  -2.6158000e+00   9.5364000e+00   1.4002000e+00   2.8837000e+00
   1.0000000e+00   8.0180000e-01  -4.0970000e-01   8.2000000e-02   4.5110000e-01   7.2690000e-01  -3.4054000e+00   7.9587000e+00   2.9896000e+00   2.6640000e+00
   1.0000000e+00   6.8070000e-01  -3.8140000e-01   8.7900000e-02   1.9830000e-01   8.1340000e-01  -2.5011000e+00   7.6400000e+00   1.9616000e+00   2.6838000e+00
   1.0000000e+00   5.1740000e-01  -3.3610000e-01   8.1200000e-02   1.1376000e+00   1.1770000e+00  -5.6491000e+00   4.5892000e+00   4.5168000e+00   3.0675000e+00
   1.0000000e+00   1.9190000e-01  -2.3390000e-01  -4.7000000e-03   2.7911000e+00   1.9475000e+00  -8.3851000e+00   3.3189000e+00   4.2223000e+00   2.7865000e+00
   1.0000000e+00  -1.6820000e-01  -3.6800000e-02  -1.6960000e-01   5.8510000e-01   2.5932000e+00  -8.5571000e+00  -2.7260000e-01   2.9632000e+00  -1.3770000e-01
   1.0000000e+00  -5.1350000e-01   3.4370000e-01  -4.7820000e-01  -2.6600000e-02   2.0540000e+00  -8.2551000e+00  -1.1856000e+00   4.9490000e-01   2.2630000e-01
   1.0000000e+00  -6.5820000e-01   1.5655000e+00  -1.6730000e+00   3.6700000e-02   2.2830000e-01  -5.2357000e+00  -5.8000000e-02  -3.8525000e+00   9.2030000e-01
   1.0000000e+00  -5.7230000e-01   2.0928000e+00  -2.2182000e+00   4.4020000e-01  -4.7640000e-01  -1.8011000e+00   5.7480000e-01  -8.9906000e+00   2.0240000e-01
   1.0000000e+00  -5.2710000e-01   2.1331000e+00  -2.2760000e+00   1.7270000e-01  -3.4330000e-01  -8.5100000e-02  -1.6782000e+00  -1.0720600e+01  -1.1361000e+00
   1.0000000e+00  -5.5550000e-01   2.0053000e+00  -2.1585000e+00   3.1000000e-03  -7.5410000e-01   2.0226000e+00  -1.1712000e+00  -9.5628000e+00  -6.4920000e-01
   1.0000000e+00  -6.2870000e-01   1.4350000e+00  -1.6197000e+00  -6.2690000e-01  -1.5123000e+00   4.6620000e+00  -8.9090000e-01  -8.3850000e+00  -5.3800000e-01
   1.0000000e+00  -5.6750000e-01   4.2290000e-01  -6.4720000e-01  -7.7750000e-01  -1.1008000e+00   4.5837000e+00  -3.1374000e+00  -5.8364000e+00  -1.2121000e+00
   1.0000000e+00  -4.1530000e-01   4.7300000e-02  -2.8460000e-01  -1.6668000e+00  -9.6160000e-01   4.6821000e+00  -3.0435000e+00  -3.3727000e+00  -9.6140000e-01
   1.0000000e+00  -1.9260000e-01  -2.1050000e-01  -3.6300000e-02  -1.9987000e+00  -7.6320000e-01   5.6265000e+00  -8.4770000e-01  -2.6415000e+00  -1.4480000e-01
   1.0000000e+00   6.6600000e-02  -3.0450000e-01   5.1000000e-02  -1.3974000e+00  -7.9400000e-01   7.0328000e+00   1.6044000e+00  -6.5290000e-01   2.4837000e+00
   1.0000000e+00   4.6610000e-01  -3.7920000e-01   1.0460000e-01  -1.8596000e+00  -8.6270000e-01   7.8331000e+00   3.4633000e+00   1.5310000e+00   2.6188000e+00
   1.0000000e+00   8.0470000e-01  -4.0800000e-01   1.1930000e-01  -1.0818000e+00  -5.6740000e-01   6.1589000e+00   7.3120000e+00   4.6888000e+00   3.3228000e+00
   1.0000000e+00   1.0236000e+00  -4.3440000e-01   1.3440000e-01  -1.4566000e+00  -8.7640000e-01   4.0864000e+00   8.6066000e+00   5.0311000e+00   3.2745000e+00
   1.0000000e+00   1.1626000e+00  -4.6350000e-01   1.5360000e-01  -3.6100000e-01  -3.8970000e-01   1.0510000e+00   1.0504500e+01   3.9759000e+00   3.6064000e+00
   1.0000000e+00   1.1036000e+00  -4.5960000e-01   1.5840000e-01   7.0340000e-01   3.9630000e-01  -3.2883000e+00   1.0099600e+01   3.8435000e+00   3.9362000e+00
   1.0000000e+00   8.6630000e-01  -4.2750000e-01   1.2700000e-01   2.1706000e+00   1.1587000e+00  -6.0741000e+00   8.7762000e+00   3.7290000e+00   3.7363000e+00
   1.0000000e+00   5.1650000e-01  -3.6470000e-01   8.8800000e-02   1.1442000e+00   1.3049000e+00  -7.2346000e+00   5.9358000e+00   4.1987000e+00   2.3743000e+00
   1.0000000e+00   2.1960000e-01  -3.0930000e-01   8.1400000e-02   5.1850000e-01   1.2672000e+00  -6.4394000e+00   4.6354000e+00   2.4134000e+00   1.9152000e+00
   1.0000000e+00  -5.7700000e-02  -2.4590000e-01   6.9900000e-02   1.3860000e-01   1.1143000e+00  -5.8838000e+00   1.8745000e+00   1.2608000e+00   2.2313000e+00
   1.0000000e+00  -3.2410000e-01  -1.7600000e-01   3.7800000e-02   5.3600000e-01   9.4520000e-01  -6.9866000e+00  -7.0610000e-01   9.1970000e-01   2.3440000e+00
   1.0000000e+00  -6.9320000e-01   1.6170000e-01  -2.7510000e-01   5.2300000e-02   6.6510000e-01  -7.6785000e+00  -3.0590000e+00  -6.0630000e-01   9.5370000e-01
   1.0000000e+00  -7.4400000e-01   2.3298000e+00  -2.4561000e+00  -2.6280000e-01  -1.0840000e+00  -2.3643000e+00   2.0749000e+00  -7.1193000e+00   1.5970000e+00
   1.0000000e+00  -7.7520000e-01   2.2122000e+00  -2.3748000e+00  -3.4910000e-01  -5.7190000e-01   2.7317000e+00   1.7161000e+00  -1.1852100e+01   3.3530000e-01
   1.0000000e+00  -7.2390000e-01   5.0900000e-02  -2.2810000e-01   6.8000000e-02  -5.6850000e-01   5.1386000e+00  -8.6100000e-01  -8.3910000e+00   1.0493000e+00
   1.0000000e+00  -4.6930000e-01  -1.5770000e-01  -4.3700000e-02  -3.3490000e-01  -8.2200000e-01   6.1553000e+00  -1.6797000e+00  -4.3193000e+00   8.7330000e-01
   1.0000000e+00  -2.0670000e-01  -2.4440000e-01   2.6900000e-02  -6.9140000e-01  -3.4320000e-01   4.4355000e+00  -3.6670000e+00  -4.2340000e-01   4.1210000e-01
   1.0000000e+00  -3.0800000e-02  -3.0170000e-01   7.7500000e-02  -9.7980000e-01  -5.4020000e-01   3.6159000e+00  -1.5687000e+00   8.3480000e-01   1.5982000e+00
   1.0000000e+00   1.1800000e-01  -3.4880000e-01   1.1820000e-01  -7.1780000e-01  -2.4020000e-01   3.0971000e+00   1.6550000e-01   1.3667000e+00   2.0918000e+00
   1.0000000e+00   2.8640000e-01  -3.6480000e-01   1.3540000e-01  -7.7110000e-01  -2.3540000e-01   4.2178000e+00   2.8015000e+00   1.1106000e+00   2.3177000e+00
   1.0000000e+00   4.6940000e-01  -3.7600000e-01   1.4160000e-01  -3.0160000e-01   3.0600000e-02   2.9427000e+00   3.3724000e+00   2.5889000e+00   2.6258000e+00
   1.0000000e+00   5.0130000e-01  -3.5560000e-01   1.2680000e-01   8.2190000e-01   7.8770000e-01  -2.3136000e+00   3.0161000e+00   4.5148000e+00   2.4426000e+00
   1.0000000e+00   3.0770000e-01  -3.0050000e-01   8.5300000e-02   1.5077000e+00   1.3831000e+00  -5.9842000e+00   1.7461000e+00   4.5004000e+00   1.3704000e+00
   1.0000000e+00  -3.6000000e-02  -1.6980000e-01   1.7000000e-02   6.2070000e-01   2.2409000e+00  -8.1950000e+00  -1.0520000e-01   4.0507000e+00   9.3750000e-01
   1.0000000e+00  -3.6250000e-01   3.1000000e-03  -1.0020000e-01  -1.4220000e-01   1.3678000e+00  -6.8007000e+00   5.4220000e-01   9.1490000e-01   1.1202000e+00
   1.0000000e+00  -6.2080000e-01   3.2000000e-01  -3.8480000e-01   5.4000000e-02   7.0540000e-01  -5.6245000e+00  -2.3492000e+00  -3.3795000e+00   1.5920000e-01
   1.0000000e+00  -7.1710000e-01   1.2302000e+00  -1.2909000e+00   2.1510000e-01  -1.4120000e-01  -2.7109000e+00  -9.7850000e-01  -6.0952000e+00   9.4670000e-01
   1.0000000e+00  -6.9590000e-01   1.8358000e+00  -1.9092000e+00   5.5900000e-02   9.3700000e-02  -2.0419000e+00  -2.5470000e+00  -7.7123000e+00  -3.2660000e-01
   1.0000000e+00  -6.3110000e-01   2.1810000e+00  -2.2569000e+00   5.0800000e-02  -3.0000000e-01  -1.6476000e+00  -3.1145000e+00  -7.9847000e+00   3.8920000e-01
   1.0000000e+00  -6.0470000e-01   2.2589000e+00  -2.3513000e+00   1.1660000e-01  -4.6860000e-01   2.7080000e-01  -1.7647000e+00  -9.3351000e+00   2.1390000e-01
   1.0000000e+00  -6.7990000e-01   1.8935000e+00  -2.0030000e+00  -5.8840000e-01  -7.3580000e-01   4.0871000e+00  -3.7800000e-01  -1.0163800e+01  -3.1500000e-01
   1.0000000e+00  -6.6720000e-01   4.1840000e-01  -5.4670000e-01  -5.4260000e-01  -7.5790000e-01   5.7796000e+00  -2.5602000e+00  -6.7860000e+00   4.3400000e-02
   1.0000000e+00  -4.4270000e-01  -5.4100000e-02  -9.6800000e-02  -6.6770000e-01  -8.8710000e-01   5.9865000e+00  -2.6911000e+00  -3.3068000e+00   1.5980000e-01
   1.0000000e+00  -1.2680000e-01  -2.2160000e-01   5.0000000e-02  -1.0709000e+00  -1.0064000e+00   7.1526000e+00  -6.5070000e-01  -1.5784000e+00   8.8700000e-01
   1.0000000e+00   1.6800000e-01  -2.8830000e-01   8.4000000e-02  -3.7410000e-01  -1.0527000e+00   6.4595000e+00   1.0664000e+00   1.9086000e+00   2.6655000e+00
   1.0000000e+00   4.6640000e-01  -3.3570000e-01   8.4200000e-02  -7.0020000e-01  -9.0310000e-01   6.4515000e+00   3.4484000e+00   2.7890000e+00   1.7496000e+00
   1.0000000e+00   7.2640000e-01  -3.6990000e-01   9.9700000e-02  -1.1007000e+00  -4.6100000e-01   4.9465000e+00   4.5642000e+00   3.7007000e+00   1.9096000e+00
   1.0000000e+00   9.0910000e-01  -3.8800000e-01   1.1940000e-01  -1.0607000e+00  -5.3440000e-01   3.3218000e+00   6.9032000e+00   4.1958000e+00   2.6530000e+00
   1.0000000e+00   1.0291000e+00  -4.0620000e-01   1.4830000e-01  -8.7650000e-01  -6.1690000e-01   1.8748000e+00   8.8261000e+00   3.5983000e+00   2.8357000e+00
   1.0000000e+00   1.1102000e+00  -4.2940000e-01   1.7140000e-01  -7.9540000e-01  -6.3700000e-01   1.4688000e+00   1.0153600e+01   2.1737000e+00   2.7725000e+00
   1.0000000e+00   1.1652000e+00  -4.4320000e-01   1.9280000e-01  -5.3400000e-01  -4.4550000e-01   8.6640000e-01   1.1122100e+01   1.4973000e+00   2.9568000e+00
   1.0000000e+00   1.1837000e+00  -4.5180000e-01   1.9470000e-01   1.3280000e-01   1.1860000e-01  -3.9950000e-01   1.1488900e+01   8.4420000e-01   3.1119000e+00
   1.0000000e+00   1.1041000e+00  -4.3350000e-01   1.8430000e-01   8.0260000e-01   7.0770000e-01  -2.7038000e+00   1.0511700e+01   1.3155000e+00   3.1706000e+00
   1.0000000e+00   9.4030000e-01  -4.0750000e-01   1.5460000e-01   1.6150000e+00   1.1061000e+00  -4.7920000e+00   9.5514000e+00   2.4316000e+00   3.0310000e+00
   1.0000000e+00   6.1440000e-01  -3.3010000e-01   9.6000000e-02   2.3412000e+00   1.9890000e+00  -7.4659000e+00   6.2310000e+00   4.8938000e+00   2.0655000e+00
   1.0000000e+00   3.0290000e-01  -2.4120000e-01   4.4200000e-02   6.3720000e-01   1.5382000e+00  -6.3998000e+00   4.9528000e+00   3.8886000e+00   2.1563000e+00
   1.0000000e+00   2.8100000e-02  -1.6210000e-01   8.9000000e-03   1.6630000e-01   1.1544000e+00  -5.8245000e+00   2.0580000e+00   2.5021000e+00   8.8380000e-01
   1.0000000e+00  -2.3810000e-01  -7.8800000e-02  -4.0000000e-02  -2.6960000e-01   1.0498000e+00  -6.3989000e+00  -4.9260000e-01   1.0448000e+00   5.1270000e-01
   1.0000000e+00  -5.0910000e-01   7.5600000e-02  -1.5850000e-01  -3.7030000e-01   8.3630000e-01  -5.5081000e+00  -1.7725000e+00  -8.4780000e-01   8.0640000e-01
   1.0000000e+00  -6.9470000e-01   3.9100000e-01  -4.7010000e-01  -1.7350000e-01   1.4200000e-02  -4.0216000e+00  -4.3610000e-01  -3.9330000e+00   1.4253000e+00
   1.0000000e+00  -7.5580000e-01   1.5100000e+00  -1.5928000e+00  -9.8200000e-02  -2.1480000e-01  -1.8556000e+00  -1.2348000e+00  -6.9773000e+00   8.4240000e-01
   1.0000000e+00  -7.4710000e-01   1.8456000e+00  -1.9427000e+00   8.6100000e-02  -4.3340000e-01   5.4940000e-01  -1.1461000e+00  -8.4565000e+00   7.8110000e-01
   1.0000000e+00  -7.6020000e-01   1.2555000e+00  -1.3698000e+00  -1.0710000e-01  -5.3900000e-01   2.0074000e+00  -1.8481000e+00  -7.9915000e+00   5.1150000e-01
   1.0000000e+00  -7.0970000e-01   4.4010000e-01  -5.6960000e-01   6.0400000e-02  -6.4580000e-01   3.1290000e+00  -2.7471000e+00  -6.7602000e+00   3.0650000e-01
   1.0000000e+00  -5.6450000e-01   6.5400000e-02  -2.2210000e-01   1.4000000e-02  -6.1290000e-01   3.1907000e+00  -3.3253000e+00  -5.3063000e+00   2.0200000e-02
   1.0000000e+00  -4.7530000e-01  -2.1000000e-03  -1.5690000e-01   4.7600000e-02   5.6900000e-02   1.3075000e+00  -4.7157000e+00  -3.7886000e+00  -2.1390000e-01
   1.0000000e+00  -4.2760000e-01  -5.3300000e-02  -1.0450000e-01  -4.3810000e-01  -2.5660000e-01   1.2780000e+00  -3.6861000e+00  -2.4360000e+00   2.8600000e-01
   1.0000000e+00  -3.7180000e-01  -1.3490000e-01  -2.2600000e-02  -6.1820000e-01  -1.4800000e-02   1.2085000e+00  -2.8469000e+00  -2.8109000e+00   1.4310000e-01
   1.0000000e+00  -3.2710000e-01  -1.7880000e-01   3.2600000e-02  -3.7660000e-01   7.1400000e-02   1.1339000e+00  -1.7632000e+00  -2.4396000e+00   1.1590000e+00
   1.0000000e+00  -2.6240000e-01  -2.1920000e-01   7.5500000e-02  -4.1290000e-01  -1.0420000e-01   1.6442000e+00  -1.2075000e+00  -1.8630000e+00   1.4911000e+00
   1.0000000e+00  -1.8010000e-01  -2.4950000e-01   1.0450000e-01  -3.3200000e-01  -2.4580000e-01   1.8400000e+00  -1.0269000e+00  -9.8480000e-01   1.5874000e+00
   0.0000000e+00   0.0000000e+00   0.0000000e+00   0.0000000e+00   0.0000000e+00   0.0000000e+00   0.0000000e+00   0.0000000e+00   0.0000000e+00   0.0000000e+00
   2.0000000e+00  -3.2400000e-02  -3.3100000e-02  -2.0100000e-02   9.1000000e-03   3.7700000e-02  -2.3100000e-02   1.5490000e-01   4.0410000e-01  -3.9000000e-02
   2.0000000e+00  -3.1900000e-02  -3.2200000e-02  -2.1400000e-02   1.5500000e-02  -1.6000000e-02  -1.4100000e-02  -4.5400000e-02   3.5200000e-01  -1.2220000e-01
   2.0000000e+00  -3.4300000e-02  -3.2800000e-02  -2.0800000e-02   1.4000000e-02  -4.4500000e-02  -2.4100000e-02  -2.5510000e-01   3.2020000e-01  -9.5300000e-02
   2.0000000e+00  -3.5200000e-02  -3.7000000e-02  -2.2100000e-02   3.4100000e-02  -9.7400000e-02  -6.4200000e-02  -1.1770000e-01   3.8250000e-01   1.1080000e-01
   2.0000000e+00  -4.0100000e-02  -3.9500000e-02  -2.3800000e-02  -9.1000000e-03  -6.7000000e-03  -1.4580000e-01   1.7320000e-01   3.7780000e-01   4.1000000e-03
   2.0000000e+00  -4.3000000e-02  -4.0800000e-02  -2.3400000e-02  -1.4300000e-02  -1.3040000e-01   1.2900000e-02  -2.8070000e-01  -3.9080000e-01  -1.4680000e-01
   2.0000000e+00  -4.1300000e-02  -5.4700000e-02  -2.5800000e-02   1.5190000e-01  -5.2230000e-01   6.8100000e-02  -4.8830000e-01  -1.1830000e-01   1.4130000e-01
   2.0000000e+00  -3.9100000e-02  -8.6100000e-02  -3.6000000e-02   2.7730000e-01  -7.1780000e-01  -3.3600000e-02  -1.9070000e-01   2.8800000e-01   3.1650000e-01
   2.0000000e+00  -3.8600000e-02  -1.1230000e-01  -4.9200000e-02   2.2150000e-01  -2.9790000e-01   5.5200000e-02  -5.3580000e-01  -1.1960000e-01   6.2360000e-01
   2.0000000e+00  -3.1200000e-02  -1.0450000e-01  -5.4400000e-02   9.2300000e-02   9.5110000e-01   1.8500000e-01  -2.6030000e-01   7.8790000e-01   1.2287000e+00
   2.0000000e+00  -2.3500000e-02  -2.6100000e-02  -5.7500000e-02   1.5230000e-01   2.9181000e+00   1.4130000e-01  -1.3260000e-01   1.6620000e+00   1.2311000e+00
   2.0000000e+00  -1.2200000e-02   1.8370000e-01  -4.8900000e-02  -3.8400000e-01   6.1249000e+00   4.2860000e-01   3.2680000e-01   1.2929000e+00   2.2470000e-01
   2.0000000e+00  -1.3300000e-02   4.7520000e-01  -2.9900000e-02  -3.0580000e-01   7.6040000e+00  -1.0960000e-01   8.4710000e-01   1.4019000e+00  -8.3000000e-01
   2.0000000e+00  -2.3800000e-02   8.4130000e-01  -3.3600000e-02   2.5010000e-01   7.2198000e+00  -1.1010000e-01  -8.7260000e-01  -5.4181000e+00  -2.7346000e+00
   2.0000000e+00   1.0200000e-02   1.0801000e+00  -5.8800000e-02   1.5340000e+00   3.7467000e+00  -6.8550000e-01  -7.1830000e-01  -7.9407000e+00  -3.8079000e+00
   2.0000000e+00   6.4600000e-02   1.1981000e+00  -1.1590000e-01   1.2545000e+00   1.9247000e+00  -1.1935000e+00   2.2485000e+00  -7.8230000e+00  -9.0873000e+00
   2.0000000e+00   9.7600000e-02   1.2347000e+00  -1.5040000e-01   5.1700000e-01  -2.3700000e-02  -1.2140000e-01   2.4596000e+00  -1.0823400e+01  -1.0887200e+01
   2.0000000e+00   1.1490000e-01   1.2008000e+00  -1.6140000e-01   3.3230000e-01  -1.4449000e+00  -5.6550000e-01   1.7205000e+00  -7.8835000e+00  -9.1491000e+00
   2.0000000e+00   1.1520000e-01   1.1360000e+00  -1.8540000e-01  -1.3440000e-01  -1.5078000e+00  -5.2600000e-01   1.9515000e+00  -6.9094000e+00  -8.9117000e+00
   2.0000000e+00   8.4300000e-02   9.8900000e-01  -1.9510000e-01  -7.4590000e-01  -4.4363000e+00  -4.7630000e-01   2.2757000e+00  -9.9960000e+00  -1.0923100e+01
   2.0000000e+00   5.0000000e-02   7.7100000e-01  -2.0200000e-01  -5.7620000e-01  -5.7414000e+00  -6.8280000e-01   9.5260000e-01  -7.6118000e+00  -6.6876000e+00
   2.0000000e+00   5.2000000e-03   4.8400000e-01  -2.0980000e-01  -5.8290000e-01  -7.6262000e+00  -1.1644000e+00   7.7930000e-01  -6.5133000e+00  -4.9313000e+00
   2.0000000e+00  -6.1500000e-02   1.2820000e-01  -2.1190000e-01  -8.0860000e-01  -8.0340000e+00  -1.4260000e+00   8.6700000e-02  -4.8306000e+00  -1.2415000e+00
   2.0000000e+00  -1.4360000e-01  -2.4320000e-01  -1.6990000e-01  -1.2951000e+00  -6.9660000e+00  -1.6798000e+00  -9.5660000e-01  -1.1259000e+00   3.2030000e+00
   2.0000000e+00  -1.9890000e-01  -5.1570000e-01  -1.2040000e-01  -4.1420000e-01  -5.6431000e+00  -1.0589000e+00  -3.4093000e+00  -4.7290000e-01   7.6674000e+00
   2.0000000e+00  -2.2340000e-01  -7.3400000e-01  -9.0300000e-02  -5.7930000e-01  -3.8339000e+00  -7.4450000e-01  -2.2278000e+00  -3.9200000e-02   7.2992000e+00
   2.0000000e+00  -2.4590000e-01  -9.2290000e-01  -4.1500000e-02  -8.1100000e-01  -3.5417000e+00  -1.2194000e+00  -1.6707000e+00  -5.6690000e-01   7.5432000e+00
   2.0000000e+00  -2.5750000e-01  -1.0642000e+00   2.5100000e-02  -8.5210000e-01  -2.9106000e+00  -1.2969000e+00  -1.7594000e+00  -1.4056000e+00   9.4218000e+00
   2.0000000e+00  -2.6380000e-01  -1.1966000e+00   7.4100000e-02  -4.8620000e-01  -2.3887000e+00  -9.3890000e-01  -2.8893000e+00  -3.8979000e+00   1.0142800e+01
   2.0000000e+00  -2.6860000e-01  -1.2940000e+00   1.2800000e-01  -5.7190000e-01  -1.3490000e+00  -1.2856000e+00  -2.2681000e+00  -3.1751000e+00   1.0337700e+01
   2.0000000e+00  -2.7320000e-01  -1.3121000e+00   1.7020000e-01  -2.0500000e-02   1.2855000e+00  -4.8190000e-01  -3.1812000e+00  -4.6975000e+00   1.2716300e+01
   2.0000000e+00  -2.8930000e-01  -1.2238000e+00   1.5720000e-01   6.3650000e-01   2.2250000e+00   3.2360000e-01  -3.6198000e+00  -6.0044000e+00   1.3019100e+01
   2.0000000e+00  -2.9050000e-01  -1.1059000e+00   1.2810000e-01   9.6800000e-02   3.5667000e+00   5.3150000e-01  -2.4308000e+00  -4.9724000e+00   9.6958000e+00
   2.0000000e+00  -2.8160000e-01  -8.8920000e-01   6.9900000e-02   1.7088000e+00   5.9049000e+00   1.6016000e+00  -4.5267000e+00  -4.3599000e+00   1.3939200e+01
   2.0000000e+00  -2.5100000e-01  -5.8350000e-01  -5.8300000e-02   2.0237000e+00   7.5049000e+00   2.3813000e+00  -2.6684000e+00  -3.6562000e+00   1.0390500e+01
   2.0000000e+00  -1.6240000e-01  -2.2550000e-01  -1.4800000e-01   1.1784000e+00   8.5263000e+00   2.4068000e+00   5.9400000e-02  -2.3224000e+00   2.8030000e+00
   2.0000000e+00  -6.0500000e-02   1.3080000e-01  -1.6640000e-01   4.5070000e-01   7.0467000e+00   1.6278000e+00   2.9450000e-01  -1.3802000e+00  -6.0560000e-01
   2.0000000e+00  -1.6900000e-02   4.2140000e-01  -1.6620000e-01   7.7670000e-01   5.7011000e+00   6.3530000e-01  -6.6800000e-01  -1.5903000e+00  -1.1813000e+00
   2.0000000e+00   3.0200000e-02   6.6400000e-01  -1.7780000e-01   9.6330000e-01   5.4372000e+00   3.5300000e-02   5.3950000e-01  -2.6841000e+00  -3.1425000e+00
   2.0000000e+00   5.0900000e-02   9.5480000e-01  -1.9530000e-01   3.5720000e-01   6.5265000e+00   7.2900000e-02   2.0488000e+00  -4.5512000e+00  -5.3021000e+00
   2.0000000e+00   8.8300000e-02   1.1681000e+00  -2.0330000e-01   1.3822000e+00   2.1025000e+00  -4.9650000e-01   9.8400000e-02  -1.0422100e+01  -5.8796000e+00
   2.0000000e+00   1.2970000e-01   1.1948000e+00  -2.4400000e-01   6.2000000e-01   1.1070000e-01  -8.5620000e-01   2.3248000e+00  -9.9581000e+00  -1.0619700e+01
   2.0000000e+00   1.2260000e-01   1.1806000e+00  -2.5650000e-01  -1.8720000e-01  -3.9220000e-01   2.4600000e-02   2.2538000e+00  -9.8561000e+00  -9.6617000e+00
   2.0000000e+00   1.2460000e-01   1.1616000e+00  -2.5740000e-01   1.1090000e-01  -8.3250000e-01  -3.7050000e-01   1.3188000e+00  -7.1675000e+00  -7.2423000e+00
   2.0000000e+00   8.8600000e-02   1.0351000e+00  -2.7200000e-01  -1.6438000e+00  -5.0736000e+00  -8.0440000e-01   3.6848000e+00  -1.0298900e+01  -1.2428700e+01
   2.0000000e+00   5.7000000e-03   7.6610000e-01  -2.7680000e-01  -1.2079000e+00  -6.5052000e+00  -9.5390000e-01   1.6088000e+00  -8.3025000e+00  -6.8954000e+00
   2.0000000e+00  -5.3900000e-02   4.6570000e-01  -2.7610000e-01  -1.3488000e+00  -8.6627000e+00  -1.3203000e+00   7.3100000e-01  -6.2209000e+00  -4.4992000e+00
   2.0000000e+00  -1.5560000e-01   7.0000000e-02  -2.3450000e-01  -2.1411000e+00  -8.6996000e+00  -1.8551000e+00   4.0920000e-01  -3.4847000e+00  -1.6599000e+00
   2.0000000e+00  -2.3510000e-01  -3.4800000e-01  -1.6720000e-01  -9.2030000e-01  -8.8364000e+00  -1.0327000e+00  -3.5079000e+00  -3.1105000e+00   5.1360000e+00
   2.0000000e+00  -2.6110000e-01  -7.2010000e-01  -1.1930000e-01  -1.0676000e+00  -5.7287000e+00  -8.8060000e-01  -2.4017000e+00   1.1751000e+00   7.8426000e+00
   2.0000000e+00  -2.8600000e-01  -8.2960000e-01  -7.2700000e-02   1.4080000e-01  -7.0800000e-01  -1.3678000e+00  -3.5977000e+00   3.9942000e+00   1.2705200e+01
   2.0000000e+00  -3.2730000e-01  -9.0460000e-01  -4.8900000e-02  -5.0110000e-01  -2.0933000e+00  -7.4760000e-01  -2.5442000e+00  -3.2829000e+00   6.6001000e+00
   2.0000000e+00  -3.3430000e-01  -1.0041000e+00  -3.0000000e-03  -8.0870000e-01  -1.9723000e+00  -1.0076000e+00  -2.5675000e+00  -2.7624000e+00   7.1143000e+00
   2.0000000e+00  -3.3990000e-01  -1.0812000e+00   3.0900000e-02  -2.8540000e-01  -1.4336000e+00  -5.0290000e-01  -3.7718000e+00  -4.0624000e+00   1.0727900e+01
   2.0000000e+00  -3.4370000e-01  -1.1580000e+00   5.1500000e-02  -2.9150000e-01  -1.6823000e+00  -4.9350000e-01  -3.0495000e+00  -4.4845000e+00   9.6719000e+00
   2.0000000e+00  -3.4200000e-01  -1.2420000e+00   6.8700000e-02  -4.4120000e-01  -1.8145000e+00  -2.1630000e-01  -2.7074000e+00  -6.1367000e+00   9.1308000e+00
   2.0000000e+00  -3.2290000e-01  -1.3202000e+00   7.2400000e-02  -4.6960000e-01  -1.6035000e+00   2.9920000e-01  -2.9506000e+00  -7.4979000e+00   9.4381000e+00
   2.0000000e+00  -3.0370000e-01  -1.3700000e+00   5.9500000e-02  -8.0800000e-02  -3.2560000e-01   4.8960000e-01  -2.9729000e+00  -5.9340000e+00   1.1153100e+01
   2.0000000e+00  -3.0420000e-01  -1.3305000e+00   2.5300000e-02   6.0110000e-01   2.3321000e+00   7.6040000e-01  -3.3278000e+00  -4.1944000e+00   1.2982600e+01
   2.0000000e+00  -3.1110000e-01  -1.1423000e+00  -4.9900000e-02   1.3575000e+00   5.9088000e+00   1.7479000e+00  -3.4720000e+00  -4.0923000e+00   1.2701300e+01
   2.0000000e+00  -2.8360000e-01  -7.7520000e-01  -1.6610000e-01   1.5975000e+00   1.0153100e+01   2.9869000e+00  -3.4915000e+00  -3.2387000e+00   1.1439000e+01
   2.0000000e+00  -1.6530000e-01  -2.8960000e-01  -2.8610000e-01   9.8870000e-01   1.0436900e+01   3.2299000e+00  -6.1820000e-01  -3.7403000e+00   4.4311000e+00
   2.0000000e+00  -5.1900000e-02   1.8260000e-01  -2.5370000e-01  -6.8810000e-01   9.5502000e+00   2.3367000e+00   5.6980000e-01  -1.7270000e+00  -1.1610000e+00
   2.0000000e+00   1.1000000e-02   5.6300000e-01  -1.9380000e-01  -4.1480000e-01   6.4730000e+00   3.2140000e-01   7.4730000e-01  -8.5320000e-01  -3.3137000e+00
   2.0000000e+00  -1.1000000e-02   8.6350000e-01  -1.9130000e-01   7.9700000e-02   7.2731000e+00  -2.8250000e-01   4.1250000e-01  -1.7160000e+00  -3.0034000e+00
   2.0000000e+00   2.1600000e-02   1.1090000e+00  -2.1170000e-01   9.9720000e-01   1.2693000e+00  -6.5970000e-01  -6.6240000e-01  -1.0410900e+01  -4.4035000e+00
   2.0000000e+00   1.3600000e-02   1.0210000e+00  -2.4570000e-01  -8.1330000e-01  -4.5130000e+00  -9.9840000e-01   2.7603000e+00  -1.3537100e+01  -1.3523100e+01
   2.0000000e+00  -2.1700000e-02   7.6960000e-01  -2.7080000e-01   7.5800000e-02  -5.5414000e+00  -4.8980000e-01  -9.7800000e-01  -7.4959000e+00  -5.6987000e+00
   2.0000000e+00  -5.3300000e-02   4.8830000e-01  -2.9210000e-01  -4.8700000e-01  -7.0679000e+00  -1.4185000e+00   5.0470000e-01  -3.2503000e+00  -5.2962000e+00
   2.0000000e+00  -1.2730000e-01   1.5120000e-01  -2.9510000e-01  -9.0620000e-01  -6.9983000e+00  -1.4900000e+00   9.8000000e-02  -2.0751000e+00  -2.4765000e+00
   2.0000000e+00  -2.1060000e-01  -1.9600000e-01  -2.6090000e-01  -9.2360000e-01  -7.3378000e+00  -1.5206000e+00  -1.6249000e+00  -1.4694000e+00   4.5040000e-01
   2.0000000e+00  -2.6470000e-01  -5.2080000e-01  -2.1410000e-01  -9.2380000e-01  -7.4272000e+00  -1.2991000e+00  -2.4594000e+00  -2.2949000e+00   4.0146000e+00
   2.0000000e+00  -2.9630000e-01  -8.4680000e-01  -1.3980000e-01  -1.2194000e+00  -6.4784000e+00  -1.3461000e+00  -2.5296000e+00  -2.0415000e+00   7.0442000e+00
   2.0000000e+00  -3.0160000e-01  -1.0781000e+00  -8.7300000e-02  -5.7650000e-01  -3.5859000e+00  -7.0010000e-01  -3.2614000e+00  -2.4326000e+00   1.1842700e+01
   2.0000000e+00  -3.0240000e-01  -1.1809000e+00  -5.2900000e-02  -3.3710000e-01  -6.5850000e-01  -5.3410000e-01  -2.7401000e+00  -1.7638000e+00   1.1977200e+01
   2.0000000e+00  -3.1270000e-01  -1.1900000e+00  -4.1900000e-02   2.1660000e-01   1.5930000e-01  -3.3890000e-01  -3.1490000e+00  -3.6619000e+00   1.1632000e+01
   2.0000000e+00  -3.2810000e-01  -1.1676000e+00  -4.5100000e-02   2.9410000e-01   9.9560000e-01  -1.0280000e-01  -2.9523000e+00  -4.0952000e+00   1.0099300e+01
   2.0000000e+00  -3.3790000e-01  -1.1045000e+00  -6.4700000e-02   4.2420000e-01   1.7361000e+00   4.7750000e-01  -3.3323000e+00  -4.8945000e+00   9.7019000e+00
   2.0000000e+00  -3.2930000e-01  -9.9780000e-01  -1.0670000e-01   3.4600000e-01   3.3317000e+00   1.0183000e+00  -2.6993000e+00  -3.6566000e+00   9.2935000e+00
   2.0000000e+00  -3.1060000e-01  -8.3900000e-01  -1.4560000e-01   2.0620000e-01   2.9250000e+00   5.1310000e-01  -2.3159000e+00  -1.9518000e+00   7.9947000e+00
   2.0000000e+00  -2.8980000e-01  -7.2280000e-01  -1.6270000e-01   2.6100000e-02   2.8547000e+00   7.8100000e-01  -2.5577000e+00  -2.6114000e+00   6.5051000e+00
   2.0000000e+00  -2.4480000e-01  -4.9390000e-01  -2.1200000e-01   1.2887000e+00   6.8979000e+00   2.0080000e+00  -4.1980000e+00  -9.8200000e-02   1.0221900e+01
   2.0000000e+00  -1.3050000e-01  -1.2080000e-01  -2.8990000e-01   1.1283000e+00   8.7472000e+00   2.8590000e+00  -1.7488000e+00  -2.2387000e+00   4.4031000e+00
   2.0000000e+00  -3.9300000e-02   2.6670000e-01  -2.6190000e-01  -8.3490000e-01   8.8448000e+00   1.6815000e+00   1.4376000e+00   9.9870000e-01  -2.4318000e+00
   2.0000000e+00  -1.4000000e-02   6.6490000e-01  -1.9640000e-01  -5.2270000e-01   7.2493000e+00   6.0260000e-01  -1.1580000e-01  -1.5834000e+00  -2.6236000e+00
   2.0000000e+00  -1.0600000e-02   9.0690000e-01  -1.9420000e-01   4.8540000e-01   3.9350000e+00  -2.4380000e-01  -4.8240000e-01  -5.3489000e+00  -3.7084000e+00
   2.0000000e+00   1.4700000e-02   1.0108000e+00  -2.1140000e-01   7.4330000e-01   1.2398000e+00  -1.2160000e-01   1.0050000e-01  -9.1671000e+00  -7.1881000e+00
   2.0000000e+00   3.1400000e-02   1.0340000e+00  -2.2210000e-01   1.7600000e-01  -3.5630000e-01  -1.9930000e-01   1.0977000e+00  -8.4278000e+00  -9.0635000e+00
   2.0000000e+00   3.5600000e-02   9.6510000e-01  -2.4090000e-01   3.6480000e-01  -2.8521000e+00  -7.6490000e-01   6.1650000e-01  -7.1049000e+00  -7.3160000e+00
   2.0000000e+00   1.7300000e-02   7.5510000e-01  -2.9200000e-01  -1.3410000e-01  -5.2326000e+00  -1.4906000e+00   1.3243000e+00  -5.8505000e+00  -7.5640000e+00
   2.0000000e+00  -2.5200000e-02   5.3550000e-01  -3.2520000e-01  -3.4530000e-01  -4.3587000e+00  -8.9160000e-01   6.4260000e-01  -4.2468000e+00  -6.0116000e+00
   2.0000000e+00  -9.8100000e-02   3.0930000e-01  -3.2440000e-01  -1.3975000e+00  -5.5824000e+00  -1.8496000e+00   1.5848000e+00  -1.4777000e+00  -5.7069000e+00
   2.0000000e+00  -1.8380000e-01   5.6200000e-02  -2.8750000e-01  -1.1969000e+00  -5.4358000e+00  -1.0585000e+00  -6.5610000e-01  -3.4863000e+00  -2.0827000e+00
   2.0000000e+00  -2.3560000e-01  -2.3180000e-01  -2.5070000e-01  -1.1191000e+00  -8.3617000e+00  -1.3505000e+00  -2.1480000e+00  -3.4490000e+00   2.9000000e-03
   2.0000000e+00  -2.8230000e-01  -6.2790000e-01  -1.7630000e-01  -1.2253000e+00  -6.9077000e+00  -7.7210000e-01  -2.7208000e+00  -2.7192000e+00   6.0865000e+00
   2.0000000e+00  -2.8490000e-01  -9.2460000e-01  -1.2630000e-01  -8.7840000e-01  -5.5692000e+00  -8.9170000e-01  -2.6555000e+00  -1.1937000e+00   1.0376500e+01
   2.0000000e+00  -2.8950000e-01  -1.1261000e+00  -6.7900000e-02  -6.8050000e-01  -3.1603000e+00  -1.0968000e+00  -2.6699000e+00  -8.3800000e-01   1.2056000e+01
   2.0000000e+00  -2.9390000e-01  -1.2069000e+00  -4.1500000e-02  -2.8900000e-02   6.9090000e-01  -1.7500000e-02  -3.5712000e+00  -2.8017000e+00   1.3414700e+01
   2.0000000e+00  -2.9630000e-01  -1.0850000e+00  -7.5500000e-02   9.7140000e-01   4.4244000e+00   1.0989000e+00  -4.6435000e+00  -3.1546000e+00   1.4165800e+01
   2.0000000e+00  -2.8000000e-01  -7.9020000e-01  -1.8110000e-01   1.2889000e+00   6.8341000e+00   1.7345000e+00  -3.1613000e+00  -2.4887000e+00   1.0028100e+01
   2.0000000e+00  -2.3070000e-01  -4.2690000e-01  -2.4660000e-01   2.7420000e-01   6.9121000e+00   1.0997000e+00  -9.7120000e-01  -1.1832000e+00   5.2901000e+00
   2.0000000e+00  -1.8490000e-01  -1.3960000e-01  -2.5100000e-01  -1.0160000e-01   6.6597000e+00   1.1637000e+00  -1.5415000e+00  -1.5918000e+00   3.0466000e+00
   2.0000000e+00  -1.4970000e-01   1.3080000e-01  -2.3350000e-01  -2.0340000e-01   5.8508000e+00   6.9970000e-01  -1.9893000e+00  -1.0052000e+00   4.9180000e-01
   2.0000000e+00  -1.2010000e-01   4.2480000e-01  -2.1770000e-01   1.7110000e-01   7.4729000e+00   7.0230000e-01  -2.1037000e+00   6.2190000e-01  -1.9310000e-01
   2.0000000e+00  -1.0920000e-01   7.9050000e-01  -2.0290000e-01  -1.0800000e-02   6.7792000e+00  -1.4740000e-01  -4.3190000e-01  -1.8451000e+00  -3.0804000e+00
   2.0000000e+00  -1.1130000e-01   9.4190000e-01  -2.4220000e-01   5.0240000e-01  -1.2760000e-01  -9.3040000e-01  -6.4320000e-01  -1.0146700e+01  -6.8012000e+00
   2.0000000e+00  -1.1790000e-01   8.5270000e-01  -2.6620000e-01  -1.8640000e-01  -3.7566000e+00  -4.2110000e-01  -2.0960000e-01  -1.1616400e+01  -9.7355000e+00
   2.0000000e+00  -1.2780000e-01   6.2720000e-01  -2.7880000e-01   2.5560000e-01  -5.9069000e+00  -3.1610000e-01  -1.3729000e+00  -6.7118000e+00  -5.4559000e+00
   2.0000000e+00  -1.4060000e-01   3.5730000e-01  -2.9050000e-01  -2.6490000e-01  -5.9374000e+00  -4.9460000e-01  -3.4880000e-01  -1.5848000e+00  -4.3119000e+00
   2.0000000e+00  -1.6800000e-01   1.2140000e-01  -2.7830000e-01  -5.0900000e-01  -3.8335000e+00  -5.3830000e-01  -9.0500000e-01   1.1320000e+00  -1.6712000e+00
   2.0000000e+00  -2.0690000e-01  -4.5700000e-02  -2.5970000e-01  -6.8370000e-01  -3.7019000e+00  -9.5270000e-01  -1.4386000e+00   1.0153000e+00  -1.4570000e-01
   2.0000000e+00  -2.3710000e-01  -1.9690000e-01  -2.3710000e-01  -4.9220000e-01  -3.3445000e+00  -3.3550000e-01  -2.3382000e+00  -3.8200000e-01   1.4797000e+00
   2.0000000e+00  -2.5350000e-01  -3.6830000e-01  -2.1000000e-01  -5.5590000e-01  -4.4800000e+00  -4.9740000e-01  -2.1073000e+00  -1.2861000e+00   2.2409000e+00
   2.0000000e+00  -2.5690000e-01  -5.2770000e-01  -1.8870000e-01  -2.0380000e-01  -1.6710000e+00   2.1180000e-01  -2.7964000e+00   1.7000000e-01   6.1141000e+00
   2.0000000e+00  -2.2280000e-01  -4.7710000e-01  -2.0760000e-01   5.7860000e-01   4.0820000e+00   1.2569000e+00  -2.8855000e+00   2.0921000e+00   9.0454000e+00
   2.0000000e+00  -1.5920000e-01  -2.4020000e-01  -2.4380000e-01   3.2450000e-01   6.9783000e+00   2.0267000e+00  -1.2883000e+00   1.3097000e+00   4.7684000e+00
   2.0000000e+00  -7.4600000e-02   1.1430000e-01  -2.2060000e-01  -3.7770000e-01   8.0783000e+00   1.6846000e+00  -7.1150000e-01   1.2752000e+00   1.0320000e+00
   2.0000000e+00  -4.3900000e-02   4.2470000e-01  -1.8100000e-01  -6.5090000e-01   6.4674000e+00   6.8040000e-01   8.7500000e-02  -7.7900000e-01  -2.1758000e+00
   2.0000000e+00  -3.8400000e-02   7.1470000e-01  -1.4340000e-01   9.2900000e-02   4.3703000e+00   3.8670000e-01  -8.5130000e-01  -4.4940000e+00  -4.0896000e+00
   2.0000000e+00  -3.0200000e-02   8.5280000e-01  -1.4440000e-01   1.6920000e-01   2.1380000e+00  -2.5270000e-01  -5.4400000e-02  -5.1710000e+00  -6.4888000e+00
   2.0000000e+00  -2.8800000e-02   9.4500000e-01  -1.4490000e-01   1.1490000e-01   2.2849000e+00   1.2310000e-01   1.5480000e-01  -5.5232000e+00  -7.2127000e+00
   2.0000000e+00  -2.2600000e-02   1.0216000e+00  -1.5120000e-01   1.8770000e-01   1.1221000e+00  -4.4510000e-01  -5.4600000e-02  -5.4954000e+00  -7.5179000e+00
   2.0000000e+00  -1.5400000e-02   1.0211000e+00  -1.7170000e-01   3.9020000e-01  -1.6189000e+00  -3.9990000e-01  -5.7800000e-02  -8.4260000e+00  -7.8575000e+00
   2.0000000e+00  -2.6800000e-02   8.4280000e-01  -2.0040000e-01  -1.7170000e-01  -4.8840000e+00  -8.8060000e-01   7.4550000e-01  -8.1065000e+00  -8.8888000e+00
   2.0000000e+00  -5.3900000e-02   6.0090000e-01  -2.2950000e-01  -3.2400000e-02  -5.4587000e+00  -9.3900000e-01  -9.4400000e-02  -3.8579000e+00  -5.7807000e+00
   2.0000000e+00  -9.6400000e-02   3.2010000e-01  -2.5120000e-01  -3.9280000e-01  -6.8487000e+00  -1.1734000e+00   1.7490000e-01  -2.7964000e+00  -4.9546000e+00
   2.0000000e+00  -1.5650000e-01  -1.5100000e-02  -2.4670000e-01  -3.2310000e-01  -6.6823000e+00  -9.2780000e-01  -1.8315000e+00  -2.1329000e+00  -5.5800000e-02
   2.0000000e+00  -1.9600000e-01  -3.0420000e-01  -2.5120000e-01   1.9560000e-01  -6.5952000e+00  -8.8760000e-01  -2.5361000e+00  -7.3980000e-01   3.2682000e+00
   2.0000000e+00  -2.3460000e-01  -5.9200000e-01  -2.3890000e-01  -3.9520000e-01  -6.0819000e+00  -1.0277000e+00  -1.2576000e+00  -3.3590000e-01   3.9431000e+00
   2.0000000e+00  -2.5430000e-01  -8.3410000e-01  -1.9560000e-01  -6.8620000e-01  -4.2996000e+00  -7.3720000e-01  -2.1218000e+00  -5.1650000e-01   7.2813000e+00
   2.0000000e+00  -2.6220000e-01  -9.9150000e-01  -1.5280000e-01  -6.2960000e-01  -2.4782000e+00  -8.2750000e-01  -2.2357000e+00  -5.3280000e-01   9.4691000e+00
   2.0000000e+00  -2.7300000e-01  -1.0936000e+00  -1.1250000e-01  -3.2750000e-01  -1.7237000e+00  -9.0970000e-01  -2.4317000e+00  -1.8082000e+00   1.0147400e+01
   2.0000000e+00  -2.8490000e-01  -1.1634000e+00  -7.8200000e-02  -3.8590000e-01  -1.2547000e+00  -8.3330000e-01  -2.3189000e+00  -3.8236000e+00   9.5604000e+00
   2.0000000e+00  -2.9220000e-01  -1.2166000e+00  -4.9100000e-02  -3.0000000e-02  -6.4900000e-01  -3.5720000e-01  -3.1220000e+00  -5.1610000e+00   1.0842900e+01
   2.0000000e+00  -2.9380000e-01  -1.2136000e+00  -5.7200000e-02   1.4170000e-01   1.2935000e+00   5.6960000e-01  -3.2507000e+00  -5.6081000e+00   1.0973400e+01
   2.0000000e+00  -2.8450000e-01  -1.1057000e+00  -1.0230000e-01   6.7410000e-01   3.2567000e+00   1.1249000e+00  -3.4052000e+00  -4.3355000e+00   1.1268300e+01
   2.0000000e+00  -2.6310000e-01  -9.0550000e-01  -1.7870000e-01   7.7360000e-01   5.8946000e+00   2.0414000e+00  -2.6652000e+00  -3.1122000e+00   1.0349700e+01
   2.0000000e+00  -1.9140000e-01  -5.7840000e-01  -2.6570000e-01   7.4660000e-01   7.4637000e+00   2.1732000e+00  -1.7999000e+00  -9.1580000e-01   7.9798000e+00
   2.0000000e+00  -1.1840000e-01  -2.5890000e-01  -2.9050000e-01  -2.0410000e-01   6.1818000e+00   1.2686000e+00  -5.4960000e-01  -1.8380000e-01   2.7726000e+00
   2.0000000e+00  -7.2200000e-02   1.5400000e-02  -2.7270000e-01  -3.3430000e-01   5.4512000e+00   7.4000000e-01  -3.0210000e-01   4.6550000e-01   1.0277000e+00
   2.0000000e+00  -5.2900000e-02   2.5960000e-01  -2.4130000e-01  -7.5310000e-01   6.6730000e+00   7.6420000e-01  -3.3410000e-01   9.2300000e-01  -1.1310000e+00
   2.0000000e+00  -5.2500000e-02   5.3310000e-01  -2.0460000e-01  -3.9610000e-01   4.6204000e+00  -9.4800000e-02  -6.5170000e-01  -1.9025000e+00  -2.6533000e+00
   2.0000000e+00  -6.1300000e-02   7.1410000e-01  -2.0160000e-01   5.2400000e-02   3.6163000e+00   1.7210000e-01  -1.0038000e+00  -4.5639000e+00  -3.8106000e+00
   2.0000000e+00  -6.1100000e-02   8.2950000e-01  -2.0540000e-01   7.1900000e-02   1.1106000e+00  -4.0300000e-01  -3.9030000e-01  -6.0044000e+00  -6.9156000e+00
   2.0000000e+00  -5.9200000e-02   8.2530000e-01  -2.2340000e-01   3.7830000e-01  -1.2092000e+00  -3.5970000e-01  -6.5450000e-01  -7.0498000e+00  -6.9490000e+00
   2.0000000e+00  -5.9400000e-02   7.4980000e-01  -2.4280000e-01   2.3770000e-01  -2.3190000e+00  -4.1980000e-01  -1.3970000e-01  -5.6879000e+00  -7.2861000e+00
   2.0000000e+00  -6.0900000e-02   6.1790000e-01  -2.6510000e-01   4.5220000e-01  -3.5143000e+00  -5.7320000e-01  -2.3800000e-01  -4.2589000e+00  -6.2087000e+00
   2.0000000e+00  -6.6700000e-02   4.6330000e-01  -2.8710000e-01   1.0690000e-01  -2.3187000e+00  -4.0100000e-02  -8.1100000e-02  -2.5622000e+00  -5.5222000e+00
   2.0000000e+00  -6.3300000e-02   3.9620000e-01  -2.8260000e-01  -1.0450000e-01  -1.0783000e+00  -3.9400000e-02  -7.3200000e-02  -6.0000000e-01  -4.7362000e+00
   2.0000000e+00  -7.9200000e-02   3.4360000e-01  -2.8040000e-01  -3.4180000e-01  -1.3568000e+00  -5.1090000e-01   2.7610000e-01  -6.8800000e-02  -4.6345000e+00
   2.0000000e+00  -1.0640000e-01   2.8460000e-01  -2.6690000e-01  -5.4490000e-01  -9.6270000e-01  -1.6630000e-01  -5.7680000e-01  -1.6216000e+00  -3.7044000e+00
   2.0000000e+00  -1.2110000e-01   2.3800000e-01  -2.5100000e-01  -3.6100000e-01  -1.4431000e+00  -2.8230000e-01  -1.2658000e+00  -1.2644000e+00  -2.4904000e+00
   2.0000000e+00  -1.3850000e-01   1.6670000e-01  -2.4110000e-01  -2.5980000e-01  -1.6626000e+00  -2.0780000e-01  -1.3211000e+00  -1.0327000e+00  -2.2119000e+00
   2.0000000e+00  -1.5310000e-01   8.8800000e-02  -2.3550000e-01  -1.4750000e-01  -1.8826000e+00  -3.9460000e-01  -1.3718000e+00  -2.3570000e-01  -1.4225000e+00
