   0.0000000e+00   0.0000000e+00   0.0000000e+00   0.0000000e+00   0.0000000e+00   0.0000000e+00   0.0000000e+00   0.0000000e+00   0.0000000e+00   0.0000000e+00
   0.0000000e+00  -6.4400000e-02  -3.3700000e-02   3.5000000e-02   8.6000000e-03   3.0000000e-03  -1.5700000e-02  -5.3560000e-01   1.3400000e-01  -8.7600000e-02
   0.0000000e+00  -6.6500000e-02  -3.3800000e-02   3.3300000e-02   3.9700000e-02   2.3800000e-02  -7.4600000e-02  -4.1180000e-01  -7.4000000e-02   2.6960000e-01
   0.0000000e+00  -6.8700000e-02  -3.1000000e-02   3.4800000e-02  -9.4100000e-02   7.0400000e-02  -3.0800000e-02  -5.0280000e-01   2.0400000e-01   9.2500000e-02
   0.0000000e+00  -6.9600000e-02  -3.0500000e-02   3.7300000e-02  -2.2800000e-02  -4.2900000e-02  -1.6900000e-02  -3.7140000e-01   9.3200000e-02  -3.7370000e-01
   0.0000000e+00  -7.0800000e-02  -3.1900000e-02   3.8700000e-02  -6.8000000e-02   5.3100000e-02  -1.3500000e-02  -6.4690000e-01   2.8270000e-01   2.9550000e-01
   0.0000000e+00  -7.1500000e-02  -2.9000000e-02   4.1600000e-02  -4.2700000e-02  -7.5000000e-03  -3.9500000e-02  -3.4720000e-01  -4.9380000e-01  -5.4730000e-01
   0.0000000e+00  -7.5600000e-02  -2.9900000e-02   4.1700000e-02   2.0000000e-03  -2.1700000e-02  -1.1700000e-01  -5.6840000e-01  -4.6700000e-02   4.0700000e-02
   0.0000000e+00  -8.1900000e-02  -3.3600000e-02   4.1700000e-02   3.3200000e-02  -1.6430000e-01  -1.6420000e-01  -7.9210000e-01   1.1280000e-01  -2.2390000e-01
   0.0000000e+00  -8.8500000e-02  -4.1700000e-02   4.0600000e-02  -4.5000000e-02  -1.8010000e-01  -8.5600000e-02  -8.7580000e-01   1.1339000e+00   9.1530000e-01
   0.0000000e+00  -9.1200000e-02  -4.9300000e-02   4.6700000e-02  -1.7020000e-01  -1.1030000e-01  -5.0500000e-02  -5.7600000e-01   1.1063000e+00   3.4000000e-03
   0.0000000e+00  -8.9900000e-02  -6.2200000e-02   5.0600000e-02  -4.7800000e-02  -6.8720000e-01   1.1030000e-01  -6.9140000e-01   2.1154000e+00  -1.1294000e+00
   0.0000000e+00  -7.8600000e-02  -1.0660000e-01   5.1200000e-02  -6.9800000e-02  -9.9090000e-01   4.0760000e-01  -7.1700000e-01   3.3367000e+00   3.4900000e-01
   0.0000000e+00  -5.5600000e-02  -1.4810000e-01   4.5400000e-02   3.3990000e-01  -1.5224000e+00   6.7420000e-01  -7.8900000e-01   4.1208000e+00  -4.0350000e+00
   0.0000000e+00  -1.4300000e-02  -2.5860000e-01   1.2300000e-02   5.9990000e-01  -3.0090000e+00   1.4423000e+00  -8.0930000e-01   3.5417000e+00   7.1990000e-01
   0.0000000e+00   4.3000000e-02  -3.5770000e-01  -3.0700000e-02   5.2870000e-01  -1.8382000e+00   1.5640000e+00   1.9910000e-01  -1.6998000e+00   2.3115000e+00
   0.0000000e+00   9.4300000e-02  -4.4070000e-01  -8.0500000e-02   5.6060000e-01  -1.5807000e+00   1.3014000e+00   4.1210000e-01  -3.5108000e+00   3.3188000e+00
   0.0000000e+00   1.3160000e-01  -5.3450000e-01  -1.2190000e-01   3.5140000e-01  -2.0585000e+00   1.1614000e+00   5.7620000e-01  -4.1708000e+00   4.8051000e+00
   0.0000000e+00   1.6230000e-01  -6.2260000e-01  -1.6140000e-01   3.4480000e-01  -1.1473000e+00   7.3190000e-01   1.2025000e+00  -6.9319000e+00   5.9644000e+00
   0.0000000e+00   1.6830000e-01  -6.5450000e-01  -1.8470000e-01   2.5700000e-01   3.0600000e-01   7.7800000e-02   1.4568000e+00  -6.7494000e+00   7.7359000e+00
   0.0000000e+00   1.5940000e-01  -6.1250000e-01  -1.8990000e-01   1.5220000e-01   1.7385000e+00  -1.7560000e-01   6.4640000e-01  -4.7383000e+00   7.3080000e+00
   0.0000000e+00   1.4450000e-01  -5.3030000e-01  -1.7880000e-01  -3.7770000e-01   1.8138000e+00  -5.4860000e-01   1.1962000e+00  -5.3530000e+00   6.4732000e+00
   0.0000000e+00   1.2160000e-01  -4.5010000e-01  -1.4540000e-01  -3.1380000e-01   1.7935000e+00  -7.4550000e-01  -1.0100000e-02  -2.9882000e+00   3.5205000e+00
   0.0000000e+00   9.5900000e-02  -3.4610000e-01  -1.2020000e-01  -4.6920000e-01   2.8512000e+00  -7.6630000e-01   3.2430000e-01  -2.7560000e+00   3.9184000e+00
   0.0000000e+00   6.3400000e-02  -2.0740000e-01  -7.7600000e-02  -7.9480000e-01   3.5014000e+00  -8.7200000e-01  -1.8077000e+00   7.1880000e-01   2.3410000e-01
   0.0000000e+00   4.1600000e-02  -4.5000000e-02  -2.5700000e-02  -1.4126000e+00   3.3323000e+00  -6.1490000e-01   1.8500000e-01  -3.6311000e+00  -1.1659000e+00
   0.0000000e+00  -7.8000000e-03   6.2800000e-02   4.3400000e-02  -1.6065000e+00   1.4230000e+00  -1.1875000e+00  -1.0563000e+00  -7.9610000e-01  -5.5953000e+00
   0.0000000e+00  -6.4600000e-02   1.3690000e-01   9.4200000e-02  -9.4470000e-01   2.0078000e+00  -9.2230000e-01  -5.6890000e-01   2.6080000e-01  -2.2922000e+00
   0.0000000e+00  -1.2250000e-01   2.1410000e-01   1.3350000e-01  -1.4458000e+00   1.6308000e+00  -1.1889000e+00  -1.8376000e+00   1.2877000e+00  -2.6491000e+00
   0.0000000e+00  -1.7560000e-01   2.9790000e-01   1.7330000e-01  -8.6860000e-01   2.1544000e+00  -7.2440000e-01  -1.2883000e+00   1.8312000e+00  -5.9991000e+00
   0.0000000e+00  -2.1470000e-01   3.6480000e-01   1.9020000e-01  -3.1460000e-01   9.8110000e-01  -3.1240000e-01  -2.1848000e+00   5.3485000e+00  -7.0755000e+00
   0.0000000e+00  -2.1620000e-01   4.1030000e-01   1.9580000e-01  -5.4400000e-02   7.7960000e-01   2.8240000e-01  -1.5154000e+00   4.0708000e+00  -6.6450000e+00
   0.0000000e+00  -1.9310000e-01   4.2310000e-01   1.9920000e-01   3.9150000e-01  -6.7200000e-02   6.6450000e-01  -1.6032000e+00   3.4880000e+00  -8.4513000e+00
   0.0000000e+00  -1.4440000e-01   4.0910000e-01   1.8490000e-01   8.2720000e-01  -6.9130000e-01   9.0680000e-01  -1.2977000e+00   2.1775000e+00  -7.7063000e+00
   0.0000000e+00  -8.6500000e-02   3.6220000e-01   1.6080000e-01   1.2732000e+00  -1.8395000e+00   1.0698000e+00  -1.3307000e+00   7.9540000e-01  -8.9597000e+00
   0.0000000e+00  -1.3400000e-02   2.3710000e-01   1.1020000e-01   1.7946000e+00  -3.6632000e+00   1.2334000e+00  -1.2851000e+00  -1.2668000e+00  -6.7393000e+00
   0.0000000e+00   5.5000000e-02   4.7300000e-02   4.1400000e-02   1.5288000e+00  -4.2599000e+00   1.0243000e+00  -9.4300000e-02  -3.8503000e+00  -2.8296000e+00
   0.0000000e+00   8.7100000e-02  -1.4400000e-01  -2.6400000e-02   1.5514000e+00  -4.3218000e+00   9.1940000e-01  -7.8210000e-01  -1.3874000e+00  -3.9900000e-01
   0.0000000e+00   1.1650000e-01  -3.1980000e-01  -1.0260000e-01   1.4458000e+00  -3.1627000e+00   1.0844000e+00   1.8270000e-01  -4.3193000e+00   3.1800000e+00
   0.0000000e+00   1.2790000e-01  -4.6180000e-01  -1.6610000e-01   1.0438000e+00  -2.6971000e+00   5.2770000e-01   3.3440000e-01  -5.2159000e+00   4.8160000e+00
   0.0000000e+00   1.3040000e-01  -5.6390000e-01  -2.1210000e-01   7.4150000e-01  -1.2765000e+00   5.6390000e-01   4.0520000e-01  -3.8292000e+00   6.4570000e+00
   0.0000000e+00   1.2760000e-01  -5.9300000e-01  -2.4410000e-01   3.3860000e-01   2.1490000e-01   1.0260000e-01   5.3610000e-01  -5.0258000e+00   8.0073000e+00
   0.0000000e+00   1.2820000e-01  -5.6750000e-01  -2.4670000e-01  -2.3140000e-01   1.1866000e+00  -3.6000000e-02   7.1210000e-01  -5.4005000e+00   7.2028000e+00
   0.0000000e+00   1.2810000e-01  -4.9020000e-01  -2.2260000e-01  -6.6870000e-01   2.0235000e+00  -3.7010000e-01   6.1050000e-01  -4.9017000e+00   6.3951000e+00
   0.0000000e+00   1.2220000e-01  -3.8090000e-01  -1.7670000e-01  -1.0249000e+00   2.5194000e+00  -5.5650000e-01   5.2290000e-01  -3.3812000e+00   4.2330000e+00
   0.0000000e+00   1.0990000e-01  -2.5070000e-01  -1.2370000e-01  -1.0828000e+00   3.3228000e+00  -5.4440000e-01  -2.8410000e-01  -1.8747000e+00   2.3745000e+00
   0.0000000e+00   9.0600000e-02  -6.5700000e-02  -5.9600000e-02  -1.4129000e+00   3.9534000e+00  -4.8710000e-01  -2.1620000e-01  -7.9690000e-01   6.2350000e-01
   0.0000000e+00   6.4600000e-02   8.7300000e-02  -3.4000000e-03  -1.2700000e+00   2.6722000e+00  -7.0760000e-01  -5.9820000e-01  -3.1185000e+00  -3.7905000e+00
   0.0000000e+00   2.4000000e-02   1.9400000e-01   5.4800000e-02  -1.6233000e+00   1.5839000e+00  -5.3150000e-01  -2.8290000e-01  -1.7645000e+00  -4.7368000e+00
   0.0000000e+00  -3.0200000e-02   2.5580000e-01   1.1700000e-01  -1.3795000e+00   1.1782000e+00  -8.5660000e-01   1.1760000e-01  -2.5320000e-01  -5.2756000e+00
   0.0000000e+00  -9.3700000e-02   2.9400000e-01   1.5260000e-01  -1.0047000e+00   5.5280000e-01  -1.1467000e+00  -4.3770000e-01   5.2940000e-01  -4.7452000e+00
   0.0000000e+00  -1.5430000e-01   3.3140000e-01   1.7230000e-01  -7.9760000e-01   1.0345000e+00  -1.1516000e+00  -1.1272000e+00   1.6595000e+00  -5.3876000e+00
   0.0000000e+00  -1.9780000e-01   3.7110000e-01   1.8280000e-01  -4.2510000e-01   9.5490000e-01  -4.7910000e-01  -1.6000000e+00   3.5811000e+00  -5.5278000e+00
   0.0000000e+00  -2.1450000e-01   4.1180000e-01   1.8880000e-01  -2.0870000e-01   4.9460000e-01  -1.2980000e-01  -1.5092000e+00   3.0405000e+00  -8.4344000e+00
   0.0000000e+00  -2.0060000e-01   4.0530000e-01   1.8540000e-01   5.7370000e-01  -3.6280000e-01   6.1320000e-01  -1.5857000e+00   4.6709000e+00  -9.1067000e+00
   0.0000000e+00  -1.5400000e-01   3.7500000e-01   1.6340000e-01   1.0464000e+00  -1.6671000e+00   8.5080000e-01  -1.2130000e+00   2.0073000e+00  -9.1282000e+00
   0.0000000e+00  -9.2900000e-02   2.8270000e-01   1.3000000e-01   1.3371000e+00  -2.5398000e+00   1.2988000e+00  -1.1449000e+00   2.5989000e+00  -6.1626000e+00
   0.0000000e+00  -2.0100000e-02   1.6090000e-01   8.1000000e-02   1.4486000e+00  -3.2650000e+00   1.2726000e+00  -7.5950000e-01   4.7890000e-01  -4.1516000e+00
   0.0000000e+00   5.9900000e-02   4.4000000e-03   3.2800000e-02   8.8750000e-01  -2.8688000e+00   1.7398000e+00  -2.7180000e-01  -4.6990000e-01  -7.6150000e-01
   0.0000000e+00   1.1940000e-01  -1.2400000e-01  -1.2400000e-02   1.1604000e+00  -3.1683000e+00   1.0252000e+00   9.3070000e-01  -4.5185000e+00  -2.1032000e+00
   0.0000000e+00   1.3500000e-01  -2.6970000e-01  -7.3400000e-02   1.3607000e+00  -2.7013000e+00   3.5600000e-01   1.2620000e-01  -2.5731000e+00   1.3208000e+00
   0.0000000e+00   1.3140000e-01  -3.8290000e-01  -1.4850000e-01   1.4472000e+00  -2.0209000e+00   5.0310000e-01   8.5400000e-02  -3.5837000e+00   2.9573000e+00
   0.0000000e+00   1.2520000e-01  -4.8160000e-01  -1.9770000e-01   5.4740000e-01  -1.9504000e+00   1.5700000e-01   1.2442000e+00  -4.6478000e+00   5.9455000e+00
   0.0000000e+00   1.1060000e-01  -5.6980000e-01  -2.2200000e-01   6.5430000e-01  -1.3953000e+00   1.0160000e-01  -2.3030000e-01  -2.3710000e+00   5.4371000e+00
   0.0000000e+00   1.0830000e-01  -6.1640000e-01  -2.4260000e-01   4.7800000e-02  -3.5530000e-01   1.4890000e-01   6.6030000e-01  -6.0468000e+00   8.2583000e+00
   0.0000000e+00   1.0680000e-01  -6.0480000e-01  -2.3360000e-01  -3.9100000e-01   1.1462000e+00  -3.9510000e-01   6.4260000e-01  -6.9712000e+00   8.6140000e+00
   0.0000000e+00   9.7500000e-02  -5.2210000e-01  -1.9320000e-01  -9.4820000e-01   2.4596000e+00  -7.0120000e-01  -2.3330000e-01  -5.0450000e+00   7.1264000e+00
   0.0000000e+00   9.0200000e-02  -3.9340000e-01  -1.2950000e-01  -1.3923000e+00   3.0740000e+00  -7.8140000e-01  -2.5160000e-01  -5.0178000e+00   3.4750000e+00
   0.0000000e+00   7.4400000e-02  -2.3790000e-01  -5.3000000e-02  -1.8734000e+00   3.1442000e+00  -4.0540000e-01  -1.3757000e+00  -9.8210000e-01   3.6202000e+00
   0.0000000e+00   5.8000000e-02  -1.3480000e-01   5.0300000e-02  -1.9745000e+00   9.9830000e-01  -8.5250000e-01  -1.1903000e+00  -1.8070000e-01  -5.3506000e+00
   0.0000000e+00   3.2800000e-02  -3.6100000e-02   1.1400000e-01  -1.0879000e+00   3.3053000e+00  -5.7400000e-01   7.6120000e-01  -3.3840000e-01   7.6360000e-01
   0.0000000e+00  -1.9700000e-02   9.2700000e-02   1.8700000e-01  -2.0784000e+00   2.0078000e+00  -1.5315000e+00  -5.3330000e-01  -2.1198000e+00  -3.7790000e+00
   0.0000000e+00  -9.2600000e-02   1.9760000e-01   2.5590000e-01  -1.6944000e+00   3.2946000e+00  -1.1396000e+00  -1.8216000e+00   1.3705000e+00  -4.4600000e+00
   0.0000000e+00  -1.7970000e-01   3.2150000e-01   3.1270000e-01  -1.5980000e+00   2.0302000e+00  -1.6890000e+00  -1.6533000e+00  -4.7020000e-01  -6.8072000e+00
   0.0000000e+00  -2.6380000e-01   4.0520000e-01   3.3710000e-01  -8.4690000e-01   1.7372000e+00  -1.2991000e+00  -2.2600000e+00   2.7427000e+00  -7.9329000e+00
   0.0000000e+00  -3.0360000e-01   4.7240000e-01   3.4530000e-01  -4.3020000e-01   1.1131000e+00  -2.5170000e-01  -3.1099000e+00   4.2877000e+00  -8.6212000e+00
   0.0000000e+00  -3.0350000e-01   4.7710000e-01   3.5040000e-01   3.6730000e-01  -7.5030000e-01   4.3890000e-01  -3.4578000e+00   4.7616000e+00  -1.1634400e+01
   0.0000000e+00  -2.4440000e-01   4.4260000e-01   3.3840000e-01   9.9080000e-01  -7.9380000e-01   1.3123000e+00  -2.9655000e+00   2.3479000e+00  -8.5397000e+00
   0.0000000e+00  -1.7190000e-01   3.8880000e-01   3.1480000e-01   1.3265000e+00  -1.9603000e+00   1.2609000e+00  -2.0693000e+00   1.0722000e+00  -8.9170000e+00
   0.0000000e+00  -9.4900000e-02   3.0380000e-01   2.7660000e-01   1.7340000e+00  -2.6931000e+00   1.5953000e+00  -1.7584000e+00   1.8440000e-01  -8.1664000e+00
   0.0000000e+00  -0.0000000e+00   1.3420000e-01   2.0460000e-01   2.2889000e+00  -4.5497000e+00   1.7100000e+00  -1.6196000e+00  -1.6688000e+00  -6.3385000e+00
   0.0000000e+00   8.0600000e-02  -6.6600000e-02   1.0310000e-01   2.2101000e+00  -4.3254000e+00   1.4271000e+00  -6.5900000e-01  -5.0631000e+00  -2.0165000e+00
   0.0000000e+00   1.1450000e-01  -2.9220000e-01   4.4000000e-03   1.9329000e+00  -5.6888000e+00   1.0624000e+00  -6.2580000e-01  -4.6021000e+00   6.0700000e-01
   0.0000000e+00   1.3130000e-01  -5.4200000e-01  -9.7400000e-02   1.6517000e+00  -3.4379000e+00   1.2990000e+00  -3.1410000e-01  -3.9988000e+00   5.9590000e+00
   0.0000000e+00   1.3470000e-01  -6.6610000e-01  -1.7420000e-01   1.2342000e+00  -2.1624000e+00   8.8670000e-01   6.6420000e-01  -6.8494000e+00   7.7616000e+00
   0.0000000e+00   1.2690000e-01  -7.5430000e-01  -2.1940000e-01   6.5690000e-01  -1.4103000e+00   3.3100000e-01   4.3220000e-01  -5.9771000e+00   8.1671000e+00
   0.0000000e+00   1.1690000e-01  -8.0460000e-01  -2.4720000e-01   3.8450000e-01  -2.9050000e-01   2.0240000e-01   3.0900000e-01  -6.0946000e+00   9.3414000e+00
   0.0000000e+00   1.1560000e-01  -7.9750000e-01  -2.5310000e-01  -2.1950000e-01   7.7390000e-01  -6.3700000e-02   7.7130000e-01  -7.0239000e+00   9.5025000e+00
   0.0000000e+00   1.2010000e-01  -7.4930000e-01  -2.3430000e-01  -5.1280000e-01   1.5394000e+00  -3.0760000e-01   6.7480000e-01  -6.3621000e+00   8.0266000e+00
   0.0000000e+00   1.2400000e-01  -6.5820000e-01  -1.9760000e-01  -9.6150000e-01   2.4910000e+00  -5.5390000e-01   6.7760000e-01  -6.0483000e+00   7.4799000e+00
   0.0000000e+00   1.2540000e-01  -5.2850000e-01  -1.4290000e-01  -1.1537000e+00   3.2836000e+00  -5.5700000e-01  -2.1160000e-01  -3.8432000e+00   5.4743000e+00
   0.0000000e+00   1.2240000e-01  -3.7120000e-01  -7.0800000e-02  -1.7627000e+00   2.9935000e+00  -9.8100000e-01   2.3080000e-01  -6.5627000e+00   2.3525000e+00
   0.0000000e+00   8.3900000e-02  -2.5530000e-01   2.6300000e-02  -1.4705000e+00   2.2462000e+00  -1.4585000e+00  -7.3690000e-01  -1.7344000e+00  -5.2130000e-01
   0.0000000e+00   2.0500000e-02  -1.3910000e-01   1.0100000e-01  -1.7876000e+00   1.8094000e+00  -2.0042000e+00  -3.4550000e-01  -2.5778000e+00  -4.6210000e-01
   0.0000000e+00  -5.5700000e-02  -4.6100000e-02   1.9460000e-01  -1.7880000e+00   3.4695000e+00  -1.6128000e+00  -2.0676000e+00   3.4747000e+00  -1.8866000e+00
   0.0000000e+00  -1.2790000e-01   1.3070000e-01   2.6670000e-01  -1.8557000e+00   3.6387000e+00  -1.5566000e+00  -1.1154000e+00  -1.4927000e+00  -4.8705000e+00
   0.0000000e+00  -2.1350000e-01   2.9850000e-01   3.3190000e-01  -1.5542000e+00   3.8533000e+00  -1.3210000e+00  -1.7124000e+00  -3.3420000e-01  -6.1214000e+00
   0.0000000e+00  -2.8950000e-01   4.0710000e-01   3.6550000e-01  -9.5490000e-01   1.5956000e+00  -9.6380000e-01  -3.5048000e+00   4.0575000e+00  -1.0619200e+01
   0.0000000e+00  -3.1310000e-01   4.8580000e-01   3.6840000e-01  -3.7100000e-02   1.8301000e+00  -1.6150000e-01  -2.6346000e+00   2.9406000e+00  -7.7436000e+00
   0.0000000e+00  -3.1140000e-01   5.0560000e-01   3.6980000e-01   1.9970000e-01  -8.1370000e-01   4.6020000e-01  -3.9676000e+00   5.6449000e+00  -1.2936000e+01
   0.0000000e+00  -2.5400000e-01   4.7130000e-01   3.5720000e-01   1.2922000e+00  -8.6960000e-01   1.3600000e+00  -3.4043000e+00   2.7644000e+00  -9.5046000e+00
   0.0000000e+00  -1.6590000e-01   4.1420000e-01   3.3010000e-01   1.2222000e+00  -1.9732000e+00   1.3424000e+00  -2.1469000e+00   8.6900000e-02  -8.0757000e+00
   0.0000000e+00  -8.6100000e-02   3.2630000e-01   2.9910000e-01   1.7076000e+00  -2.4553000e+00   1.6962000e+00  -1.7143000e+00   6.0950000e-01  -8.5025000e+00
   0.0000000e+00   1.2100000e-02   1.8910000e-01   2.3370000e-01   1.8980000e+00  -3.6696000e+00   1.5685000e+00  -1.0393000e+00  -2.4361000e+00  -5.4187000e+00
   0.0000000e+00   9.0000000e-02   1.7700000e-02   1.5910000e-01   2.0140000e+00  -3.5783000e+00   1.5118000e+00  -1.0837000e+00  -1.9461000e+00  -2.4328000e+00
   0.0000000e+00   1.4900000e-01  -1.3750000e-01   6.5700000e-02   2.0148000e+00  -3.3756000e+00   1.3198000e+00   4.9440000e-01  -5.6414000e+00   5.6520000e-01
   0.0000000e+00   1.8360000e-01  -3.0270000e-01  -2.9200000e-02   1.6185000e+00  -2.9975000e+00   1.0730000e+00   8.8360000e-01  -5.5465000e+00   3.0867000e+00
   0.0000000e+00   1.9410000e-01  -4.1980000e-01  -1.0190000e-01   1.2735000e+00  -1.7309000e+00   6.4200000e-01   9.0990000e-01  -5.2344000e+00   6.0878000e+00
   0.0000000e+00   1.9110000e-01  -4.9650000e-01  -1.4340000e-01   5.3170000e-01  -8.5500000e-01   1.7650000e-01   7.9390000e-01  -4.0742000e+00   6.9108000e+00
   0.0000000e+00   1.8810000e-01  -5.0430000e-01  -1.6670000e-01   3.3520000e-01   7.1000000e-01   2.0670000e-01   8.6840000e-01  -4.0188000e+00   7.9120000e+00
   0.0000000e+00   1.9150000e-01  -4.5000000e-01  -1.7040000e-01  -1.9170000e-01   1.7471000e+00   2.7000000e-03   1.2276000e+00  -4.8710000e+00   6.9020000e+00
   0.0000000e+00   1.9140000e-01  -3.5670000e-01  -1.4550000e-01  -8.0140000e-01   2.1524000e+00  -3.0450000e-01   1.1529000e+00  -4.2201000e+00   5.8588000e+00
   0.0000000e+00   1.8510000e-01  -2.4980000e-01  -9.9300000e-02  -1.1670000e+00   2.5741000e+00  -5.1680000e-01   8.1200000e-01  -4.0412000e+00   3.9561000e+00
   0.0000000e+00   1.6830000e-01  -1.1250000e-01  -3.2000000e-02  -1.5912000e+00   2.9721000e+00  -6.6810000e-01   3.5660000e-01  -5.0150000e+00   1.3238000e+00
   0.0000000e+00   1.2290000e-01   2.6400000e-02   4.7100000e-02  -2.2062000e+00   3.1067000e+00  -1.2509000e+00  -6.3070000e-01  -4.6885000e+00   1.5272000e+00
   0.0000000e+00   5.9000000e-02   1.9910000e-01   1.5790000e-01  -2.5333000e+00   3.6479000e+00  -6.4840000e-01  -9.0540000e-01  -3.0726000e+00  -4.1556000e+00
   0.0000000e+00  -1.3800000e-02   3.7250000e-01   2.5420000e-01  -2.8917000e+00   3.9503000e+00  -1.0069000e+00  -1.6859000e+00  -3.2881000e+00  -5.1713000e+00
   0.0000000e+00  -1.2480000e-01   4.8480000e-01   3.4710000e-01  -2.2154000e+00   1.5527000e+00  -1.2337000e+00  -2.9841000e+00   6.0550000e-01  -1.3508900e+01
   0.0000000e+00  -1.9680000e-01   5.8670000e-01   3.8710000e-01  -1.3444000e+00   2.9018000e+00  -7.2250000e-01  -1.6679000e+00   8.0800000e-02  -9.4630000e+00
   0.0000000e+00  -2.5620000e-01   6.8710000e-01   4.1540000e-01  -1.0233000e+00   1.4254000e+00  -3.6150000e-01  -1.9800000e+00   1.6085000e+00  -1.2731400e+01
   0.0000000e+00  -2.7250000e-01   7.2640000e-01   4.3060000e-01  -4.4900000e-02   6.7620000e-01   2.2590000e-01  -2.2491000e+00   2.2602000e+00  -1.3917400e+01
   0.0000000e+00  -2.4860000e-01   7.3960000e-01   4.3260000e-01   6.0710000e-01  -9.6200000e-02   5.9440000e-01  -2.1880000e+00   6.3560000e-01  -1.2933700e+01
   0.0000000e+00  -1.9830000e-01   7.3000000e-01   4.2510000e-01   1.0431000e+00  -5.4890000e-01   7.3320000e-01  -1.7783000e+00  -1.8662000e+00  -1.1518300e+01
   0.0000000e+00  -1.3450000e-01   6.7500000e-01   4.0400000e-01   1.3439000e+00  -1.8188000e+00   7.5940000e-01  -1.6918000e+00  -1.2459000e+00  -1.2034700e+01
   0.0000000e+00  -5.4100000e-02   5.9850000e-01   3.6410000e-01   2.1147000e+00  -1.9419000e+00   1.0045000e+00  -1.2085000e+00  -1.9062000e+00  -9.7256000e+00
   0.0000000e+00   2.4800000e-02   5.0000000e-01   3.1140000e-01   2.1858000e+00  -3.3731000e+00   8.5370000e-01  -2.7070000e-01  -4.0708000e+00  -9.1590000e+00
   0.0000000e+00   1.0370000e-01   3.2040000e-01   2.2970000e-01   2.5709000e+00  -4.0446000e+00   8.6490000e-01  -7.7070000e-01  -2.9106000e+00  -5.3291000e+00
   0.0000000e+00   1.7100000e-01   1.0970000e-01   1.1810000e-01   2.6783000e+00  -4.9130000e+00   7.3030000e-01  -9.9900000e-02  -5.8271000e+00  -4.4712000e+00
   0.0000000e+00   1.8700000e-01  -1.3000000e-01  -1.0000000e-03   2.8313000e+00  -4.4285000e+00   3.0380000e-01  -1.2852000e+00  -3.1327000e+00   1.0891000e+00
   0.0000000e+00   1.7440000e-01  -3.1530000e-01  -1.1000000e-01   2.0025000e+00  -2.9619000e+00   1.2690000e-01  -1.4740000e-01  -4.1294000e+00   6.2900000e+00
   0.0000000e+00   1.5540000e-01  -4.3860000e-01  -1.7330000e-01   1.0116000e+00  -1.8160000e+00  -1.7800000e-02   6.0630000e-01  -4.6835000e+00   6.1781000e+00
   0.0000000e+00   1.3480000e-01  -4.9230000e-01  -2.0750000e-01   7.5110000e-01  -4.3850000e-01  -9.5400000e-02   4.8620000e-01  -3.8294000e+00   5.5592000e+00
   0.0000000e+00   1.1740000e-01  -5.1090000e-01  -2.2730000e-01   1.8480000e-01  -1.8700000e-02  -5.5300000e-02   6.3740000e-01  -3.0631000e+00   8.3033000e+00
   0.0000000e+00   1.1500000e-01  -4.9980000e-01  -2.1840000e-01  -4.1850000e-01   7.5940000e-01  -2.6360000e-01   1.0254000e+00  -4.1768000e+00   7.9164000e+00
   0.0000000e+00   1.1830000e-01  -4.3810000e-01  -1.8180000e-01  -1.1970000e+00   1.8213000e+00  -3.2770000e-01   7.0600000e-01  -3.8158000e+00   7.5996000e+00
   0.0000000e+00   1.2440000e-01  -3.4380000e-01  -1.1320000e-01  -1.6131000e+00   2.3687000e+00  -3.8880000e-01  -9.4300000e-02  -2.7714000e+00   3.9513000e+00
   0.0000000e+00   1.2270000e-01  -2.0880000e-01  -4.0800000e-02  -1.6517000e+00   3.2998000e+00  -4.4880000e-01   9.4400000e-02  -3.5130000e+00   2.4939000e+00
   0.0000000e+00   1.0860000e-01  -2.0200000e-02   5.2300000e-02  -2.0397000e+00   4.1518000e+00  -4.2200000e-01  -1.4710000e-01  -3.4022000e+00  -1.6390000e-01
   0.0000000e+00   7.5400000e-02   1.7190000e-01   1.3890000e-01  -2.0633000e+00   3.6860000e+00  -6.3840000e-01   3.1060000e-01  -3.9701000e+00  -3.4478000e+00
   0.0000000e+00  -3.0000000e-04   3.4410000e-01   2.3430000e-01  -2.7242000e+00   2.6277000e+00  -1.3586000e+00  -7.1950000e-01  -5.2728000e+00  -6.3481000e+00
   0.0000000e+00  -1.1240000e-01   4.2420000e-01   3.0830000e-01  -2.1739000e+00   1.6757000e+00  -1.6879000e+00  -2.4553000e+00   2.5270000e-01  -8.9042000e+00
   0.0000000e+00  -2.0770000e-01   5.2090000e-01   3.5050000e-01  -1.4830000e+00   1.8466000e+00  -1.1099000e+00  -2.3186000e+00   7.0910000e-01  -1.0090500e+01
   0.0000000e+00  -2.7200000e-01   5.6570000e-01   3.7500000e-01  -9.3060000e-01   7.3450000e-01  -6.7110000e-01  -2.7865000e+00   3.0249000e+00  -1.1690000e+01
   0.0000000e+00  -2.9720000e-01   5.8630000e-01   3.8240000e-01  -1.0180000e-01   2.0800000e-02   4.8500000e-02  -3.2720000e+00   5.0048000e+00  -1.2978300e+01
   0.0000000e+00  -2.6440000e-01   5.6150000e-01   3.7610000e-01   9.0580000e-01  -9.9600000e-01   7.0430000e-01  -2.0252000e+00   2.0644000e+00  -1.1663900e+01
   0.0000000e+00  -2.0360000e-01   5.0810000e-01   3.5180000e-01   1.3501000e+00  -1.7605000e+00   1.0401000e+00  -2.2027000e+00   8.9770000e-01  -9.9154000e+00
   0.0000000e+00  -1.2870000e-01   4.2070000e-01   3.1140000e-01   1.7767000e+00  -2.4565000e+00   1.1445000e+00  -1.6588000e+00  -2.6730000e-01  -8.0949000e+00
   0.0000000e+00  -4.8500000e-02   2.9530000e-01   2.4930000e-01   2.0779000e+00  -3.4653000e+00   1.1926000e+00  -1.5821000e+00  -1.0506000e+00  -7.3881000e+00
   0.0000000e+00   2.5300000e-02   1.4530000e-01   1.6940000e-01   2.1844000e+00  -3.3609000e+00   1.1299000e+00  -8.5730000e-01  -2.9574000e+00  -3.6689000e+00
   0.0000000e+00   7.4600000e-02  -4.0200000e-02   7.0100000e-02   2.1623000e+00  -4.1256000e+00   7.5550000e-01  -5.2700000e-01  -3.8186000e+00  -1.4918000e+00
   0.0000000e+00   8.8700000e-02  -2.1040000e-01  -3.0200000e-02   2.2505000e+00  -3.2214000e+00   3.5290000e-01  -1.8770000e-01  -4.5601000e+00   1.1494000e+00
   0.0000000e+00   7.2400000e-02  -3.7030000e-01  -1.1650000e-01   1.5324000e+00  -3.1321000e+00   1.6930000e-01  -5.2780000e-01  -2.6761000e+00   5.3479000e+00
   0.0000000e+00   6.8900000e-02  -4.8140000e-01  -1.7820000e-01   1.0674000e+00  -1.4888000e+00   5.7680000e-01   1.0360000e-01  -3.9109000e+00   5.9960000e+00
   0.0000000e+00   6.6300000e-02  -5.3010000e-01  -2.2120000e-01   6.2860000e-01  -2.6920000e-01   3.1290000e-01  -7.7700000e-02  -3.4482000e+00   7.7288000e+00
   0.0000000e+00   7.3500000e-02  -5.2380000e-01  -2.4230000e-01  -1.2900000e-02   7.4610000e-01   4.3600000e-01   1.5530000e-01  -3.8205000e+00   8.5354000e+00
   0.0000000e+00   9.2900000e-02  -4.7350000e-01  -2.3120000e-01  -7.3010000e-01   1.3528000e+00   7.5500000e-02   8.3780000e-01  -5.0589000e+00   7.5988000e+00
   0.0000000e+00   1.0370000e-01  -4.0280000e-01  -1.9320000e-01  -9.4170000e-01   2.0095000e+00  -2.0150000e-01   4.1490000e-01  -3.3222000e+00   5.1364000e+00
   0.0000000e+00   1.1100000e-01  -2.9530000e-01  -1.4320000e-01  -1.4355000e+00   2.6398000e+00  -2.1350000e-01   6.2320000e-01  -4.0364000e+00   5.1851000e+00
   0.0000000e+00   1.0450000e-01  -1.4890000e-01  -5.8800000e-02  -1.7974000e+00   3.1998000e+00  -5.4890000e-01  -8.0560000e-01  -2.2573000e+00   1.1008000e+00
   0.0000000e+00   8.7200000e-02  -6.7000000e-03   2.0700000e-02  -1.8306000e+00   2.7202000e+00  -4.8460000e-01  -2.0870000e-01  -3.1080000e+00  -2.0386000e+00
   0.0000000e+00   5.5000000e-02   1.3180000e-01   1.0350000e-01  -1.9145000e+00   3.1811000e+00  -4.6200000e-01  -3.4830000e-01  -7.1550000e-01  -3.3589000e+00
   0.0000000e+00   8.2000000e-03   2.7120000e-01   1.8120000e-01  -1.6656000e+00   2.1582000e+00  -8.3200000e-01   8.1000000e-03  -1.0560000e+00  -8.1179000e+00
   0.0000000e+00  -4.5200000e-02   3.4560000e-01   2.2770000e-01  -1.0761000e+00   9.8250000e-01  -7.0800000e-01  -2.4300000e-01   1.6248000e+00  -1.0096500e+01
   0.0000000e+00  -7.9900000e-02   3.5860000e-01   2.4490000e-01  -2.6380000e-01  -1.0540000e-01  -3.4930000e-01   4.2430000e-01   3.1209000e+00  -8.1971000e+00
   0.0000000e+00  -8.8200000e-02   3.5430000e-01   2.4300000e-01   1.7320000e-01  -2.8670000e-01  -1.8210000e-01   1.4891000e+00   1.6159000e+00  -7.6252000e+00
   0.0000000e+00  -7.7600000e-02   3.1980000e-01   2.2460000e-01   5.8720000e-01  -1.4370000e+00   3.2720000e-01   6.3570000e-01   2.7353000e+00  -8.9648000e+00
   0.0000000e+00  -4.5200000e-02   2.3490000e-01   1.9220000e-01   1.1682000e+00  -2.2400000e+00   5.7580000e-01   6.3750000e-01   1.6322000e+00  -7.5037000e+00
   0.0000000e+00   4.6000000e-03   1.3400000e-01   1.2390000e-01   2.0244000e+00  -2.4257000e+00   7.4330000e-01   6.2780000e-01  -6.9870000e-01  -5.5825000e+00
   0.0000000e+00   4.3500000e-02   1.2600000e-02   3.4200000e-02   2.1283000e+00  -2.9312000e+00   6.2150000e-01  -7.9900000e-02  -1.5988000e+00  -1.7128000e+00
   0.0000000e+00   6.7200000e-02  -1.2640000e-01  -5.6800000e-02   1.8596000e+00  -2.8795000e+00   6.3690000e-01  -3.0290000e-01  -2.3429000e+00   1.8565000e+00
   0.0000000e+00   8.1700000e-02  -2.4710000e-01  -1.3140000e-01   1.4237000e+00  -2.2470000e+00   5.8970000e-01  -3.0860000e-01  -3.2302000e+00   2.7202000e+00
   0.0000000e+00   8.5300000e-02  -3.4310000e-01  -2.0030000e-01   1.2152000e+00  -1.3050000e+00   3.6900000e-01  -1.3760000e-01  -3.3159000e+00   4.9951000e+00
   0.0000000e+00   8.1700000e-02  -3.9220000e-01  -2.4050000e-01   5.7760000e-01  -6.1550000e-01   1.2890000e-01   4.2360000e-01  -3.3833000e+00   6.2678000e+00
   0.0000000e+00   7.4300000e-02  -4.0740000e-01  -2.5530000e-01   2.1540000e-01   2.6300000e-02  -1.3840000e-01   7.4600000e-01  -2.9537000e+00   5.5432000e+00
   0.0000000e+00   6.4000000e-02  -4.0260000e-01  -2.5670000e-01   1.2000000e-01   2.9730000e-01  -3.1210000e-01   1.1419000e+00  -2.4848000e+00   3.8264000e+00
   0.0000000e+00   4.3600000e-02  -3.8170000e-01  -2.5240000e-01  -1.1600000e-01   8.3040000e-01  -4.6660000e-01   6.8960000e-01  -3.2620000e-01   5.7618000e+00
   0.0000000e+00   3.3900000e-02  -3.1730000e-01  -2.2330000e-01  -8.8120000e-01   1.9385000e+00  -3.7170000e-01   5.8640000e-01  -1.0970000e-01   5.2096000e+00
   0.0000000e+00   2.1300000e-02  -2.1860000e-01  -1.5810000e-01  -1.6387000e+00   2.1466000e+00  -6.2090000e-01  -3.5370000e-01   1.3910000e-01   3.6516000e+00
   0.0000000e+00   1.7100000e-02  -1.1340000e-01  -8.2300000e-02  -1.8264000e+00   2.9750000e+00  -9.1200000e-02  -5.0620000e-01  -3.5000000e-02   1.6499000e+00
   0.0000000e+00   1.8100000e-02   3.8100000e-02  -4.5000000e-03  -1.7322000e+00   3.7066000e+00   8.9600000e-02  -2.0650000e-01  -1.4100000e+00  -5.4680000e-01
   0.0000000e+00   1.1000000e-02   2.3080000e-01   7.5700000e-02  -1.7431000e+00   4.1004000e+00   1.4810000e-01  -3.8000000e-01  -2.1931000e+00  -2.2515000e+00
   0.0000000e+00  -1.7000000e-02   3.8940000e-01   1.5200000e-01  -1.7804000e+00   2.5314000e+00  -2.7270000e-01   4.4690000e-01  -3.9587000e+00  -9.3808000e+00
   0.0000000e+00  -5.7200000e-02   4.7200000e-01   1.9170000e-01  -6.2960000e-01   1.5338000e+00  -4.3330000e-01  -2.8930000e-01  -8.1400000e-02  -8.4487000e+00
   0.0000000e+00  -8.2000000e-02   5.4670000e-01   2.0500000e-01  -5.5880000e-01   1.5075000e+00  -3.5470000e-01   2.5950000e-01  -1.7897000e+00  -8.2292000e+00
   0.0000000e+00  -9.7700000e-02   6.0540000e-01   2.1010000e-01  -5.8500000e-02   1.0548000e+00  -6.9400000e-02  -4.3440000e-01  -1.3121000e+00  -8.5418000e+00
   0.0000000e+00  -1.0010000e-01   6.2740000e-01   2.0550000e-01   1.2780000e-01  -2.3490000e-01  -1.2290000e-01  -6.6460000e-01  -1.7112000e+00  -9.1797000e+00
   0.0000000e+00  -9.2300000e-02   5.9770000e-01   1.9520000e-01   3.5240000e-01  -9.7050000e-01   1.5700000e-01  -6.9860000e-01  -6.9580000e-01  -7.3525000e+00
   0.0000000e+00  -7.1900000e-02   5.6010000e-01   1.8550000e-01   4.9790000e-01  -8.4740000e-01   2.7520000e-01  -2.1630000e-01  -1.5438000e+00  -6.5711000e+00
   0.0000000e+00  -4.7200000e-02   5.1460000e-01   1.6670000e-01   5.9740000e-01  -1.1627000e+00   1.7420000e-01  -1.3260000e-01  -1.6369000e+00  -5.8726000e+00
   0.0000000e+00  -2.5200000e-02   4.6900000e-01   1.5150000e-01   4.7310000e-01  -8.4870000e-01   3.3600000e-01   7.7400000e-02  -9.5900000e-01  -4.9131000e+00
   0.0000000e+00   0.0000000e+00   0.0000000e+00   0.0000000e+00   0.0000000e+00   0.0000000e+00   0.0000000e+00   0.0000000e+00   0.0000000e+00   0.0000000e+00
   1.0000000e+00  -1.1400000e-02   3.3900000e-02   4.7400000e-02   4.0800000e-02  -1.7900000e-02  -6.4000000e-03  -3.1240000e-01   2.0500000e-02  -3.6730000e-01
   1.0000000e+00  -1.0600000e-02   3.8100000e-02   4.2700000e-02   6.0200000e-02   1.3300000e-02   6.5300000e-02  -1.4070000e-01  -1.7890000e-01  -3.5320000e-01
   1.0000000e+00  -7.3000000e-03   3.9800000e-02   4.4600000e-02  -4.0300000e-02   4.5600000e-02   3.5500000e-02  -3.9420000e-01   3.4800000e-02  -4.5310000e-01
   1.0000000e+00  -8.4000000e-03   4.0700000e-02   4.5500000e-02   1.1200000e-02   1.0000000e-02  -5.0800000e-02  -2.6230000e-01   2.5550000e-01  -2.3840000e-01
   1.0000000e+00  -7.8000000e-03   4.1600000e-02   4.7000000e-02  -4.5400000e-02   1.7200000e-02   9.9800000e-02  -5.1700000e-02  -5.5300000e-02  -4.9470000e-01
   1.0000000e+00  -6.3000000e-03   4.2500000e-02   4.8400000e-02   4.6800000e-02   4.4200000e-02  -4.3800000e-02   1.2170000e-01   3.7100000e-02  -3.7340000e-01
   1.0000000e+00  -7.7000000e-03   4.9600000e-02   4.3200000e-02   8.5200000e-02   8.2300000e-02  -5.1300000e-02   6.5100000e-02  -1.3200000e-02  -4.0190000e-01
   1.0000000e+00  -1.3300000e-02   6.0000000e-02   3.5600000e-02   1.3960000e-01   8.2700000e-02  -1.9070000e-01  -4.6590000e-01   1.3580000e-01  -5.9500000e-01
   1.0000000e+00  -2.2500000e-02   6.9700000e-02   2.9400000e-02  -4.8100000e-02   1.2360000e-01  -1.6250000e-01  -1.0587000e+00   2.4060000e-01  -8.1080000e-01
   1.0000000e+00  -2.9200000e-02   7.2800000e-02   3.3800000e-02  -6.7100000e-02   7.7700000e-02  -1.4440000e-01  -1.0526000e+00   6.4190000e-01  -4.1070000e-01
   1.0000000e+00  -4.9000000e-02   7.0100000e-02   3.6800000e-02  -1.0270000e-01  -1.2950000e-01  -9.5960000e-01  -2.0867000e+00   1.8979000e+00  -2.3090000e-01
   1.0000000e+00  -9.8300000e-02   4.9900000e-02   4.9800000e-02  -3.2550000e-01  -3.5150000e-01  -8.9190000e-01  -1.9949000e+00   2.1579000e+00  -3.1230000e-01
   1.0000000e+00  -1.4820000e-01   1.7200000e-02   6.1800000e-02  -1.1210000e-01  -9.2630000e-01  -2.2082000e+00  -2.8820000e+00   4.1741000e+00   2.2760000e-01
   1.0000000e+00  -2.7990000e-01  -8.1200000e-02   1.0400000e-01  -6.5150000e-01  -1.5199000e+00  -2.4165000e+00  -2.3812000e+00   2.8501000e+00  -9.7000000e-02
   1.0000000e+00  -3.5740000e-01  -2.3930000e-01   2.0490000e-01  -5.6200000e-01  -1.4286000e+00  -1.6141000e+00  -2.2200000e-01  -2.4134000e+00   2.2300000e-02
   1.0000000e+00  -4.1330000e-01  -4.1160000e-01   3.2060000e-01  -4.1250000e-01  -1.3093000e+00  -1.8596000e+00  -6.2330000e-01  -4.2189000e+00   2.6140000e-01
   1.0000000e+00  -4.8670000e-01  -7.0730000e-01   5.7040000e-01  -4.5560000e-01  -1.0205000e+00  -1.7661000e+00  -5.9200000e-02  -6.1121000e+00   3.8200000e-01
   1.0000000e+00  -5.1970000e-01  -9.8740000e-01   8.1720000e-01  -9.0800000e-02  -6.3390000e-01  -7.3540000e-01   1.2403000e+00  -8.5350000e+00   6.2920000e-01
   1.0000000e+00  -5.2370000e-01  -1.0167000e+00   8.2990000e-01   1.7810000e-01  -1.0940000e-01   8.2850000e-01   1.1654000e+00  -9.9576000e+00   7.3440000e-01
   1.0000000e+00  -4.8990000e-01  -7.7440000e-01   5.8250000e-01   2.8500000e-01   1.7180000e-01   1.9100000e+00  -2.5300000e-01  -8.7200000e+00   3.9200000e-01
   1.0000000e+00  -4.3120000e-01  -5.5720000e-01   3.8120000e-01   1.0220000e-01   8.3570000e-01   1.5447000e+00  -1.3829000e+00  -7.1631000e+00   7.1100000e-02
   1.0000000e+00  -3.6830000e-01  -4.0170000e-01   2.5910000e-01   1.9860000e-01   7.8630000e-01   1.9967000e+00   1.2850000e-01  -5.0514000e+00   3.4880000e-01
   1.0000000e+00  -2.6310000e-01  -2.6790000e-01   1.5680000e-01  -3.4000000e-03   1.1493000e+00   2.8046000e+00   5.8270000e-01  -3.8731000e+00  -1.7590000e-01
   1.0000000e+00  -1.2180000e-01  -1.6690000e-01   1.0320000e-01  -3.4860000e-01   1.1259000e+00   3.5266000e+00   3.7220000e-01  -8.3650000e-01  -3.2720000e-01
   1.0000000e+00   2.0200000e-02  -1.1870000e-01   1.1220000e-01  -5.2240000e-01   1.7332000e+00   2.8828000e+00   1.2653000e+00   7.5490000e-01  -5.8830000e-01
   1.0000000e+00   1.1010000e-01  -3.8200000e-02   1.2960000e-01  -2.0290000e-01   1.7174000e+00   1.2112000e+00   1.2465000e+00   3.4131000e+00  -1.7870000e-01
   1.0000000e+00   1.9050000e-01   2.7700000e-02   1.3760000e-01  -5.0000000e-04   1.5597000e+00   1.8642000e+00   2.3115000e+00   2.4258000e+00  -1.0130000e-01
   1.0000000e+00   2.6350000e-01   9.9500000e-02   1.5110000e-01  -2.6750000e-01   1.6388000e+00   1.7562000e+00   9.3730000e-01   3.2156000e+00  -1.5923000e+00
   1.0000000e+00   3.4730000e-01   1.4550000e-01   1.7210000e-01   6.6000000e-03   1.0444000e+00   1.5942000e+00   1.5983000e+00   5.2017000e+00  -4.5380000e-01
   1.0000000e+00   3.9580000e-01   1.7030000e-01   1.8010000e-01  -4.3600000e-02   1.4700000e-01   1.0262000e+00   8.7890000e-01   7.1429000e+00  -4.5950000e-01
   1.0000000e+00   4.3340000e-01   1.6000000e-01   1.9500000e-01  -2.4290000e-01  -3.0420000e-01   5.3200000e-01   8.5260000e-01   7.1691000e+00  -7.8540000e-01
   1.0000000e+00   4.3720000e-01   1.2530000e-01   2.0500000e-01  -7.5200000e-02  -1.0113000e+00  -2.0900000e-01   1.6794000e+00   7.3466000e+00  -4.6080000e-01
   1.0000000e+00   4.1380000e-01   7.0900000e-02   2.0230000e-01   1.3100000e-02  -1.3495000e+00  -8.3860000e-01   2.5642000e+00   6.6630000e+00  -5.8470000e-01
   1.0000000e+00   3.5180000e-01   9.8000000e-03   1.9110000e-01   2.8150000e-01  -1.8745000e+00  -2.3640000e+00   2.4975000e+00   6.5498000e+00  -1.1280000e-01
   1.0000000e+00   1.9770000e-01  -7.9100000e-02   1.7150000e-01   4.0910000e-01  -2.1058000e+00  -3.7850000e+00   2.8602000e+00   5.2439000e+00  -3.0900000e-01
   1.0000000e+00   2.2400000e-02  -1.6230000e-01   1.7160000e-01   5.4560000e-01  -1.7110000e+00  -4.2251000e+00   2.9838000e+00   1.7250000e+00  -6.3350000e-01
   1.0000000e+00  -1.7450000e-01  -2.5980000e-01   1.8980000e-01   4.3740000e-01  -1.8750000e+00  -3.9339000e+00   1.7939000e+00   3.6960000e-01  -2.3090000e-01
   1.0000000e+00  -3.1350000e-01  -3.8950000e-01   2.4770000e-01   3.1460000e-01  -1.6239000e+00  -2.9072000e+00   2.0151000e+00  -2.9035000e+00   9.3100000e-02
   1.0000000e+00  -4.2880000e-01  -5.3780000e-01   3.4570000e-01   3.0310000e-01  -1.0403000e+00  -2.2665000e+00   6.4920000e-01  -6.1316000e+00  -1.4630000e-01
   1.0000000e+00  -4.9030000e-01  -6.8350000e-01   4.5380000e-01   2.1440000e-01  -8.4460000e-01  -6.6880000e-01   7.4760000e-01  -7.3334000e+00   2.3600000e-01
   1.0000000e+00  -4.9620000e-01  -6.7560000e-01   4.2350000e-01   9.1000000e-03  -1.7270000e-01   6.1010000e-01  -4.1600000e-02  -8.5573000e+00  -2.3830000e-01
   1.0000000e+00  -4.5850000e-01  -5.9070000e-01   3.3960000e-01  -1.4070000e-01   3.5020000e-01   1.5288000e+00  -2.0220000e-01  -8.4900000e+00  -1.0760000e-01
   1.0000000e+00  -3.8420000e-01  -4.6540000e-01   2.3740000e-01  -2.8090000e-01   8.4980000e-01   2.2012000e+00  -1.8590000e-01  -7.2394000e+00  -7.1800000e-02
   1.0000000e+00  -2.7200000e-01  -3.4670000e-01   1.6450000e-01  -3.9950000e-01   1.1666000e+00   2.6605000e+00  -1.9210000e-01  -4.9943000e+00   1.7190000e-01
   1.0000000e+00  -1.3690000e-01  -2.5780000e-01   1.2270000e-01  -4.7430000e-01   1.2137000e+00   3.4932000e+00   7.5090000e-01  -2.7358000e+00   2.4850000e-01
   1.0000000e+00   3.3100000e-02  -1.9150000e-01   1.1020000e-01  -6.9920000e-01   1.1946000e+00   3.6683000e+00   7.9460000e-01  -4.6970000e-01   1.5400000e-02
   1.0000000e+00   1.7970000e-01  -1.2900000e-01   1.1500000e-01  -5.3140000e-01   1.4047000e+00   2.3988000e+00   1.8446000e+00   1.9357000e+00  -6.6560000e-01
   1.0000000e+00   2.6080000e-01  -7.8800000e-02   1.4330000e-01  -6.4710000e-01   1.6426000e+00   1.1021000e+00   2.1577000e+00   3.0033000e+00  -6.1330000e-01
   1.0000000e+00   3.1380000e-01  -1.1300000e-02   1.6630000e-01  -1.3710000e-01   1.5243000e+00   8.6870000e-01   3.2972000e+00   3.3224000e+00   6.6940000e-01
   1.0000000e+00   3.4200000e-01   5.8000000e-02   1.6560000e-01   1.2160000e-01   1.4998000e+00   6.5980000e-01   2.7033000e+00   3.7998000e+00  -7.2000000e-03
   1.0000000e+00   3.8600000e-01   1.2460000e-01   1.5960000e-01   2.1810000e-01   1.1100000e+00   8.7620000e-01   2.2089000e+00   4.4728000e+00  -4.3260000e-01
   1.0000000e+00   4.2710000e-01   1.5750000e-01   1.6210000e-01   2.6700000e-02   4.3450000e-01   1.0709000e+00   1.7787000e+00   5.6726000e+00  -5.0910000e-01
   1.0000000e+00   4.5340000e-01   1.6620000e-01   1.6780000e-01  -3.9700000e-02  -7.8900000e-02  -1.1670000e-01   1.6628000e+00   7.5417000e+00  -4.6840000e-01
   1.0000000e+00   4.3740000e-01   1.3860000e-01   1.6440000e-01   9.9400000e-02  -1.1462000e+00  -5.4250000e-01   2.7847000e+00   8.2128000e+00   3.0300000e-01
   1.0000000e+00   3.8030000e-01   8.6700000e-02   1.4780000e-01   1.7990000e-01  -1.5727000e+00  -2.1994000e+00   1.9682000e+00   7.7286000e+00  -2.8710000e-01
   1.0000000e+00   2.7540000e-01   1.4900000e-02   1.3250000e-01   1.5170000e-01  -2.0425000e+00  -2.5500000e+00   2.0174000e+00   5.9827000e+00  -7.5200000e-02
   1.0000000e+00   1.4300000e-01  -6.8800000e-02   1.2440000e-01  -9.0000000e-03  -1.9482000e+00  -3.2628000e+00   8.4500000e-01   4.1405000e+00  -8.9880000e-01
   1.0000000e+00   5.4000000e-03  -1.9150000e-01   1.7100000e-01  -3.1640000e-01  -1.8187000e+00  -2.7541000e+00   8.8230000e-01   1.5155000e+00  -7.0310000e-01
   1.0000000e+00  -1.0950000e-01  -2.8770000e-01   2.1120000e-01   3.9440000e-01  -1.4548000e+00  -3.1442000e+00   2.1498000e+00  -5.6270000e-01   5.2470000e-01
   1.0000000e+00  -2.4570000e-01  -3.6300000e-01   2.2770000e-01   8.2810000e-01  -1.3890000e+00  -2.1368000e+00   2.4789000e+00  -2.4107000e+00   6.2930000e-01
   1.0000000e+00  -3.3900000e-01  -4.2200000e-01   2.2550000e-01   7.1900000e-01  -1.2391000e+00  -1.9850000e+00   5.8150000e-01  -3.6588000e+00   3.0240000e-01
   1.0000000e+00  -4.3040000e-01  -5.0920000e-01   2.8170000e-01   3.9260000e-01  -4.1610000e-01  -1.7924000e+00  -4.0050000e-01  -5.8680000e+00  -1.3510000e-01
   1.0000000e+00  -5.0440000e-01  -6.0200000e-01   3.5460000e-01   2.3620000e-01  -5.6150000e-01  -1.0130000e+00  -4.3340000e-01  -6.2004000e+00   4.2120000e-01
   1.0000000e+00  -5.2680000e-01  -6.7940000e-01   4.2010000e-01  -4.7100000e-02  -4.5300000e-02  -1.8900000e-02  -1.3370000e-01  -9.1833000e+00  -3.9520000e-01
   1.0000000e+00  -5.0280000e-01  -5.8820000e-01   3.4290000e-01  -2.5900000e-02   7.5720000e-01   1.5708000e+00   9.1050000e-01  -1.0371100e+01  -4.7120000e-01
   1.0000000e+00  -4.2370000e-01  -4.1490000e-01   2.1040000e-01  -3.5930000e-01   1.2767000e+00   2.6494000e+00   5.1430000e-01  -8.2190000e+00  -7.8140000e-01
   1.0000000e+00  -2.9130000e-01  -2.8360000e-01   1.4430000e-01  -4.2130000e-01   1.5532000e+00   3.0323000e+00   8.7090000e-01  -5.0312000e+00  -3.9480000e-01
   1.0000000e+00  -1.5190000e-01  -2.1290000e-01   1.4700000e-01  -1.3218000e+00   1.9061000e+00   2.6205000e+00  -6.0510000e-01  -1.8441000e+00  -1.3042000e+00
   1.0000000e+00  -7.1600000e-02  -1.5990000e-01   2.0480000e-01  -6.5730000e-01   1.5732000e+00   1.4158000e+00  -3.2960000e-01   1.4990000e+00   2.8890000e-01
   1.0000000e+00   5.0700000e-02  -1.1000000e-01   2.1690000e-01  -5.2590000e-01   1.6429000e+00   3.1635000e+00   2.6634000e+00   7.6380000e-01   8.7040000e-01
   1.0000000e+00   1.5510000e-01  -2.1600000e-02   2.3450000e-01  -3.4730000e-01   2.4989000e+00   2.1553000e+00   1.3669000e+00   3.1743000e+00  -1.3813000e+00
   1.0000000e+00   2.8140000e-01   6.0100000e-02   2.6030000e-01  -3.1370000e-01   2.1226000e+00   2.9328000e+00   3.2783000e+00   4.2644000e+00  -7.9170000e-01
   1.0000000e+00   3.8190000e-01   1.5200000e-01   2.7800000e-01   1.0730000e-01   2.1459000e+00   1.9815000e+00   2.9762000e+00   4.8860000e+00  -1.0392000e+00
   1.0000000e+00   4.6810000e-01   2.3170000e-01   2.8400000e-01   1.8520000e-01   1.0383000e+00   1.6074000e+00   2.4165000e+00   6.2717000e+00  -5.0870000e-01
   1.0000000e+00   5.2010000e-01   2.5320000e-01   2.9800000e-01  -1.2640000e-01   1.7820000e-01   3.7170000e-01   1.1935000e+00   8.2429000e+00  -1.6355000e+00
   1.0000000e+00   5.0030000e-01   2.3680000e-01   2.9500000e-01  -7.8900000e-02  -1.0432000e+00  -8.1020000e-01   2.1582000e+00   9.5660000e+00  -1.3950000e+00
   1.0000000e+00   4.6540000e-01   1.7120000e-01   2.9340000e-01  -1.0480000e-01  -1.7325000e+00  -9.3730000e-01   3.7445000e+00   7.4873000e+00  -1.7412000e+00
   1.0000000e+00   3.9570000e-01   9.4900000e-02   2.7890000e-01   1.4380000e-01  -2.0284000e+00  -2.0675000e+00   3.2185000e+00   6.6604000e+00  -1.2479000e+00
   1.0000000e+00   2.8750000e-01   3.5000000e-03   2.6050000e-01   3.2070000e-01  -2.5426000e+00  -3.4913000e+00   3.0836000e+00   6.2120000e+00  -5.5570000e-01
   1.0000000e+00   1.0360000e-01  -1.0730000e-01   2.4340000e-01   5.1490000e-01  -2.9333000e+00  -4.3221000e+00   3.4813000e+00   4.5458000e+00  -2.5390000e-01
   1.0000000e+00  -9.8600000e-02  -2.3970000e-01   2.4750000e-01   7.9890000e-01  -2.4564000e+00  -4.6096000e+00   3.0962000e+00   6.7990000e-01  -9.1560000e-01
   1.0000000e+00  -3.2320000e-01  -3.9840000e-01   3.1860000e-01   5.6850000e-01  -2.1315000e+00  -5.3606000e+00   1.2325000e+00  -8.0080000e-01  -7.6330000e-01
   1.0000000e+00  -4.8680000e-01  -7.1410000e-01   5.4870000e-01   3.5810000e-01  -2.0432000e+00  -2.8476000e+00   2.4774000e+00  -4.6413000e+00  -3.9920000e-01
   1.0000000e+00  -5.6050000e-01  -1.0945000e+00   8.6510000e-01   3.3630000e-01  -1.1797000e+00  -1.7787000e+00   6.5290000e-01  -8.6150000e+00  -4.7370000e-01
   1.0000000e+00  -5.9310000e-01  -1.5104000e+00   1.2480000e+00   2.7640000e-01  -6.6340000e-01  -1.0227000e+00  -5.5180000e-01  -9.6231000e+00  -2.7960000e-01
   1.0000000e+00  -6.0160000e-01   4.5776000e+00   1.4228000e+00   6.6900000e-02  -2.6360000e-01   1.9160000e-01  -6.5210000e-01  -1.0453100e+01  -1.8610000e-01
   1.0000000e+00  -5.9910000e-01  -1.5049000e+00   1.2249000e+00  -1.1870000e-01   2.9560000e-01   9.7500000e-01  -7.3840000e-01  -1.1049600e+01  -2.5480000e-01
   1.0000000e+00  -5.7970000e-01  -1.1610000e+00   8.9870000e-01  -1.7720000e-01   6.5760000e-01   1.7874000e+00  -2.5510000e-01  -1.0066200e+01   2.2910000e-01
   1.0000000e+00  -5.0480000e-01  -7.2280000e-01   4.9910000e-01  -3.2760000e-01   1.1664000e+00   2.6691000e+00  -8.3000000e-03  -8.5565000e+00   1.3800000e-02
   1.0000000e+00  -3.8040000e-01  -4.7370000e-01   2.9680000e-01  -6.0300000e-01   1.3095000e+00   3.4590000e+00   2.1620000e-01  -6.4731000e+00  -3.1700000e-02
   1.0000000e+00  -2.4490000e-01  -3.3280000e-01   2.2770000e-01  -4.8620000e-01   2.1246000e+00   2.2260000e+00  -1.7500000e-02  -3.7557000e+00  -7.8770000e-01
   1.0000000e+00  -1.5270000e-01  -2.1350000e-01   1.9790000e-01   4.8700000e-02   1.9568000e+00   2.6124000e+00   1.6938000e+00  -1.3442000e+00   2.8000000e-02
   1.0000000e+00  -5.2200000e-02  -7.1000000e-02   1.6490000e-01  -2.0550000e-01   2.8518000e+00   1.5685000e+00   1.4900000e-02   1.0397000e+00  -1.7027000e+00
   1.0000000e+00   7.0300000e-02   2.9200000e-02   1.8040000e-01  -2.0590000e-01   2.2599000e+00   4.0202000e+00   2.3168000e+00   2.7504000e+00  -4.6810000e-01
   1.0000000e+00   2.4510000e-01   1.1400000e-01   2.1300000e-01  -3.1370000e-01   2.3859000e+00   3.4872000e+00   2.1995000e+00   4.5128000e+00  -1.0040000e+00
   1.0000000e+00   4.1330000e-01   1.9230000e-01   2.5780000e-01  -7.3300000e-02   1.9968000e+00   3.0347000e+00   2.7666000e+00   5.1399000e+00  -9.1180000e-01
   1.0000000e+00   4.9980000e-01   2.5660000e-01   2.7950000e-01   6.6100000e-02   9.0150000e-01   1.5898000e+00   2.8839000e+00   8.2408000e+00  -6.7930000e-01
   1.0000000e+00   5.7190000e-01   2.6580000e-01   2.9530000e-01   4.1900000e-02   1.2000000e-01   1.0560000e+00   3.2763000e+00   7.8950000e+00  -1.5060000e+00
   1.0000000e+00   5.5920000e-01   2.5170000e-01   2.9440000e-01  -9.5700000e-02  -1.0765000e+00  -9.1740000e-01   2.7044000e+00   1.0708200e+01  -1.5845000e+00
   1.0000000e+00   5.2030000e-01   1.7940000e-01   2.8500000e-01   1.1400000e-02  -1.9907000e+00  -1.0257000e+00   4.3490000e+00   8.3079000e+00  -1.7520000e+00
   1.0000000e+00   4.5130000e-01   9.9800000e-02   2.7290000e-01  -1.5400000e-02  -1.9211000e+00  -2.1048000e+00   3.7873000e+00   6.4488000e+00  -2.1978000e+00
   1.0000000e+00   3.4470000e-01   3.8000000e-03   2.5980000e-01   2.8390000e-01  -2.5379000e+00  -2.7065000e+00   4.0646000e+00   5.9945000e+00  -4.8850000e-01
   1.0000000e+00   2.0350000e-01  -9.7100000e-02   2.4760000e-01   2.9790000e-01  -2.4316000e+00  -3.7790000e+00   3.3812000e+00   3.8160000e+00  -7.2600000e-01
   1.0000000e+00   4.3800000e-02  -2.1000000e-01   2.5270000e-01   5.3990000e-01  -2.6306000e+00  -3.2897000e+00   3.6001000e+00   1.6721000e+00  -4.1820000e-01
   1.0000000e+00  -1.0930000e-01  -3.4220000e-01   2.7020000e-01   6.5340000e-01  -2.1911000e+00  -2.9946000e+00   2.4689000e+00  -1.8057000e+00  -2.1040000e-01
   1.0000000e+00  -2.3590000e-01  -4.7010000e-01   3.1680000e-01   5.9170000e-01  -1.7310000e+00  -2.5919000e+00   1.7238000e+00  -4.3762000e+00   8.3800000e-02
   1.0000000e+00  -3.2100000e-01  -5.6920000e-01   3.5760000e-01   4.8730000e-01  -9.7070000e-01  -1.4978000e+00   1.0461000e+00  -6.5803000e+00   1.0800000e-02
   1.0000000e+00  -3.6720000e-01  -6.2270000e-01   3.8690000e-01   2.8620000e-01  -5.4610000e-01  -3.6720000e-01   2.0790000e-01  -7.8004000e+00   3.1600000e-01
   1.0000000e+00  -3.5780000e-01  -6.0160000e-01   3.4310000e-01  -3.1100000e-02  -2.3250000e-01   1.2100000e+00  -3.0540000e-01  -8.1986000e+00   5.3540000e-01
   1.0000000e+00  -2.9600000e-01  -5.2540000e-01   2.6200000e-01  -1.6940000e-01   2.7810000e-01   1.8515000e+00  -7.8610000e-01  -7.7078000e+00   4.1600000e-01
   1.0000000e+00  -2.1550000e-01  -4.4720000e-01   2.0370000e-01  -4.2870000e-01   8.6910000e-01   2.2469000e+00  -6.3740000e-01  -6.5549000e+00   4.0680000e-01
   1.0000000e+00  -1.1100000e-01  -3.6660000e-01   1.6460000e-01  -5.8820000e-01   1.2614000e+00   2.7130000e+00   6.0250000e-01  -4.7265000e+00   3.7920000e-01
   1.0000000e+00   2.7400000e-02  -2.8030000e-01   1.4640000e-01  -5.9530000e-01   1.8362000e+00   2.8552000e+00   2.3640000e+00  -3.2749000e+00  -2.5860000e-01
   1.0000000e+00   1.6190000e-01  -1.8000000e-01   1.4820000e-01  -1.0963000e+00   2.5867000e+00   3.3686000e+00   3.3928000e+00  -2.0757000e+00  -1.4852000e+00
   1.0000000e+00   3.2600000e-01  -9.9800000e-02   1.9490000e-01  -1.3696000e+00   2.3542000e+00   3.6121000e+00   4.3845000e+00   1.3477000e+00  -1.5840000e-01
   1.0000000e+00   4.9910000e-01  -3.7000000e-03   2.5290000e-01  -1.4567000e+00   2.8943000e+00   2.9039000e+00   5.5181000e+00   3.5915000e+00  -1.5820000e+00
   1.0000000e+00   5.8550000e-01   1.0570000e-01   3.0600000e-01  -5.8270000e-01   1.8165000e+00   2.1490000e+00   7.6796000e+00   8.3724000e+00  -2.4200000e-02
   1.0000000e+00   7.0030000e-01   1.6540000e-01   3.4490000e-01  -4.7410000e-01   1.3955000e+00   2.3715000e+00   7.2229000e+00   7.4509000e+00  -7.5780000e-01
   1.0000000e+00   7.7050000e-01   2.1220000e-01   3.7850000e-01  -3.8530000e-01   6.8270000e-01   1.0998000e+00   5.7133000e+00   8.7688000e+00  -6.4820000e-01
   1.0000000e+00   8.0230000e-01   2.1790000e-01   3.9590000e-01  -9.8200000e-02  -4.0200000e-01   5.4190000e-01   7.1963000e+00   9.8503000e+00  -3.4910000e-01
   1.0000000e+00   8.0730000e-01   1.8190000e-01   3.9500000e-01   1.3430000e-01  -1.1533000e+00  -1.9130000e-01   7.4999000e+00   8.6442000e+00  -9.0570000e-01
   1.0000000e+00   7.8890000e-01   1.2790000e-01   3.7960000e-01   3.7410000e-01  -1.2752000e+00  -9.6770000e-01   7.8242000e+00   6.9759000e+00  -1.3558000e+00
   1.0000000e+00   7.2500000e-01   6.8700000e-02   3.5050000e-01   6.3990000e-01  -1.7723000e+00  -1.8344000e+00   7.5767000e+00   6.8922000e+00  -7.1470000e-01
   1.0000000e+00   6.4610000e-01  -1.5700000e-02   3.0920000e-01   9.5450000e-01  -2.2481000e+00  -2.1695000e+00   7.5247000e+00   5.9590000e+00  -1.0580000e-01
   1.0000000e+00   5.1260000e-01  -1.0080000e-01   2.6710000e-01   1.1825000e+00  -2.2401000e+00  -3.9200000e+00   6.2010000e+00   4.9145000e+00   1.3210000e-01
   1.0000000e+00   3.3280000e-01  -1.8920000e-01   2.2940000e-01   1.3446000e+00  -2.5408000e+00  -3.7436000e+00   5.8388000e+00   3.0540000e+00   4.9310000e-01
   1.0000000e+00   1.3220000e-01  -2.8270000e-01   2.0390000e-01   1.6745000e+00  -2.3030000e+00  -5.2063000e+00   3.7625000e+00   1.6449000e+00   4.3040000e-01
   1.0000000e+00  -8.5100000e-02  -3.5790000e-01   1.8010000e-01   1.7899000e+00  -2.1412000e+00  -4.0521000e+00   3.6640000e+00  -2.1832000e+00   2.9770000e-01
   1.0000000e+00  -2.4910000e-01  -4.1290000e-01   1.5570000e-01   1.1330000e+00  -1.2630000e+00  -2.4348000e+00   1.7893000e+00  -5.5064000e+00  -8.5270000e-01
   1.0000000e+00  -3.5150000e-01  -4.4910000e-01   1.5070000e-01   7.2880000e-01  -5.9810000e-01  -1.1677000e+00   5.9410000e-01  -6.6336000e+00  -3.0530000e-01
   1.0000000e+00  -3.9350000e-01  -4.3100000e-01   1.0690000e-01   6.0860000e-01  -3.8740000e-01  -3.3300000e-01  -8.4580000e-01  -6.6857000e+00   3.1770000e-01
   1.0000000e+00  -4.0560000e-01  -4.0890000e-01   7.6000000e-02  -5.2000000e-03   6.8400000e-02   2.3170000e-01  -1.9969000e+00  -7.4601000e+00  -3.0000000e-04
   1.0000000e+00  -3.8610000e-01  -3.8270000e-01   6.3800000e-02  -2.2440000e-01   5.6960000e-01   1.1051000e+00  -1.4245000e+00  -8.1015000e+00   2.0640000e-01
   1.0000000e+00  -3.1080000e-01  -3.3670000e-01   5.9900000e-02  -7.6700000e-01   1.2203000e+00   1.9035000e+00  -1.3094000e+00  -6.9878000e+00  -2.7060000e-01
   1.0000000e+00  -2.0610000e-01  -2.9210000e-01   7.8300000e-02  -8.7490000e-01   1.3212000e+00   2.7009000e+00   2.6880000e-01  -4.6010000e+00   2.8020000e-01
   1.0000000e+00  -6.1600000e-02  -2.3470000e-01   8.6800000e-02  -1.0450000e+00   1.5410000e+00   3.5080000e+00   1.6691000e+00  -3.2724000e+00   1.3800000e-01
   1.0000000e+00   1.3250000e-01  -1.7390000e-01   1.1440000e-01  -1.1394000e+00   1.6755000e+00   4.2264000e+00   3.5839000e+00  -1.0234000e+00   1.1070000e-01
   1.0000000e+00   3.2190000e-01  -1.0250000e-01   1.4870000e-01  -1.1184000e+00   2.1607000e+00   3.5220000e+00   4.1878000e+00   1.3886000e+00   6.6200000e-02
   1.0000000e+00   4.4970000e-01  -2.3000000e-03   1.9160000e-01  -8.4670000e-01   2.9829000e+00   1.6843000e+00   4.4578000e+00   2.9449000e+00  -1.1765000e+00
   1.0000000e+00   5.1820000e-01   1.1200000e-01   2.2190000e-01  -3.7220000e-01   2.2894000e+00   2.0962000e+00   6.3958000e+00   5.5886000e+00  -4.6730000e-01
   1.0000000e+00   6.0760000e-01   1.9750000e-01   2.5230000e-01  -2.6430000e-01   1.6438000e+00   1.1598000e+00   4.8874000e+00   7.5974000e+00  -1.1784000e+00
   1.0000000e+00   6.3930000e-01   2.5040000e-01   2.6830000e-01  -3.3200000e-02   7.3480000e-01   5.7070000e-01   4.7652000e+00   9.0856000e+00  -1.2613000e+00
   1.0000000e+00   6.4590000e-01   2.5690000e-01   2.7130000e-01  -6.4400000e-02  -4.4450000e-01  -2.9010000e-01   4.4650000e+00   1.0723100e+01  -1.0926000e+00
   1.0000000e+00   6.1020000e-01   2.1060000e-01   2.5540000e-01   2.6520000e-01  -1.4388000e+00  -1.2008000e+00   4.8176000e+00   9.3229000e+00  -6.3750000e-01
   1.0000000e+00   5.4660000e-01   1.4650000e-01   2.2850000e-01   3.8990000e-01  -1.8524000e+00  -2.0159000e+00   4.7447000e+00   7.3392000e+00  -1.1157000e+00
   1.0000000e+00   4.3980000e-01   6.5300000e-02   1.8720000e-01   6.3000000e-01  -2.1612000e+00  -2.6682000e+00   4.8711000e+00   5.9717000e+00  -8.2820000e-01
   1.0000000e+00   3.0420000e-01  -1.4500000e-02   1.4550000e-01   7.7560000e-01  -2.4518000e+00  -3.4534000e+00   4.1970000e+00   5.0292000e+00  -5.6200000e-01
   1.0000000e+00   1.5650000e-01  -9.6200000e-02   1.0660000e-01   1.0125000e+00  -2.2560000e+00  -3.6511000e+00   3.9509000e+00   2.2215000e+00  -5.1750000e-01
   1.0000000e+00  -3.1700000e-02  -1.6490000e-01   6.3100000e-02   1.2017000e+00  -2.0368000e+00  -3.7354000e+00   3.4045000e+00  -1.1000000e-02  -1.6000000e-01
   1.0000000e+00  -1.8330000e-01  -1.9530000e-01   1.0000000e-04   1.4767000e+00  -1.6426000e+00  -3.2754000e+00   2.6762000e+00  -2.2559000e+00  -1.2200000e-01
   1.0000000e+00  -3.3220000e-01  -2.0330000e-01  -5.8100000e-02   7.1460000e-01  -1.2350000e+00  -2.4553000e+00   4.2350000e-01  -4.3009000e+00  -6.4380000e-01
   1.0000000e+00  -4.2170000e-01  -2.4150000e-01  -7.6400000e-02   4.1730000e-01  -1.0156000e+00  -1.0111000e+00   1.3370000e-01  -6.7109000e+00  -2.2600000e-01
   1.0000000e+00  -4.4600000e-01  -2.4900000e-01  -1.0240000e-01   5.4400000e-02  -6.1130000e-01   2.1650000e-01  -6.9890000e-01  -7.7153000e+00  -4.5930000e-01
   1.0000000e+00  -4.2030000e-01  -2.7300000e-01  -9.4000000e-02  -4.1060000e-01  -1.2550000e-01   1.0649000e+00  -1.7175000e+00  -8.1542000e+00  -5.8400000e-01
   1.0000000e+00  -3.5870000e-01  -2.8370000e-01  -6.7900000e-02  -5.8080000e-01   6.0340000e-01   1.4470000e+00  -1.4547000e+00  -7.9834000e+00  -3.2480000e-01
   1.0000000e+00  -2.7770000e-01  -2.6040000e-01  -5.5600000e-02  -6.3070000e-01   8.1780000e-01   2.2911000e+00  -2.9700000e-01  -6.0207000e+00   3.8600000e-01
   1.0000000e+00  -1.6600000e-01  -2.3230000e-01  -3.5000000e-02  -9.4390000e-01   1.3067000e+00   2.7017000e+00  -7.5800000e-02  -5.1769000e+00   9.9000000e-02
   1.0000000e+00  -1.5000000e-02  -1.7880000e-01  -5.1000000e-03  -1.0284000e+00   1.4845000e+00   3.1272000e+00   1.4492000e+00  -2.0370000e+00  -2.9710000e-01
   1.0000000e+00   1.1260000e-01  -1.3410000e-01   3.0700000e-02  -9.8450000e-01   1.6908000e+00   2.7464000e+00   2.3822000e+00   7.7110000e-01  -1.7060000e-01
   1.0000000e+00   2.5250000e-01  -8.4600000e-02   7.3500000e-02  -1.1057000e+00   1.5908000e+00   3.0519000e+00   3.6028000e+00   2.5544000e+00   2.8600000e-02
   1.0000000e+00   3.6350000e-01  -2.7200000e-02   1.0780000e-01  -5.4210000e-01   1.5870000e+00   1.8053000e+00   3.6089000e+00   5.4949000e+00   4.7050000e-01
   1.0000000e+00   4.2080000e-01   2.8800000e-02   1.2550000e-01  -6.5700000e-02   9.2600000e-01   3.3630000e-01   3.0212000e+00   7.7209000e+00   1.1334000e+00
   1.0000000e+00   4.2200000e-01   5.4400000e-02   1.2350000e-01   9.1400000e-02   2.2340000e-01  -9.6300000e-02   2.9528000e+00   7.1702000e+00   1.7353000e+00
   1.0000000e+00   4.1280000e-01   5.8800000e-02   1.1090000e-01   3.7570000e-01  -2.5580000e-01  -4.6810000e-01   2.8190000e+00   6.1149000e+00   2.1058000e+00
   1.0000000e+00   3.6040000e-01   3.9300000e-02   9.0800000e-02   3.6880000e-01  -9.3180000e-01  -1.9495000e+00   2.0651000e+00   7.2182000e+00   1.9149000e+00
   1.0000000e+00   2.6100000e-01  -3.7000000e-03   6.1400000e-02   6.3730000e-01  -1.6059000e+00  -2.1135000e+00   3.3592000e+00   5.9541000e+00   2.0078000e+00
   1.0000000e+00   1.6110000e-01  -6.0300000e-02   1.3300000e-02   1.1213000e+00  -2.0092000e+00  -2.5839000e+00   2.7704000e+00   4.1252000e+00   1.7770000e+00
   1.0000000e+00   3.5400000e-02  -1.0860000e-01  -4.3900000e-02   1.1804000e+00  -1.9402000e+00  -2.9646000e+00   1.5222000e+00   1.1045000e+00   4.7420000e-01
   1.0000000e+00  -9.4500000e-02  -1.5210000e-01  -9.1300000e-02   8.4060000e-01  -1.6699000e+00  -2.5490000e+00   1.1614000e+00  -1.8902000e+00  -3.5670000e-01
   1.0000000e+00  -1.9890000e-01  -1.9280000e-01  -1.2010000e-01   6.8750000e-01  -1.3730000e+00  -1.8865000e+00   1.1328000e+00  -3.4125000e+00  -5.1800000e-01
   1.0000000e+00  -2.7400000e-01  -2.1310000e-01  -1.5920000e-01   5.9600000e-01  -9.6430000e-01  -1.0528000e+00   1.2710000e-01  -5.1347000e+00  -5.3210000e-01
   1.0000000e+00  -3.0990000e-01  -2.1440000e-01  -1.8620000e-01   3.3870000e-01  -3.8590000e-01  -3.6820000e-01  -8.0570000e-01  -6.0041000e+00  -5.2180000e-01
   1.0000000e+00  -3.1850000e-01  -1.9430000e-01  -2.1490000e-01   2.6590000e-01  -1.7100000e-02   1.3340000e-01  -1.2407000e+00  -5.7392000e+00   1.0580000e-01
   1.0000000e+00  -3.1110000e-01  -1.5590000e-01  -2.5070000e-01   4.2660000e-01   1.6270000e-01   3.6410000e-01  -1.1822000e+00  -4.7450000e+00   9.0470000e-01
   1.0000000e+00  -2.8130000e-01  -1.0090000e-01  -2.9160000e-01  -5.0000000e-03   5.4050000e-01   1.2840000e+00  -1.8935000e+00  -3.8793000e+00   2.1680000e-01
   1.0000000e+00  -2.0390000e-01  -7.8200000e-02  -2.7650000e-01  -4.5280000e-01   1.0894000e+00   2.0915000e+00  -1.9932000e+00  -2.8934000e+00  -2.5870000e-01
   1.0000000e+00  -1.1290000e-01  -5.2000000e-02  -2.3330000e-01  -9.9090000e-01   1.5116000e+00   2.2894000e+00  -1.7100000e+00  -1.7789000e+00  -4.8140000e-01
   1.0000000e+00   8.3000000e-03  -5.1200000e-02  -1.5480000e-01  -1.2968000e+00   1.1875000e+00   3.2328000e+00   3.3750000e-01  -9.8430000e-01   4.2910000e-01
   1.0000000e+00   1.7160000e-01  -5.0400000e-02  -8.0600000e-02  -1.3079000e+00   1.0182000e+00   3.8580000e+00   2.0271000e+00   8.5900000e-02   5.7470000e-01
   1.0000000e+00   3.6260000e-01  -3.6800000e-02  -1.0600000e-02  -1.4423000e+00   1.2117000e+00   3.8687000e+00   3.7033000e+00   1.9328000e+00  -1.6860000e-01
   1.0000000e+00   4.9060000e-01   7.0000000e-04   4.4900000e-02  -6.7810000e-01   1.1910000e+00   1.6797000e+00   4.1644000e+00   4.2028000e+00   7.2080000e-01
   1.0000000e+00   5.5900000e-01   3.4900000e-02   6.2800000e-02  -1.9910000e-01   6.0980000e-01   1.8053000e+00   5.8656000e+00   5.2042000e+00   1.1930000e+00
   1.0000000e+00   6.2680000e-01   5.8000000e-02   7.4200000e-02  -7.0400000e-02   5.0240000e-01   1.2368000e+00   5.5454000e+00   4.6553000e+00   4.8200000e-01
   1.0000000e+00   6.7610000e-01   6.6400000e-02   7.7900000e-02   1.1300000e-01   1.9900000e-02   7.7310000e-01   5.9121000e+00   4.7368000e+00   3.8000000e-01
   1.0000000e+00   6.7870000e-01   6.6800000e-02   6.9100000e-02   2.5360000e-01  -2.1120000e-01  -6.1580000e-01   5.3197000e+00   4.7639000e+00  -1.6670000e-01
   1.0000000e+00   6.4110000e-01   5.4500000e-02   5.6400000e-02   1.6490000e-01  -5.0980000e-01  -9.3450000e-01   5.3696000e+00   4.2869000e+00  -4.7900000e-02
   1.0000000e+00   6.0380000e-01   3.2500000e-02   4.4400000e-02   2.8640000e-01  -6.2530000e-01  -8.5580000e-01   5.5603000e+00   3.2786000e+00   9.2900000e-02
   1.0000000e+00   5.5780000e-01   1.0800000e-02   2.6500000e-02   3.2120000e-01  -6.2010000e-01  -1.1117000e+00   5.0732000e+00   3.0150000e+00   7.0800000e-02
   0.0000000e+00   0.0000000e+00   0.0000000e+00   0.0000000e+00   0.0000000e+00   0.0000000e+00   0.0000000e+00   0.0000000e+00   0.0000000e+00   0.0000000e+00
   2.0000000e+00   3.6300000e-02  -4.9500000e-02  -5.9000000e-02   4.4700000e-02   0.0000000e+00   4.0100000e-02   3.0880000e-01   7.6400000e-02   7.9000000e-03
   2.0000000e+00   3.8900000e-02  -5.1600000e-02  -6.0700000e-02  -6.5800000e-02  -1.1040000e-01   2.0400000e-02   5.2530000e-01  -1.3200000e-02  -3.7430000e-01
   2.0000000e+00   3.9600000e-02  -5.3900000e-02  -5.8000000e-02  -5.2800000e-02  -5.8000000e-03   7.1000000e-03   4.2860000e-01   4.0110000e-01  -6.3400000e-02
   2.0000000e+00   4.0600000e-02  -5.2300000e-02  -5.7700000e-02  -3.8400000e-02   7.1000000e-03   2.6700000e-02   2.9440000e-01   8.0000000e-02   3.9500000e-02
   2.0000000e+00   4.0500000e-02  -5.4900000e-02  -5.5800000e-02  -6.1500000e-02  -6.5900000e-02  -9.3000000e-03   5.3640000e-01  -2.0000000e-04  -5.8000000e-03
   2.0000000e+00   4.3000000e-02  -5.4700000e-02  -5.5400000e-02   1.7700000e-02   8.9000000e-03   9.8000000e-02   1.9100000e-01  -1.6860000e-01   4.1290000e-01
   2.0000000e+00   4.8400000e-02  -5.3500000e-02  -5.5700000e-02  -2.5000000e-03   7.8700000e-02   1.4660000e-01   4.8610000e-01   3.3200000e-02   4.7300000e-02
   2.0000000e+00   5.5700000e-02  -4.7400000e-02  -5.6500000e-02   3.3000000e-02   1.6760000e-01   1.4610000e-01   7.0520000e-01   6.5220000e-01  -1.4120000e-01
   2.0000000e+00   6.0000000e-02  -4.0000000e-02  -5.3200000e-02  -1.7880000e-01   1.2190000e-01   7.7500000e-02   9.4230000e-01   8.8940000e-01  -7.5570000e-01
   2.0000000e+00   6.1400000e-02  -3.3700000e-02  -4.7300000e-02  -8.4700000e-02   2.9160000e-01  -2.5200000e-02   3.8700000e-01   1.7303000e+00  -2.1000000e-02
   2.0000000e+00   5.7700000e-02   7.0000000e-04  -4.7100000e-02  -3.5200000e-02   1.1191000e+00  -1.9590000e-01   4.3680000e-01   3.5470000e+00   2.5210000e-01
   2.0000000e+00   4.2600000e-02   4.2700000e-02  -5.0100000e-02   7.5400000e-02   9.2310000e-01  -4.9080000e-01   4.1270000e-01   3.3980000e+00   7.7300000e-02
   2.0000000e+00   2.0900000e-02   1.2770000e-01  -7.5800000e-02   6.1180000e-01   3.0723000e+00  -9.6220000e-01  -1.2110000e-01   6.9171000e+00   2.4446000e+00
   2.0000000e+00  -2.3300000e-02   2.5850000e-01  -1.2270000e-01   4.4600000e-01   2.0463000e+00  -1.4517000e+00   8.3520000e-01   1.8446000e+00  -4.9580000e-01
   2.0000000e+00  -6.3700000e-02   3.4230000e-01  -1.6780000e-01   5.2500000e-01   1.6413000e+00  -1.2913000e+00  -1.2070000e-01  -3.3116000e+00  -2.2853000e+00
   2.0000000e+00  -9.3600000e-02   4.3250000e-01  -2.1260000e-01   3.4880000e-01   2.2452000e+00  -9.9480000e-01  -2.4800000e-02  -3.4162000e+00  -2.9610000e+00
   2.0000000e+00  -1.1940000e-01   5.4190000e-01  -2.5400000e-01   2.8110000e-01   1.4350000e+00  -7.5560000e-01  -2.6180000e-01  -6.7997000e+00  -4.3537000e+00
   2.0000000e+00  -1.2580000e-01   5.9220000e-01  -2.7860000e-01   2.6200000e-01   2.8250000e-01  -2.6330000e-01  -7.7500000e-01  -9.3267000e+00  -5.6309000e+00
   2.0000000e+00  -1.2090000e-01   5.7790000e-01  -2.8660000e-01   1.5830000e-01  -1.3425000e+00   5.7000000e-03  -4.1510000e-01  -8.7832000e+00  -6.7812000e+00
   2.0000000e+00  -1.1190000e-01   4.9780000e-01  -2.8410000e-01  -1.2330000e-01  -1.9707000e+00   3.0970000e-01   1.0580000e-01  -6.4342000e+00  -6.3184000e+00
   2.0000000e+00  -1.0160000e-01   4.1920000e-01  -2.5440000e-01  -3.9640000e-01  -1.6427000e+00   6.8670000e-01   1.2180000e-01  -4.9289000e+00  -4.9282000e+00
   2.0000000e+00  -8.4700000e-02   3.3020000e-01  -2.2670000e-01  -3.0350000e-01  -2.5394000e+00   5.5700000e-01   2.8500000e-02  -4.2759000e+00  -2.8444000e+00
   2.0000000e+00  -6.9400000e-02   1.9980000e-01  -1.9040000e-01  -8.7040000e-01  -3.1923000e+00   8.2710000e-01   5.7680000e-01  -3.7383000e+00  -2.5130000e+00
   2.0000000e+00  -5.7000000e-02   4.3100000e-02  -1.4620000e-01  -1.1082000e+00  -3.6644000e+00   2.7140000e-01   6.9610000e-01  -6.1680000e-01   5.6300000e-02
   2.0000000e+00  -3.9400000e-02  -1.0600000e-01  -7.7500000e-02  -1.6672000e+00  -2.3490000e+00   1.0552000e+00   7.5950000e-01  -6.2640000e-01   2.6760000e+00
   2.0000000e+00   9.2000000e-03  -1.8840000e-01  -1.1700000e-02  -9.6390000e-01  -1.6619000e+00   8.8330000e-01  -3.2020000e-01   1.5870000e+00   4.9967000e+00
   2.0000000e+00   5.1600000e-02  -2.7820000e-01   2.7900000e-02  -1.1665000e+00  -1.8978000e+00   1.1351000e+00   5.7960000e-01   2.1170000e-01   3.0312000e+00
   2.0000000e+00   1.0680000e-01  -3.6670000e-01   7.9400000e-02  -9.6750000e-01  -2.2878000e+00   6.4070000e-01   1.3564000e+00   2.2248000e+00   3.9644000e+00
   2.0000000e+00   1.4250000e-01  -4.5110000e-01   1.0420000e-01  -4.3940000e-01  -1.0901000e+00   4.9490000e-01   1.6780000e-01   4.7061000e+00   6.6566000e+00
   2.0000000e+00   1.4870000e-01  -4.9630000e-01   1.0940000e-01  -1.0130000e-01  -9.9070000e-01  -2.1020000e-01   5.8890000e-01   5.7234000e+00   6.4035000e+00
   2.0000000e+00   1.2970000e-01  -5.2310000e-01   1.1250000e-01   1.7660000e-01  -3.9200000e-02  -5.9920000e-01   5.2640000e-01   5.6693000e+00   6.7070000e+00
   2.0000000e+00   9.1400000e-02  -5.1450000e-01   9.9500000e-02   6.9170000e-01   4.8790000e-01  -8.4640000e-01   7.7800000e-02   4.5570000e+00   7.5757000e+00
   2.0000000e+00   4.2600000e-02  -4.7960000e-01   7.4200000e-02   9.7360000e-01   1.3399000e+00  -9.8020000e-01   1.2530000e-01   3.5916000e+00   7.4704000e+00
   2.0000000e+00  -1.5500000e-02  -3.8630000e-01   2.7300000e-02   1.5652000e+00   3.2144000e+00  -1.0786000e+00  -2.7260000e-01   3.8614000e+00   8.6097000e+00
   2.0000000e+00  -7.1500000e-02  -2.0310000e-01  -4.9800000e-02   1.5404000e+00   4.0701000e+00  -9.3120000e-01   4.9850000e-01   5.0670000e-01   6.2642000e+00
   2.0000000e+00  -9.3500000e-02  -1.2700000e-02  -1.1810000e-01   1.5212000e+00   4.3893000e+00  -5.2840000e-01   5.8370000e-01  -2.0309000e+00   3.4164000e+00
   2.0000000e+00  -1.0250000e-01   1.7830000e-01  -1.9040000e-01   1.4690000e+00   3.6314000e+00  -9.1000000e-01   5.7810000e-01  -2.2673000e+00   1.3121000e+00
   2.0000000e+00  -1.0650000e-01   3.3020000e-01  -2.5850000e-01   1.1154000e+00   2.8412000e+00  -5.1180000e-01   3.9990000e-01  -5.7028000e+00  -2.2304000e+00
   2.0000000e+00  -9.5100000e-02   4.5620000e-01  -3.0400000e-01   7.7940000e-01   1.9713000e+00  -4.6270000e-01   4.3380000e-01  -6.1159000e+00  -4.4494000e+00
   2.0000000e+00  -8.8500000e-02   5.1190000e-01  -3.3890000e-01   5.2280000e-01   2.1020000e-01  -2.5310000e-01   2.9520000e-01  -7.1835000e+00  -5.7112000e+00
   2.0000000e+00  -8.5000000e-02   5.0450000e-01  -3.4950000e-01  -1.1000000e-01  -8.5940000e-01  -1.4050000e-01   7.8450000e-01  -7.0899000e+00  -6.8910000e+00
   2.0000000e+00  -9.1200000e-02   4.4410000e-01  -3.3580000e-01  -5.4440000e-01  -1.8773000e+00   1.7270000e-01   4.0590000e-01  -6.9972000e+00  -6.2195000e+00
   2.0000000e+00  -9.7000000e-02   3.4980000e-01  -3.0060000e-01  -8.9790000e-01  -2.4259000e+00   3.8630000e-01   4.4720000e-01  -5.3650000e+00  -4.7093000e+00
   2.0000000e+00  -1.0000000e-01   2.1790000e-01  -2.4610000e-01  -1.0775000e+00  -3.1641000e+00   4.3500000e-01   4.8300000e-02  -4.0441000e+00  -2.9068000e+00
   2.0000000e+00  -1.0070000e-01   5.8400000e-02  -1.9220000e-01  -1.2964000e+00  -3.8136000e+00   2.6700000e-01   4.2020000e-01  -2.6253000e+00  -9.5850000e-01
   2.0000000e+00  -9.9200000e-02  -1.1370000e-01  -1.3190000e-01  -1.2786000e+00  -3.2537000e+00   3.6660000e-01   1.0930000e-01  -1.0247000e+00   1.8611000e+00
   2.0000000e+00  -7.6300000e-02  -2.3980000e-01  -7.3300000e-02  -1.4578000e+00  -2.2057000e+00   4.7440000e-01   7.7680000e-01   2.7520000e-01   3.9490000e+00
   2.0000000e+00  -3.9000000e-02  -3.1860000e-01  -2.4000000e-03  -1.4767000e+00  -1.1878000e+00   8.5730000e-01  -2.0090000e-01   3.6840000e-01   4.9261000e+00
   2.0000000e+00   1.3300000e-02  -3.7490000e-01   4.6800000e-02  -9.6070000e-01  -7.1040000e-01   1.1203000e+00  -1.0476000e+00   6.0150000e-01   5.6124000e+00
   2.0000000e+00   6.9900000e-02  -4.1070000e-01   7.3100000e-02  -8.0400000e-01  -1.1239000e+00   1.1637000e+00   3.4500000e-02   8.1290000e-01   4.6426000e+00
   2.0000000e+00   1.1830000e-01  -4.5620000e-01   8.8400000e-02  -5.0500000e-01  -9.5220000e-01   7.5040000e-01   3.5140000e-01   2.8102000e+00   5.2152000e+00
   2.0000000e+00   1.3900000e-01  -5.0170000e-01   9.6200000e-02  -2.6220000e-01  -9.8940000e-01   1.8260000e-01   6.7050000e-01   3.8843000e+00   5.6716000e+00
   2.0000000e+00   1.3890000e-01  -5.1320000e-01   9.6700000e-02   2.3270000e-01   3.7510000e-01  -3.1370000e-01  -2.5560000e-01   6.0683000e+00   8.5424000e+00
   2.0000000e+00   1.0350000e-01  -4.9240000e-01   7.6100000e-02   8.6900000e-01   9.7870000e-01  -7.7320000e-01  -4.4450000e-01   5.2586000e+00   8.6144000e+00
   2.0000000e+00   5.5100000e-02  -4.0960000e-01   3.7800000e-02   1.1507000e+00   2.5509000e+00  -1.0142000e+00   9.9300000e-02   5.1686000e+00   8.0666000e+00
   2.0000000e+00  -4.7000000e-03  -2.9230000e-01  -1.4400000e-02   1.4231000e+00   3.0199000e+00  -1.1629000e+00   5.4200000e-02   2.7162000e+00   6.0314000e+00
   2.0000000e+00  -6.2100000e-02  -1.3350000e-01  -7.5900000e-02   8.6080000e-01   3.2336000e+00  -1.5122000e+00   1.7229000e+00   2.1585000e+00   2.5941000e+00
   2.0000000e+00  -1.1750000e-01   4.1000000e-03  -1.2250000e-01   9.6160000e-01   3.0346000e+00  -1.1246000e+00   4.6250000e-01  -9.0260000e-01   1.6610000e+00
   2.0000000e+00  -1.3270000e-01   1.5100000e-01  -1.7910000e-01   1.2770000e+00   3.1210000e+00  -2.5770000e-01  -1.1899000e+00  -4.0957000e+00   2.0033000e+00
   2.0000000e+00  -1.1770000e-01   2.7900000e-01  -2.4530000e-01   1.4922000e+00   2.0111000e+00  -4.1820000e-01  -2.7990000e-01  -3.8241000e+00  -7.3810000e-01
   2.0000000e+00  -9.9100000e-02   3.7680000e-01  -3.0170000e-01   9.0030000e-01   2.0071000e+00  -1.8140000e-01   6.0090000e-01  -3.9191000e+00  -3.1165000e+00
   2.0000000e+00  -7.9000000e-02   4.7120000e-01  -3.2200000e-01   5.9370000e-01   1.7342000e+00   1.8080000e-01  -3.1400000e-02  -5.2847000e+00  -4.2058000e+00
   2.0000000e+00  -6.1700000e-02   5.3700000e-01  -3.4220000e-01   2.5430000e-01   7.3110000e-01  -2.2190000e-01   7.3010000e-01  -5.0432000e+00  -5.6548000e+00
   2.0000000e+00  -6.1300000e-02   5.4930000e-01  -3.4220000e-01  -1.8280000e-01  -5.1620000e-01   1.4590000e-01   7.1340000e-01  -8.9527000e+00  -7.3046000e+00
   2.0000000e+00  -5.9600000e-02   4.9300000e-01  -3.1370000e-01  -7.1380000e-01  -2.1060000e+00   5.6160000e-01   9.5460000e-01  -9.0553000e+00  -6.8300000e+00
   2.0000000e+00  -6.3300000e-02   3.8180000e-01  -2.6230000e-01  -1.2940000e+00  -2.9968000e+00   5.6370000e-01   1.4743000e+00  -6.7802000e+00  -5.3818000e+00
   2.0000000e+00  -6.5400000e-02   2.3030000e-01  -1.9120000e-01  -1.3983000e+00  -3.2292000e+00   5.8640000e-01   8.0800000e-01  -3.7253000e+00  -1.2101000e+00
   2.0000000e+00  -7.3800000e-02   9.9700000e-02  -9.7900000e-02  -2.4147000e+00  -1.8615000e+00   8.7840000e-01   2.2581000e+00  -6.2660000e-01  -1.4009000e+00
   2.0000000e+00  -5.9700000e-02   2.1900000e-02  -1.3300000e-02  -1.1346000e+00  -2.4549000e+00   4.5480000e-01  -1.2635000e+00   2.4200000e-01   3.0458000e+00
   2.0000000e+00  -4.2100000e-02  -1.2950000e-01   5.0100000e-02  -1.8089000e+00  -2.6243000e+00   1.1263000e+00   3.7310000e-01  -1.5038000e+00   1.6912000e+00
   2.0000000e+00   1.8800000e-02  -2.4230000e-01   1.3270000e-01  -1.6973000e+00  -3.0023000e+00   1.1624000e+00   1.0447000e+00   8.4070000e-01   4.4349000e+00
   2.0000000e+00   7.7600000e-02  -3.7810000e-01   1.9570000e-01  -1.6335000e+00  -2.4599000e+00   1.4596000e+00   1.0410000e+00   9.0560000e-01   6.0481000e+00
   2.0000000e+00   1.5700000e-01  -4.7290000e-01   2.3810000e-01  -1.0449000e+00  -2.0381000e+00   1.4345000e+00   5.7350000e-01   1.7838000e+00   7.0620000e+00
   2.0000000e+00   2.0900000e-01  -5.5700000e-01   2.5140000e-01  -4.5550000e-01  -1.5534000e+00   3.8780000e-01   1.2719000e+00   5.4574000e+00   7.2192000e+00
   2.0000000e+00   2.1490000e-01  -5.8020000e-01   2.5760000e-01   3.2200000e-02   4.1920000e-01  -1.7300000e-01   1.5557000e+00   7.3981000e+00   8.8196000e+00
   2.0000000e+00   1.7940000e-01  -5.4690000e-01   2.4290000e-01   7.4340000e-01   8.5020000e-01  -1.1276000e+00   1.3925000e+00   5.9805000e+00   9.5672000e+00
   2.0000000e+00   1.1340000e-01  -5.0490000e-01   2.1690000e-01   1.0725000e+00   1.5780000e+00  -1.1883000e+00   1.5026000e+00   3.4436000e+00   8.4663000e+00
   2.0000000e+00   4.4600000e-02  -4.1590000e-01   1.7080000e-01   1.5133000e+00   2.4558000e+00  -1.4452000e+00   6.4510000e-01   3.0576000e+00   8.1958000e+00
   2.0000000e+00  -2.8800000e-02  -2.6780000e-01   1.0020000e-01   1.9668000e+00   4.3120000e+00  -1.4255000e+00   3.1470000e-01   2.8918000e+00   8.5462000e+00
   2.0000000e+00  -9.0000000e-02  -6.3100000e-02  -2.4000000e-03   2.1685000e+00   4.2578000e+00  -1.4685000e+00   8.8780000e-01  -1.3252000e+00   5.8448000e+00
   2.0000000e+00  -1.1320000e-01   1.4660000e-01  -1.0540000e-01   2.0482000e+00   5.2943000e+00  -7.9410000e-01   1.1048000e+00  -2.8605000e+00   3.2374000e+00
   2.0000000e+00  -1.0230000e-01   4.1310000e-01  -1.9950000e-01   1.6497000e+00   4.5516000e+00  -1.0309000e+00   1.4776000e+00  -4.1971000e+00   1.2090000e-01
   2.0000000e+00  -8.9700000e-02   5.7600000e-01  -2.8280000e-01   1.3563000e+00   2.4711000e+00  -9.5500000e-01   1.0572000e+00  -7.6690000e+00  -4.0459000e+00
   2.0000000e+00  -7.1100000e-02   6.7760000e-01  -3.3300000e-01   7.4910000e-01   1.6570000e+00  -3.3210000e-01   9.2720000e-01  -8.4543000e+00  -6.6979000e+00
   2.0000000e+00  -5.4400000e-02   7.3840000e-01  -3.5540000e-01   4.9390000e-01   7.4780000e-01  -2.4460000e-01   6.3570000e-01  -7.5819000e+00  -7.2679000e+00
   2.0000000e+00  -4.6300000e-02   7.5000000e-01  -3.6680000e-01  -2.9600000e-02  -4.8340000e-01  -1.0210000e-01   9.2700000e-01  -8.4115000e+00  -8.4528000e+00
   2.0000000e+00  -5.2000000e-02   7.1540000e-01  -3.5570000e-01  -4.1870000e-01  -1.1765000e+00   1.4510000e-01   6.1870000e-01  -8.5370000e+00  -8.1840000e+00
   2.0000000e+00  -6.2900000e-02   6.3770000e-01  -3.2750000e-01  -7.4870000e-01  -2.2378000e+00   3.3170000e-01   4.0720000e-01  -8.0399000e+00  -6.9473000e+00
   2.0000000e+00  -7.7300000e-02   5.1980000e-01  -2.8120000e-01  -1.0773000e+00  -3.0972000e+00   4.4000000e-01   4.3480000e-01  -6.9049000e+00  -5.4466000e+00
   2.0000000e+00  -9.4500000e-02   3.6720000e-01  -2.2420000e-01  -1.5581000e+00  -3.4137000e+00   5.8320000e-01   1.0101000e+00  -5.2730000e+00  -3.6092000e+00
   2.0000000e+00  -8.9300000e-02   2.4030000e-01  -1.3630000e-01  -1.6165000e+00  -1.9767000e+00   1.3612000e+00   4.3620000e-01  -3.4531000e+00  -3.8040000e-01
   2.0000000e+00  -5.4600000e-02   1.2040000e-01  -5.7000000e-02  -1.2930000e+00  -2.6814000e+00   1.5232000e+00   7.2480000e-01  -2.1197000e+00   1.4142000e+00
   2.0000000e+00   5.5000000e-03   2.3700000e-02   4.0300000e-02  -1.9707000e+00  -2.3650000e+00   1.7599000e+00   1.8449000e+00   3.5140000e-01   1.0557000e+00
   2.0000000e+00   5.6100000e-02  -1.4240000e-01   1.2310000e-01  -1.6182000e+00  -4.3266000e+00   1.2180000e+00   9.9830000e-01   4.5140000e-01   3.8184000e+00
   2.0000000e+00   1.2220000e-01  -3.2290000e-01   2.0080000e-01  -1.6171000e+00  -4.0054000e+00   1.1716000e+00   1.1298000e+00   9.2560000e-01   5.7096000e+00
   2.0000000e+00   1.8400000e-01  -4.6850000e-01   2.4860000e-01  -1.2783000e+00  -2.2550000e+00   1.3132000e+00   8.6270000e-01   3.0312000e+00   8.0334000e+00
   2.0000000e+00   2.2510000e-01  -5.4660000e-01   2.6570000e-01  -1.1060000e-01  -1.8449000e+00   1.7230000e-01   5.6200000e-01   5.4540000e+00   9.7488000e+00
   2.0000000e+00   2.2690000e-01  -6.1110000e-01   2.6380000e-01  -1.0700000e-01   1.4890000e-01  -5.0600000e-02   1.7872000e+00   5.7357000e+00   8.9155000e+00
   2.0000000e+00   1.9610000e-01  -5.7780000e-01   2.5380000e-01   9.4320000e-01   9.5630000e-01  -1.1538000e+00   1.1708000e+00   7.3125000e+00   1.1479600e+01
   2.0000000e+00   1.1610000e-01  -5.2880000e-01   2.1820000e-01   1.1807000e+00   1.5125000e+00  -1.3612000e+00   1.7993000e+00   3.4436000e+00   8.9919000e+00
   2.0000000e+00   4.4100000e-02  -4.3420000e-01   1.7890000e-01   1.3933000e+00   2.4877000e+00  -1.5074000e+00   1.1218000e+00   2.6530000e+00   8.2672000e+00
   2.0000000e+00  -3.2500000e-02  -3.1810000e-01   1.1610000e-01   1.8412000e+00   3.2461000e+00  -1.4539000e+00   2.6450000e-01   1.3188000e+00   7.9857000e+00
   2.0000000e+00  -9.5000000e-02  -1.4590000e-01   3.4800000e-02   1.7953000e+00   4.0131000e+00  -1.3742000e+00   7.8940000e-01  -5.8360000e-01   5.7077000e+00
   2.0000000e+00  -1.4020000e-01   2.2700000e-02  -6.0600000e-02   2.0223000e+00   3.3656000e+00  -1.3810000e+00   5.4690000e-01  -2.4032000e+00   3.4775000e+00
   2.0000000e+00  -1.6090000e-01   1.9730000e-01  -1.6310000e-01   1.6620000e+00   3.1302000e+00  -1.0450000e+00   4.8640000e-01  -4.4003000e+00  -1.6360000e-01
   2.0000000e+00  -1.6010000e-01   3.3590000e-01  -2.4040000e-01   1.3916000e+00   2.0475000e+00  -7.0470000e-01   1.7740000e-01  -6.4187000e+00  -3.0464000e+00
   2.0000000e+00  -1.4750000e-01   4.2310000e-01  -2.8830000e-01   6.0400000e-01   1.2349000e+00  -1.3240000e-01   3.8580000e-01  -7.0205000e+00  -5.3770000e+00
   2.0000000e+00  -1.3840000e-01   4.5450000e-01  -3.0840000e-01   4.4530000e-01  -2.1090000e-01  -2.6360000e-01  -3.1100000e-02  -6.5880000e+00  -6.1779000e+00
   2.0000000e+00  -1.4060000e-01   4.1870000e-01  -3.2210000e-01  -1.1780000e-01  -1.5810000e+00  -2.0270000e-01   1.2070000e-01  -6.5483000e+00  -6.9129000e+00
   2.0000000e+00  -1.4830000e-01   3.4260000e-01  -3.1010000e-01  -5.9580000e-01  -1.9875000e+00   1.0460000e-01  -7.6000000e-03  -5.8208000e+00  -6.0263000e+00
   2.0000000e+00  -1.5580000e-01   2.4440000e-01  -2.7220000e-01  -9.9180000e-01  -2.4126000e+00   3.0400000e-01  -1.2650000e-01  -5.1069000e+00  -4.4343000e+00
   2.0000000e+00  -1.5840000e-01   1.1750000e-01  -2.1390000e-01  -1.4443000e+00  -2.9577000e+00   4.1900000e-01   1.9890000e-01  -4.5787000e+00  -2.6417000e+00
   2.0000000e+00  -1.4450000e-01  -2.8700000e-02  -1.3560000e-01  -1.8172000e+00  -3.0783000e+00   1.0620000e+00   7.0600000e-01  -5.7149000e+00   4.6860000e-01
   2.0000000e+00  -1.0320000e-01  -2.0020000e-01  -2.4100000e-02  -2.5610000e+00  -3.7523000e+00   6.5100000e-01   1.9605000e+00  -3.3762000e+00   1.2234000e+00
   2.0000000e+00  -6.6600000e-02  -3.6850000e-01   7.6700000e-02  -2.5603000e+00  -4.1510000e+00   8.5340000e-01   8.5840000e-01  -3.1603000e+00   5.2750000e+00
   2.0000000e+00   1.6600000e-02  -5.4100000e-01   1.9270000e-01  -2.6968000e+00  -1.8717000e+00   1.3820000e+00   1.1574000e+00   4.7250000e-01   1.0442400e+01
   2.0000000e+00   9.4800000e-02  -6.4190000e-01   2.5470000e-01  -1.3399000e+00  -2.8880000e+00   6.4130000e-01  -1.7600000e-01   1.4005000e+00   1.2146400e+01
   2.0000000e+00   1.4260000e-01  -7.5340000e-01   2.8810000e-01  -1.2054000e+00  -1.9479000e+00   5.1540000e-01   5.0640000e-01   1.9272000e+00   1.0644000e+01
   2.0000000e+00   1.7090000e-01  -8.0900000e-01   3.1010000e-01  -3.9930000e-01  -7.9140000e-01  -4.7900000e-02  -2.1750000e-01   4.4713000e+00   1.2850300e+01
   2.0000000e+00   1.5500000e-01  -8.3260000e-01   3.1200000e-01   3.8190000e-01  -6.7300000e-02  -5.2420000e-01  -1.3170000e-01   3.4378000e+00   1.3087100e+01
   2.0000000e+00   1.0980000e-01  -8.2420000e-01   2.9930000e-01   9.1250000e-01   4.0870000e-01  -8.0290000e-01   2.5520000e-01   2.0354000e+00   1.2243000e+01
   2.0000000e+00   5.7700000e-02  -7.8910000e-01   2.7460000e-01   1.0963000e+00   1.4316000e+00  -6.4650000e-01   5.2180000e-01   6.1620000e-01   1.1358600e+01
   2.0000000e+00  -4.1000000e-03  -7.1030000e-01   2.3220000e-01   1.8784000e+00   1.9046000e+00  -9.2540000e-01  -1.9910000e-01   6.5440000e-01   1.1717300e+01
   2.0000000e+00  -8.1200000e-02  -6.0940000e-01   1.6410000e-01   2.1095000e+00   2.8600000e+00  -8.2800000e-01  -2.2460000e-01  -2.6120000e-01   1.0106200e+01
   2.0000000e+00  -1.4010000e-01  -4.3630000e-01   7.6200000e-02   2.3869000e+00   4.1787000e+00  -6.6230000e-01  -6.3080000e-01  -8.9170000e-01   9.2507000e+00
   2.0000000e+00  -1.8580000e-01  -2.3990000e-01  -3.4800000e-02   2.5859000e+00   4.3151000e+00  -7.0650000e-01  -1.1540000e-01  -2.0900000e+00   6.4168000e+00
   2.0000000e+00  -1.9090000e-01  -2.0000000e-03  -1.5270000e-01   2.6916000e+00   5.0027000e+00  -1.2300000e-02  -4.2000000e-01  -4.5423000e+00   3.9958000e+00
   2.0000000e+00  -1.5540000e-01   2.1050000e-01  -2.6920000e-01   2.2881000e+00   3.3890000e+00  -4.7800000e-02   1.1937000e+00  -6.6505000e+00  -1.2434000e+00
   2.0000000e+00  -1.1560000e-01   3.4790000e-01  -3.3930000e-01   1.2366000e+00   2.2045000e+00  -4.3000000e-03   1.5614000e+00  -6.2454000e+00  -4.8358000e+00
   2.0000000e+00  -8.2500000e-02   4.3080000e-01  -3.7400000e-01   7.9220000e-01   7.0790000e-01   5.8700000e-02   4.8660000e-01  -6.1684000e+00  -5.1461000e+00
   2.0000000e+00  -5.7300000e-02   4.5580000e-01  -3.9410000e-01   4.3700000e-01   1.5940000e-01   1.0180000e-01   3.6950000e-01  -4.6385000e+00  -6.0135000e+00
   2.0000000e+00  -5.2600000e-02   4.5350000e-01  -3.9090000e-01  -2.4540000e-01  -4.0220000e-01   1.4140000e-01   6.8980000e-01  -4.9711000e+00  -7.3370000e+00
   2.0000000e+00  -5.6300000e-02   4.1370000e-01  -3.6500000e-01  -8.5910000e-01  -1.6101000e+00   1.9920000e-01   4.7990000e-01  -5.9148000e+00  -7.3078000e+00
   2.0000000e+00  -7.4700000e-02   3.2600000e-01  -3.0590000e-01  -1.5867000e+00  -2.1310000e+00   3.6620000e-01   8.7030000e-01  -4.5869000e+00  -5.4706000e+00
   2.0000000e+00  -9.2900000e-02   2.0420000e-01  -2.3630000e-01  -1.5465000e+00  -3.1764000e+00   2.9860000e-01   8.4800000e-02  -4.4142000e+00  -2.2062000e+00
   2.0000000e+00  -1.0470000e-01   4.3000000e-02  -1.5850000e-01  -1.9700000e+00  -3.8361000e+00   2.3850000e-01   6.0000000e-01  -4.1835000e+00  -3.2990000e-01
   2.0000000e+00  -1.0580000e-01  -1.5620000e-01  -6.7200000e-02  -1.9610000e+00  -4.0256000e+00   3.8390000e-01  -1.9090000e-01  -3.6888000e+00   3.1036000e+00
   2.0000000e+00  -7.2000000e-02  -3.4560000e-01   3.1700000e-02  -2.4294000e+00  -3.4347000e+00   9.6220000e-01   2.5730000e-01  -2.8258000e+00   4.7910000e+00
   2.0000000e+00   1.3700000e-02  -4.5620000e-01   1.2650000e-01  -2.4826000e+00  -1.6179000e+00   1.7598000e+00   7.3210000e-01  -1.1562000e+00   7.3887000e+00
   2.0000000e+00   1.1160000e-01  -5.5390000e-01   1.9190000e-01  -1.5082000e+00  -2.3621000e+00   1.1612000e+00   4.3270000e-01   7.9320000e-01   9.6539000e+00
   2.0000000e+00   1.8000000e-01  -6.2850000e-01   2.2860000e-01  -1.1120000e+00  -9.0050000e-01   8.4940000e-01   1.1087000e+00   4.3254000e+00   1.0358800e+01
   2.0000000e+00   2.1120000e-01  -6.5610000e-01   2.4070000e-01  -2.8310000e-01  -3.4400000e-01   2.2320000e-01   7.1490000e-01   5.2233000e+00   1.1488600e+01
   2.0000000e+00   1.9960000e-01  -6.4790000e-01   2.3690000e-01   5.5580000e-01   7.7010000e-01  -5.8090000e-01   3.5770000e-01   6.7431000e+00   1.2205600e+01
   2.0000000e+00   1.4690000e-01  -5.9750000e-01   2.0530000e-01   1.1761000e+00   1.6006000e+00  -9.2990000e-01   3.6700000e-01   4.0264000e+00   1.0501400e+01
   2.0000000e+00   8.5400000e-02  -5.1590000e-01   1.5980000e-01   1.6181000e+00   2.4272000e+00  -1.0295000e+00   5.8440000e-01   2.1480000e+00   9.4237000e+00
   2.0000000e+00   2.1600000e-02  -4.0160000e-01   9.2900000e-02   1.8421000e+00   3.0176000e+00  -1.0157000e+00   5.2100000e-01   1.2178000e+00   8.4777000e+00
   2.0000000e+00  -3.6000000e-02  -2.4360000e-01   4.1000000e-03   2.1115000e+00   3.4925000e+00  -1.0735000e+00   5.6020000e-01   2.7000000e-02   7.0722000e+00
   2.0000000e+00  -6.8600000e-02  -8.1100000e-02  -9.1200000e-02   2.1409000e+00   4.1405000e+00  -6.3350000e-01   3.4490000e-01  -2.0970000e+00   4.6836000e+00
   2.0000000e+00  -6.9000000e-02   9.8700000e-02  -1.8880000e-01   2.2129000e+00   3.4438000e+00  -4.1550000e-01   2.9160000e-01  -4.0923000e+00   2.4177000e+00
   2.0000000e+00  -3.6600000e-02   2.6110000e-01  -2.8380000e-01   1.8462000e+00   3.4200000e+00   5.1600000e-02   6.5680000e-01  -4.7118000e+00  -7.7710000e-01
   2.0000000e+00  -7.3000000e-03   3.9350000e-01  -3.4230000e-01   1.1154000e+00   1.9649000e+00  -5.0180000e-01   1.5117000e+00  -4.2613000e+00  -4.4146000e+00
   2.0000000e+00   5.1000000e-03   4.5990000e-01  -3.8870000e-01   7.3200000e-01   6.4510000e-01  -3.1790000e-01   7.0390000e-01  -6.4330000e+00  -5.7059000e+00
   2.0000000e+00   5.4000000e-03   4.6420000e-01  -4.1180000e-01   1.2780000e-01  -4.7510000e-01  -4.8150000e-01   1.2197000e+00  -5.6200000e+00  -7.1081000e+00
   2.0000000e+00  -1.2300000e-02   4.3020000e-01  -4.1440000e-01  -5.2050000e-01  -1.2255000e+00  -2.7200000e-01   1.1835000e+00  -5.8267000e+00  -7.5904000e+00
   2.0000000e+00  -3.4000000e-02   3.6490000e-01  -3.8230000e-01  -9.2720000e-01  -1.7512000e+00   1.0910000e-01   2.2880000e-01  -5.6740000e+00  -5.6380000e+00
   2.0000000e+00  -5.0400000e-02   2.7820000e-01  -3.4390000e-01  -1.1825000e+00  -2.5149000e+00   5.4100000e-02   1.0510000e-01  -4.7983000e+00  -4.3908000e+00
   2.0000000e+00  -6.9300000e-02   1.4820000e-01  -2.7340000e-01  -1.7267000e+00  -2.9493000e+00   3.9080000e-01   5.5240000e-01  -4.8153000e+00  -3.1357000e+00
   2.0000000e+00  -7.4200000e-02  -1.3000000e-03  -1.9110000e-01  -1.7735000e+00  -3.0194000e+00   3.0890000e-01   6.5490000e-01  -2.4015000e+00   6.7340000e-01
   2.0000000e+00  -6.5800000e-02  -1.4300000e-01  -1.0590000e-01  -1.8475000e+00  -3.0599000e+00   3.9560000e-01   3.3260000e-01  -1.2919000e+00   3.2213000e+00
   2.0000000e+00  -4.9100000e-02  -2.8860000e-01  -2.4200000e-02  -1.7955000e+00  -2.7634000e+00   5.2210000e-01  -1.8540000e-01  -1.9850000e-01   5.5011000e+00
   2.0000000e+00  -7.5000000e-03  -3.9470000e-01   4.1100000e-02  -1.2579000e+00  -1.5318000e+00   7.2620000e-01  -1.1678000e+00   2.3247000e+00   8.3437000e+00
   2.0000000e+00   3.0600000e-02  -4.3400000e-01   7.2400000e-02  -4.4840000e-01  -5.3100000e-02   5.3080000e-01  -1.9478000e+00   5.0361000e+00   9.0143000e+00
   2.0000000e+00   4.5100000e-02  -4.3320000e-01   7.4800000e-02   1.6800000e-02   1.1940000e-01   1.6780000e-01  -2.2116000e+00   3.8099000e+00   7.3250000e+00
   2.0000000e+00   4.5900000e-02  -4.1580000e-01   5.8000000e-02   4.4370000e-01   9.1210000e-01  -1.0210000e-01  -2.4234000e+00   3.8389000e+00   6.7098000e+00
   2.0000000e+00   2.5800000e-02  -3.3800000e-01   2.4200000e-02   9.8500000e-01   2.2225000e+00  -3.9650000e-01  -2.2000000e+00   4.3368000e+00   7.9801000e+00
   2.0000000e+00  -3.9000000e-03  -2.4380000e-01  -3.2800000e-02   1.7620000e+00   2.2264000e+00  -7.2330000e-01  -2.2539000e+00   2.3254000e+00   7.0403000e+00
   2.0000000e+00  -3.3500000e-02  -1.1960000e-01  -1.3100000e-01   2.0865000e+00   2.8811000e+00  -5.5270000e-01  -1.3889000e+00   4.9240000e-01   4.8026000e+00
   2.0000000e+00  -4.1000000e-02   9.9000000e-03  -2.2070000e-01   1.9972000e+00   3.0723000e+00  -4.9750000e-01   8.4600000e-02  -1.1081000e+00   1.6895000e+00
   2.0000000e+00  -3.9600000e-02   1.4290000e-01  -3.0340000e-01   1.4614000e+00   2.4572000e+00  -5.1950000e-01   1.0893000e+00  -3.2926000e+00  -1.3203000e+00
   2.0000000e+00  -3.2200000e-02   2.3870000e-01  -3.6510000e-01   1.2936000e+00   1.6576000e+00  -3.9580000e-01   8.3980000e-01  -4.3232000e+00  -2.2056000e+00
   2.0000000e+00  -1.9700000e-02   2.9870000e-01  -4.1240000e-01   7.7770000e-01   8.8630000e-01  -2.0510000e-01   9.9930000e-01  -4.6765000e+00  -4.7119000e+00
   2.0000000e+00  -8.9000000e-03   3.2650000e-01  -4.3230000e-01   3.4170000e-01   1.3270000e-01   4.0000000e-02   7.2720000e-01  -4.6279000e+00  -5.4163000e+00
   2.0000000e+00   2.3000000e-03   3.2650000e-01  -4.3450000e-01   1.2480000e-01  -2.6400000e-01   2.3660000e-01  -1.6490000e-01  -3.7866000e+00  -4.7749000e+00
   2.0000000e+00   1.8500000e-02   3.1250000e-01  -4.3010000e-01   1.3980000e-01  -5.2060000e-01   4.3700000e-01  -8.0960000e-01  -2.9576000e+00  -3.8435000e+00
   2.0000000e+00   3.0500000e-02   2.6940000e-01  -4.1200000e-01  -6.1980000e-01  -1.6455000e+00   2.7790000e-01   6.2370000e-01  -1.8433000e+00  -5.2266000e+00
   2.0000000e+00   2.8300000e-02   1.7920000e-01  -3.6190000e-01  -1.3045000e+00  -2.1327000e+00   5.6720000e-01   6.8780000e-01  -1.5744000e+00  -3.8637000e+00
   2.0000000e+00   2.3300000e-02   7.7500000e-02  -2.8380000e-01  -1.8470000e+00  -2.6240000e+00   1.9140000e-01   1.1430000e+00  -4.9610000e-01  -2.6474000e+00
   2.0000000e+00   3.4000000e-03  -6.3300000e-02  -2.0370000e-01  -1.7795000e+00  -3.5472000e+00  -1.9680000e-01   8.0800000e-02  -1.6572000e+00   1.5110000e-01
   2.0000000e+00  -1.4200000e-02  -2.3220000e-01  -1.2920000e-01  -1.6877000e+00  -3.9993000e+00  -3.3660000e-01  -2.8330000e-01  -1.9450000e+00   2.6807000e+00
   2.0000000e+00  -1.7200000e-02  -4.0540000e-01  -5.0100000e-02  -1.9749000e+00  -3.4454000e+00  -8.6600000e-02   1.5410000e-01  -1.6032000e+00   4.6771000e+00
   2.0000000e+00   1.1600000e-02  -5.1340000e-01   1.2900000e-02  -8.7450000e-01  -1.4476000e+00   4.1500000e-01  -2.1679000e+00   5.6320000e-01   9.2647000e+00
   2.0000000e+00   3.1700000e-02  -5.9200000e-01   3.1900000e-02  -5.9230000e-01  -1.7719000e+00   2.2970000e-01  -1.3379000e+00   1.4140000e-01   8.1540000e+00
   2.0000000e+00   4.6600000e-02  -6.5530000e-01   4.2900000e-02  -2.2140000e-01  -1.1874000e+00   6.4500000e-02  -1.0839000e+00   5.7940000e-01   8.2021000e+00
   2.0000000e+00   4.7400000e-02  -6.9240000e-01   3.9800000e-02   6.6400000e-02  -2.1950000e-01   1.2270000e-01  -7.5790000e-01   3.0150000e-01   8.4853000e+00
   2.0000000e+00   4.5100000e-02  -6.7280000e-01   2.6300000e-02   3.0600000e-01   8.9000000e-01  -1.0300000e-02  -4.0200000e-01   8.2100000e-01   8.2504000e+00
   2.0000000e+00   3.1200000e-02  -6.3310000e-01   1.1200000e-02   4.3590000e-01   8.8030000e-01  -2.3750000e-01  -3.6750000e-01  -2.5230000e-01   6.9740000e+00
   2.0000000e+00   1.1800000e-02  -5.9290000e-01  -1.0000000e-02   5.9960000e-01   1.0685000e+00  -1.4970000e-01  -7.0390000e-01  -9.8010000e-01   6.5000000e+00
   2.0000000e+00  -4.5000000e-03  -5.4420000e-01  -3.3800000e-02   4.8960000e-01   1.0162000e+00  -2.4490000e-01  -3.8420000e-01  -7.9260000e-01   5.7521000e+00
